Calculated Z (nm)   Deflection (V)      
Extend Data
0.000000e+000       2.714421e-001       
4.892198e+000       2.776622e-001       
9.784396e+000       2.832313e-001       
1.467659e+001       2.890898e-001       
1.956879e+001       2.966841e-001       
2.446099e+001       3.041338e-001       
2.935319e+001       3.128130e-001       
3.424539e+001       3.220708e-001       
3.913758e+001       3.295928e-001       
4.402978e+001       3.359575e-001       
4.892198e+001       3.474575e-001       
5.381417e+001       3.530266e-001       
5.870637e+001       3.580895e-001       
6.359857e+001       3.661177e-001       
6.849077e+001       3.736397e-001       
7.338297e+001       3.787026e-001       
7.827516e+001       3.833315e-001       
8.316736e+001       3.882497e-001       
8.805956e+001       3.942528e-001       
9.295175e+001       3.973629e-001       
9.784395e+001       3.988094e-001       
1.027361e+002       3.981585e-001       
1.076283e+002       3.980862e-001       
1.125205e+002       3.995327e-001       
1.174127e+002       3.972182e-001       
1.223049e+002       3.935296e-001       
1.271971e+002       3.920107e-001       
1.320893e+002       3.894793e-001       
1.369815e+002       3.864416e-001       
1.418737e+002       3.849950e-001       
1.467659e+002       3.790642e-001       
1.516581e+002       3.711083e-001       
1.565503e+002       3.632247e-001       
1.614425e+002       3.567153e-001       
1.663347e+002       3.464449e-001       
1.712269e+002       3.369701e-001       
1.761191e+002       3.311840e-001       
1.810113e+002       3.215645e-001       
1.859035e+002       3.157784e-001       
1.907957e+002       3.085457e-001       
1.956879e+002       3.018917e-001       
2.005801e+002       2.944420e-001       
2.054723e+002       2.872093e-001       
2.103645e+002       2.825081e-001       
2.152567e+002       2.770836e-001       
2.201489e+002       2.715144e-001       
2.250411e+002       2.665962e-001       
2.299333e+002       2.634862e-001       
2.348255e+002       2.599422e-001       
2.397177e+002       2.571937e-001       
2.446098e+002       2.547346e-001       
2.495020e+002       2.542284e-001       
2.543942e+002       2.536497e-001       
2.592864e+002       2.513353e-001       
2.641786e+002       2.491655e-001       
2.690709e+002       2.500334e-001       
2.739631e+002       2.524925e-001       
2.788553e+002       2.539390e-001       
2.837475e+002       2.564705e-001       
2.886397e+002       2.582786e-001       
2.935319e+002       2.632692e-001       
2.984241e+002       2.655113e-001       
3.033163e+002       2.705019e-001       
3.082086e+002       2.763603e-001       
3.131008e+002       2.816402e-001       
3.179930e+002       2.856181e-001       
3.228852e+002       2.927062e-001       
3.277774e+002       2.987093e-001       
3.326696e+002       3.070992e-001       
3.375618e+002       3.125960e-001       
3.424540e+002       3.195394e-001       
3.473463e+002       3.264104e-001       
3.522385e+002       3.360299e-001       
3.571307e+002       3.401525e-001       
3.620229e+002       3.482531e-001       
3.669151e+002       3.579448e-001       
3.718073e+002       3.614888e-001       
3.766995e+002       3.670580e-001       
3.815917e+002       3.747970e-001       
3.864839e+002       3.787749e-001       
3.913762e+002       3.836208e-001       
3.962684e+002       3.862969e-001       
4.011606e+002       3.891900e-001       
4.060528e+002       3.905642e-001       
4.109450e+002       3.910705e-001       
4.158372e+002       3.918661e-001       
4.207294e+002       3.927340e-001       
4.256216e+002       3.878881e-001       
4.305139e+002       3.874541e-001       
4.354061e+002       3.831145e-001       
4.402983e+002       3.787026e-001       
4.451905e+002       3.737844e-001       
4.500827e+002       3.678536e-001       
4.549749e+002       3.629354e-001       
4.598671e+002       3.563536e-001       
4.647593e+002       3.490486e-001       
4.696516e+002       3.437688e-001       
4.745438e+002       3.368254e-001       
4.794360e+002       3.296651e-001       
4.843282e+002       3.229387e-001       
4.892204e+002       3.141872e-001       
4.941126e+002       3.079671e-001       
4.990048e+002       3.025426e-001       
5.038970e+002       2.958885e-001       
5.087892e+002       2.880049e-001       
5.136815e+002       2.800490e-001       
5.185737e+002       2.723823e-001       
5.234659e+002       2.657283e-001       
5.283581e+002       2.610271e-001       
5.332503e+002       2.571937e-001       
5.381425e+002       2.533604e-001       
5.430347e+002       2.495271e-001       
5.479269e+002       2.467064e-001       
5.528192e+002       2.457661e-001       
5.577114e+002       2.434517e-001       
5.626036e+002       2.454045e-001       
5.674958e+002       2.456215e-001       
5.723880e+002       2.464894e-001       
5.772802e+002       2.477913e-001       
5.821724e+002       2.514799e-001       
5.870646e+002       2.535051e-001       
5.919568e+002       2.589296e-001       
5.968491e+002       2.636308e-001       
6.017413e+002       2.692000e-001       
6.066335e+002       2.748415e-001       
6.115257e+002       2.821465e-001       
6.164179e+002       2.880049e-001       
6.213101e+002       2.975520e-001       
6.262023e+002       3.035552e-001       
6.310945e+002       3.133916e-001       
6.359868e+002       3.192500e-001       
6.408790e+002       3.261211e-001       
6.457712e+002       3.332814e-001       
6.506634e+002       3.410927e-001       
6.555556e+002       3.458663e-001       
6.604478e+002       3.541115e-001       
6.653400e+002       3.620675e-001       
6.702322e+002       3.659731e-001       
6.751245e+002       3.714699e-001       
6.800167e+002       3.766775e-001       
6.849089e+002       3.811617e-001       
6.898011e+002       3.847057e-001       
6.946933e+002       3.859353e-001       
6.995855e+002       3.893346e-001       
7.044777e+002       3.895516e-001       
7.093699e+002       3.896963e-001       
7.142621e+002       3.903472e-001       
7.191544e+002       3.899132e-001       
7.240466e+002       3.878881e-001       
7.289388e+002       3.839824e-001       
7.338310e+002       3.777623e-001       
7.387232e+002       3.760265e-001       
7.436154e+002       3.690832e-001       
7.485076e+002       3.642372e-001       
7.533998e+002       3.619951e-001       
7.582921e+002       3.547625e-001       
7.631843e+002       3.486147e-001       
7.680765e+002       3.438411e-001       
7.729687e+002       3.360299e-001       
7.778609e+002       3.301714e-001       
7.827531e+002       3.219985e-001       
7.876453e+002       3.168633e-001       
7.925375e+002       3.076778e-001       
7.974297e+002       3.019640e-001       
8.023220e+002       2.930678e-001       
8.072142e+002       2.845332e-001       
8.121064e+002       2.795427e-001       
8.169986e+002       2.726717e-001       
8.218908e+002       2.668132e-001       
8.267830e+002       2.616057e-001       
8.316752e+002       2.530711e-001       
8.365674e+002       2.496718e-001       
8.414597e+002       2.439580e-001       
8.463519e+002       2.389674e-001       
8.512441e+002       2.357850e-001       
8.561363e+002       2.342662e-001       
8.610285e+002       2.339046e-001       
8.659207e+002       2.326027e-001       
8.708129e+002       2.325303e-001       
8.757051e+002       2.318794e-001       
8.805974e+002       2.357850e-001       
8.854896e+002       2.401970e-001       
8.903818e+002       2.438133e-001       
8.952740e+002       2.479359e-001       
9.001662e+002       2.548793e-001       
9.050584e+002       2.622566e-001       
9.099506e+002       2.694170e-001       
9.148428e+002       2.778792e-001       
9.197350e+002       2.867754e-001       
9.246273e+002       2.950206e-001       
9.295195e+002       3.031935e-001       
9.344117e+002       3.118004e-001       
9.393039e+002       3.238790e-001       
9.441961e+002       3.337877e-001       
9.490883e+002       3.428286e-001       
9.539805e+002       3.518694e-001       
9.588727e+002       3.598977e-001       
9.637650e+002       3.666964e-001       
9.686572e+002       3.745077e-001       
9.735494e+002       3.823189e-001       
9.784416e+002       3.892623e-001       
9.833338e+002       3.922277e-001       
9.882260e+002       3.955547e-001       
9.931182e+002       4.003283e-001       
9.980104e+002       4.023534e-001       
1.002903e+003       4.038723e-001       
1.007795e+003       4.044509e-001       
1.012687e+003       4.066207e-001       
1.017579e+003       4.006176e-001       
1.022471e+003       3.964227e-001       
1.027364e+003       3.941082e-001       
1.032256e+003       3.894069e-001       
1.037148e+003       3.852843e-001       
1.042040e+003       3.805108e-001       
1.046932e+003       3.745800e-001       
1.051825e+003       3.670580e-001       
1.056717e+003       3.628631e-001       
1.061609e+003       3.553411e-001       
1.066501e+003       3.490486e-001       
1.071394e+003       3.429732e-001       
1.076286e+003       3.354512e-001       
1.081178e+003       3.297374e-001       
1.086070e+003       3.208413e-001       
1.090962e+003       3.154168e-001       
1.095855e+003       3.073885e-001       
1.100747e+003       3.008068e-001       
1.105639e+003       2.939357e-001       
1.110531e+003       2.867754e-001       
1.115423e+003       2.805553e-001       
1.120316e+003       2.766496e-001       
1.125208e+003       2.693446e-001       
1.130100e+003       2.645711e-001       
1.134992e+003       2.577724e-001       
1.139885e+003       2.536497e-001       
1.144777e+003       2.500334e-001       
1.149669e+003       2.460554e-001       
1.154561e+003       2.399800e-001       
1.159453e+003       2.362190e-001       
1.164346e+003       2.339769e-001       
1.169238e+003       2.320964e-001       
1.174130e+003       2.315901e-001       
1.179022e+003       2.274675e-001       
1.183914e+003       2.305052e-001       
1.188807e+003       2.328920e-001       
1.193699e+003       2.344832e-001       
1.198591e+003       2.375209e-001       
1.203483e+003       2.421498e-001       
1.208375e+003       2.489485e-001       
1.213268e+003       2.553856e-001       
1.218160e+003       2.616780e-001       
1.223052e+003       2.687660e-001       
1.227944e+003       2.803383e-001       
1.232837e+003       2.882942e-001       
1.237729e+003       2.977690e-001       
1.242621e+003       3.078948e-001       
1.247513e+003       3.180928e-001       
1.252405e+003       3.302437e-001       
1.257298e+003       3.374040e-001       
1.262190e+003       3.498442e-001       
1.267082e+003       3.601146e-001       
1.271974e+003       3.695894e-001       
1.276866e+003       3.778347e-001       
1.281759e+003       3.864416e-001       
1.286651e+003       3.920830e-001       
1.291543e+003       3.985924e-001       
1.296435e+003       4.039446e-001       
1.301328e+003       4.091522e-001       
1.306220e+003       4.080673e-001       
1.311112e+003       4.121899e-001       
1.316004e+003       4.128408e-001       
1.320896e+003       4.138534e-001       
1.325789e+003       4.121899e-001       
1.330681e+003       4.112496e-001       
1.335573e+003       4.076333e-001       
1.340465e+003       4.032937e-001       
1.345357e+003       3.972182e-001       
1.350250e+003       3.936019e-001       
1.355142e+003       3.847781e-001       
1.360034e+003       3.789919e-001       
1.364926e+003       3.713253e-001       
1.369818e+003       3.640203e-001       
1.374711e+003       3.302437e-001       
1.379603e+003       2.893068e-001       
1.384495e+003       4.711361e-001       
1.389387e+003       6.514466e-001       
1.394280e+003       8.285747e-001       
1.399172e+003       1.007511e+000       
1.404064e+003       1.180733e+000       
1.408956e+003       1.350990e+000       
1.413848e+003       1.528625e+000       
1.418741e+003       1.710237e+000       
1.423633e+003       1.901252e+000       
1.428525e+003       2.096679e+000       
1.433417e+003       2.278147e+000       
1.438309e+003       2.369784e+000       
1.443202e+003       2.369784e+000       
1.448094e+003       2.369784e+000       
1.452986e+003       2.369784e+000       
1.457878e+003       2.369784e+000       
1.462771e+003       2.369784e+000       
1.467663e+003       2.369784e+000       
1.472555e+003       2.369784e+000       
1.477447e+003       2.369784e+000       
1.482339e+003       2.369784e+000       
1.487232e+003       2.369784e+000       
1.492124e+003       2.369784e+000       
1.497016e+003       2.369784e+000       
1.501908e+003       2.369784e+000       
1.506800e+003       2.369784e+000       
1.511693e+003       2.369784e+000       
1.516585e+003       2.369784e+000       
1.521477e+003       2.369784e+000       
1.526369e+003       2.369784e+000       
1.531261e+003       2.369784e+000       
1.536154e+003       2.369784e+000       
1.541046e+003       2.369784e+000       
1.545938e+003       2.369784e+000       
1.550830e+003       2.369784e+000       
1.555723e+003       2.369784e+000       
1.560615e+003       2.369784e+000       
1.565507e+003       2.369784e+000       
1.570399e+003       2.369784e+000       
1.575291e+003       2.369784e+000       
1.580184e+003       2.369784e+000       
1.585076e+003       2.369784e+000       
1.589968e+003       2.369784e+000       
1.594860e+003       2.369784e+000       
1.599752e+003       2.369784e+000       
1.604645e+003       2.369784e+000       
1.609537e+003       2.369784e+000       
1.614429e+003       2.369784e+000       
1.619321e+003       2.369784e+000       
1.624214e+003       2.369784e+000       
1.629106e+003       2.369784e+000       
1.633998e+003       2.369784e+000       
1.638890e+003       2.369784e+000       
1.643782e+003       2.369784e+000       
1.648675e+003       2.369784e+000       
1.653567e+003       2.369784e+000       
1.658459e+003       2.369784e+000       
1.663351e+003       2.369784e+000       
1.668243e+003       2.369784e+000       
1.673136e+003       2.369784e+000       
1.678028e+003       2.369784e+000       
1.682920e+003       2.369784e+000       
1.687812e+003       2.369784e+000       
1.692704e+003       2.369784e+000       
1.697597e+003       2.369784e+000       
1.702489e+003       2.369784e+000       
1.707381e+003       2.369784e+000       
1.712273e+003       2.369784e+000       
1.717166e+003       2.369784e+000       
1.722058e+003       2.369784e+000       
1.726950e+003       2.369784e+000       
1.731842e+003       2.369784e+000       
1.736734e+003       2.369784e+000       
1.741627e+003       2.369784e+000       
1.746519e+003       2.369784e+000       
1.751411e+003       2.369784e+000       
1.756303e+003       2.369784e+000       
1.761195e+003       2.369784e+000       
1.766088e+003       2.369784e+000       
1.770980e+003       2.369784e+000       
1.775872e+003       2.369784e+000       
1.780764e+003       2.369784e+000       
1.785656e+003       2.369784e+000       
1.790549e+003       2.369784e+000       
1.795441e+003       2.369784e+000       
1.800333e+003       2.369784e+000       
1.805225e+003       2.369784e+000       
1.810118e+003       2.369784e+000       
1.815010e+003       2.369784e+000       
1.819902e+003       2.369784e+000       
1.824794e+003       2.369784e+000       
1.829686e+003       2.369784e+000       
1.834579e+003       2.369784e+000       
1.839471e+003       2.369784e+000       
1.844363e+003       2.369784e+000       
1.849255e+003       2.369784e+000       
1.854147e+003       2.369784e+000       
1.859040e+003       2.369784e+000       
1.863932e+003       2.369784e+000       
1.868824e+003       2.369784e+000       
1.873716e+003       2.369784e+000       
1.878609e+003       2.369784e+000       
1.883501e+003       2.369784e+000       
1.888393e+003       2.369784e+000       
1.893285e+003       2.369784e+000       
1.898177e+003       2.369784e+000       
1.903070e+003       2.369784e+000       
1.907962e+003       2.369784e+000       
1.912854e+003       2.369784e+000       
1.917746e+003       2.369784e+000       
1.922638e+003       2.369784e+000       
1.927531e+003       2.369784e+000       
1.932423e+003       2.369784e+000       
1.937315e+003       2.369784e+000       
1.942207e+003       2.369784e+000       
1.947099e+003       2.369784e+000       
1.951992e+003       2.369784e+000       
1.956884e+003       2.369784e+000       
1.961776e+003       2.369784e+000       
1.966668e+003       2.369784e+000       
1.971561e+003       2.369784e+000       
1.976453e+003       2.369784e+000       
1.981345e+003       2.369784e+000       
1.986237e+003       2.369784e+000       
1.991129e+003       2.369784e+000       
1.996022e+003       2.369784e+000       
2.000914e+003       2.369784e+000       
2.005806e+003       2.369784e+000       
2.010698e+003       2.369784e+000       
2.015590e+003       2.369784e+000       
2.020483e+003       2.369784e+000       
2.025375e+003       2.369784e+000       
2.030267e+003       2.369784e+000       
2.035159e+003       2.369784e+000       
2.040052e+003       2.369784e+000       
2.044944e+003       2.369784e+000       
2.049836e+003       2.369784e+000       
2.054728e+003       2.369784e+000       
2.059620e+003       2.369784e+000       
2.064512e+003       2.369784e+000       
2.069404e+003       2.369784e+000       
2.074296e+003       2.369784e+000       
2.079188e+003       2.369784e+000       
2.084081e+003       2.369784e+000       
2.088973e+003       2.369784e+000       
2.093865e+003       2.369784e+000       
2.098757e+003       2.369784e+000       
2.103649e+003       2.369784e+000       
2.108541e+003       2.369784e+000       
2.113433e+003       2.369784e+000       
2.118325e+003       2.369784e+000       
2.123217e+003       2.369784e+000       
2.128109e+003       2.369784e+000       
2.133001e+003       2.369784e+000       
2.137894e+003       2.369784e+000       
2.142786e+003       2.369784e+000       
2.147678e+003       2.369784e+000       
2.152570e+003       2.369784e+000       
2.157462e+003       2.369784e+000       
2.162354e+003       2.369784e+000       
2.167246e+003       2.369784e+000       
2.172138e+003       2.369784e+000       
2.177030e+003       2.369784e+000       
2.181922e+003       2.369784e+000       
2.186814e+003       2.369784e+000       
2.191707e+003       2.369784e+000       
2.196599e+003       2.369784e+000       
2.201491e+003       2.369784e+000       
2.206383e+003       2.369784e+000       
2.211275e+003       2.369784e+000       
2.216167e+003       2.369784e+000       
2.221059e+003       2.369784e+000       
2.225951e+003       2.369784e+000       
2.230843e+003       2.369784e+000       
2.235735e+003       2.369784e+000       
2.240627e+003       2.369784e+000       
2.245520e+003       2.369784e+000       
2.250412e+003       2.369784e+000       
2.255304e+003       2.369784e+000       
2.260196e+003       2.369784e+000       
2.265088e+003       2.369784e+000       
2.269980e+003       2.369784e+000       
2.274872e+003       2.369784e+000       
2.279764e+003       2.369784e+000       
2.284656e+003       2.369784e+000       
2.289548e+003       2.369784e+000       
2.294440e+003       2.369784e+000       
2.299333e+003       2.369784e+000       
2.304225e+003       2.369784e+000       
2.309117e+003       2.369784e+000       
2.314009e+003       2.369784e+000       
2.318901e+003       2.369784e+000       
2.323793e+003       2.369784e+000       
2.328685e+003       2.369784e+000       
2.333577e+003       2.369784e+000       
2.338469e+003       2.369784e+000       
2.343361e+003       2.369784e+000       
2.348253e+003       2.369784e+000       
2.353146e+003       2.369784e+000       
2.358038e+003       2.369784e+000       
2.362930e+003       2.369784e+000       
2.367822e+003       2.369784e+000       
2.372714e+003       2.369784e+000       
2.377606e+003       2.369784e+000       
2.382498e+003       2.369784e+000       
2.387390e+003       2.369784e+000       
2.392282e+003       2.369784e+000       
2.397174e+003       2.369784e+000       
2.402066e+003       2.369784e+000       
2.406958e+003       2.369784e+000       
2.411851e+003       2.369784e+000       
2.416743e+003       2.369784e+000       
2.421635e+003       2.369784e+000       
2.426527e+003       2.369784e+000       
2.431419e+003       2.369784e+000       
2.436311e+003       2.369784e+000       
2.441203e+003       2.369784e+000       
2.446095e+003       2.369784e+000       
2.450987e+003       2.369784e+000       
2.455879e+003       2.369784e+000       
2.460771e+003       2.369784e+000       
2.465664e+003       2.369784e+000       
2.470556e+003       2.369784e+000       
2.475448e+003       2.369784e+000       
2.480340e+003       2.369784e+000       
2.485232e+003       2.369784e+000       
2.490124e+003       2.369784e+000       
2.495016e+003       2.369784e+000       
2.499908e+003       2.369784e+000       

Retract Data
0.000000e+000       2.369784e+000       
4.892198e+000       2.369784e+000       
9.784396e+000       2.369784e+000       
1.467659e+001       2.369784e+000       
1.956879e+001       2.369784e+000       
2.446099e+001       2.369784e+000       
2.935319e+001       2.369784e+000       
3.424539e+001       2.369784e+000       
3.913758e+001       2.369784e+000       
4.402978e+001       2.369784e+000       
4.892198e+001       2.369784e+000       
5.381417e+001       2.369784e+000       
5.870637e+001       2.369784e+000       
6.359857e+001       2.369784e+000       
6.849077e+001       2.369784e+000       
7.338297e+001       2.369784e+000       
7.827516e+001       2.369784e+000       
8.316736e+001       2.369784e+000       
8.805956e+001       2.369784e+000       
9.295175e+001       2.369784e+000       
9.784395e+001       2.369784e+000       
1.027361e+002       2.369784e+000       
1.076283e+002       2.369784e+000       
1.125205e+002       2.369784e+000       
1.174127e+002       2.369784e+000       
1.223049e+002       2.369784e+000       
1.271971e+002       2.369784e+000       
1.320893e+002       2.369784e+000       
1.369815e+002       2.369784e+000       
1.418737e+002       2.369784e+000       
1.467659e+002       2.369784e+000       
1.516581e+002       2.369784e+000       
1.565503e+002       2.369784e+000       
1.614425e+002       2.369784e+000       
1.663347e+002       2.369784e+000       
1.712269e+002       2.369784e+000       
1.761191e+002       2.369784e+000       
1.810113e+002       2.369784e+000       
1.859035e+002       2.369784e+000       
1.907957e+002       2.369784e+000       
1.956879e+002       2.369784e+000       
2.005801e+002       2.369784e+000       
2.054723e+002       2.369784e+000       
2.103645e+002       2.369784e+000       
2.152567e+002       2.369784e+000       
2.201489e+002       2.369784e+000       
2.250411e+002       2.369784e+000       
2.299333e+002       2.369784e+000       
2.348255e+002       2.369784e+000       
2.397177e+002       2.369784e+000       
2.446098e+002       2.369784e+000       
2.495020e+002       2.369784e+000       
2.543942e+002       2.369784e+000       
2.592864e+002       2.369784e+000       
2.641786e+002       2.369784e+000       
2.690709e+002       2.369784e+000       
2.739631e+002       2.369784e+000       
2.788553e+002       2.369784e+000       
2.837475e+002       2.369784e+000       
2.886397e+002       2.369784e+000       
2.935319e+002       2.369784e+000       
2.984241e+002       2.369784e+000       
3.033163e+002       2.369784e+000       
3.082086e+002       2.369784e+000       
3.131008e+002       2.369784e+000       
3.179930e+002       2.369784e+000       
3.228852e+002       2.369784e+000       
3.277774e+002       2.369784e+000       
3.326696e+002       2.369784e+000       
3.375618e+002       2.369784e+000       
3.424540e+002       2.369784e+000       
3.473463e+002       2.369784e+000       
3.522385e+002       2.369784e+000       
3.571307e+002       2.369784e+000       
3.620229e+002       2.369784e+000       
3.669151e+002       2.369784e+000       
3.718073e+002       2.369784e+000       
3.766995e+002       2.369784e+000       
3.815917e+002       2.369784e+000       
3.864839e+002       2.369784e+000       
3.913762e+002       2.369784e+000       
3.962684e+002       2.369784e+000       
4.011606e+002       2.369784e+000       
4.060528e+002       2.369784e+000       
4.109450e+002       2.369784e+000       
4.158372e+002       2.369784e+000       
4.207294e+002       2.369784e+000       
4.256216e+002       2.369784e+000       
4.305139e+002       2.369784e+000       
4.354061e+002       2.369784e+000       
4.402983e+002       2.369784e+000       
4.451905e+002       2.369784e+000       
4.500827e+002       2.369784e+000       
4.549749e+002       2.369784e+000       
4.598671e+002       2.369784e+000       
4.647593e+002       2.369784e+000       
4.696516e+002       2.369784e+000       
4.745438e+002       2.369784e+000       
4.794360e+002       2.369784e+000       
4.843282e+002       2.369784e+000       
4.892204e+002       2.369784e+000       
4.941126e+002       2.369784e+000       
4.990048e+002       2.369784e+000       
5.038970e+002       2.369784e+000       
5.087892e+002       2.369784e+000       
5.136815e+002       2.369784e+000       
5.185737e+002       2.369784e+000       
5.234659e+002       2.369784e+000       
5.283581e+002       2.369784e+000       
5.332503e+002       2.369784e+000       
5.381425e+002       2.369784e+000       
5.430347e+002       2.369784e+000       
5.479269e+002       2.369784e+000       
5.528192e+002       2.369784e+000       
5.577114e+002       2.369784e+000       
5.626036e+002       2.369784e+000       
5.674958e+002       2.369784e+000       
5.723880e+002       2.369784e+000       
5.772802e+002       2.369784e+000       
5.821724e+002       2.369784e+000       
5.870646e+002       2.369784e+000       
5.919568e+002       2.369784e+000       
5.968491e+002       2.369784e+000       
6.017413e+002       2.369784e+000       
6.066335e+002       2.369784e+000       
6.115257e+002       2.369784e+000       
6.164179e+002       2.369784e+000       
6.213101e+002       2.369784e+000       
6.262023e+002       2.369784e+000       
6.310945e+002       2.369784e+000       
6.359868e+002       2.369784e+000       
6.408790e+002       2.369784e+000       
6.457712e+002       2.369784e+000       
6.506634e+002       2.369784e+000       
6.555556e+002       2.369784e+000       
6.604478e+002       2.369784e+000       
6.653400e+002       2.369784e+000       
6.702322e+002       2.369784e+000       
6.751245e+002       2.369784e+000       
6.800167e+002       2.369784e+000       
6.849089e+002       2.369784e+000       
6.898011e+002       2.369784e+000       
6.946933e+002       2.369784e+000       
6.995855e+002       2.369784e+000       
7.044777e+002       2.369784e+000       
7.093699e+002       2.369784e+000       
7.142621e+002       2.369784e+000       
7.191544e+002       2.369784e+000       
7.240466e+002       2.369784e+000       
7.289388e+002       2.369784e+000       
7.338310e+002       2.369784e+000       
7.387232e+002       2.369784e+000       
7.436154e+002       2.369784e+000       
7.485076e+002       2.369784e+000       
7.533998e+002       2.369784e+000       
7.582921e+002       2.369784e+000       
7.631843e+002       2.369784e+000       
7.680765e+002       2.369784e+000       
7.729687e+002       2.369784e+000       
7.778609e+002       2.369784e+000       
7.827531e+002       2.369784e+000       
7.876453e+002       2.369784e+000       
7.925375e+002       2.369784e+000       
7.974297e+002       2.369784e+000       
8.023220e+002       2.369784e+000       
8.072142e+002       2.369784e+000       
8.121064e+002       2.369784e+000       
8.169986e+002       2.369784e+000       
8.218908e+002       2.369784e+000       
8.267830e+002       2.369784e+000       
8.316752e+002       2.369784e+000       
8.365674e+002       2.369784e+000       
8.414597e+002       2.369784e+000       
8.463519e+002       2.369784e+000       
8.512441e+002       2.369784e+000       
8.561363e+002       2.369784e+000       
8.610285e+002       2.369784e+000       
8.659207e+002       2.369784e+000       
8.708129e+002       2.369784e+000       
8.757051e+002       2.369784e+000       
8.805974e+002       2.369784e+000       
8.854896e+002       2.369784e+000       
8.903818e+002       2.369784e+000       
8.952740e+002       2.369784e+000       
9.001662e+002       2.369784e+000       
9.050584e+002       2.369784e+000       
9.099506e+002       2.369784e+000       
9.148428e+002       2.369784e+000       
9.197350e+002       2.369784e+000       
9.246273e+002       2.369784e+000       
9.295195e+002       2.369784e+000       
9.344117e+002       2.369784e+000       
9.393039e+002       2.369784e+000       
9.441961e+002       2.369784e+000       
9.490883e+002       2.369784e+000       
9.539805e+002       2.369784e+000       
9.588727e+002       2.369784e+000       
9.637650e+002       2.369784e+000       
9.686572e+002       2.369784e+000       
9.735494e+002       2.369784e+000       
9.784416e+002       2.369784e+000       
9.833338e+002       2.369784e+000       
9.882260e+002       2.369784e+000       
9.931182e+002       2.369784e+000       
9.980104e+002       2.369784e+000       
1.002903e+003       2.369784e+000       
1.007795e+003       2.369784e+000       
1.012687e+003       2.369784e+000       
1.017579e+003       2.369784e+000       
1.022471e+003       2.369784e+000       
1.027364e+003       2.369784e+000       
1.032256e+003       2.369784e+000       
1.037148e+003       2.369784e+000       
1.042040e+003       2.369784e+000       
1.046932e+003       2.369784e+000       
1.051825e+003       2.369784e+000       
1.056717e+003       2.369784e+000       
1.061609e+003       2.369784e+000       
1.066501e+003       2.369784e+000       
1.071394e+003       2.369784e+000       
1.076286e+003       2.369784e+000       
1.081178e+003       2.369784e+000       
1.086070e+003       2.369784e+000       
1.090962e+003       2.369784e+000       
1.095855e+003       2.369784e+000       
1.100747e+003       2.369350e+000       
1.105639e+003       2.296662e+000       
1.110531e+003       2.139569e+000       
1.115423e+003       1.980811e+000       
1.120316e+003       1.815472e+000       
1.125208e+003       1.645939e+000       
1.130100e+003       1.475971e+000       
1.134992e+003       1.298554e+000       
1.139885e+003       1.116290e+000       
1.144777e+003       9.274453e-001       
1.149669e+003       7.375154e-001       
1.154561e+003       5.383999e-001       
1.159453e+003       3.376934e-001       
1.164346e+003       1.329365e-001       
1.169238e+003       -7.051853e-002      
1.174130e+003       1.430622e-001       
1.179022e+003       3.766051e-001       
1.183914e+003       3.872372e-001       
1.188807e+003       3.933126e-001       
1.193699e+003       4.000390e-001       
1.198591e+003       4.048125e-001       
1.203483e+003       4.098031e-001       
1.208375e+003       4.116836e-001       
1.213268e+003       4.124792e-001       
1.218160e+003       4.134918e-001       
1.223052e+003       4.137810e-001       
1.227944e+003       4.105987e-001       
1.232837e+003       4.092968e-001       
1.237729e+003       4.070547e-001       
1.242621e+003       4.014855e-001       
1.247513e+003       3.973629e-001       
1.252405e+003       3.916491e-001       
1.257298e+003       3.852843e-001       
1.262190e+003       3.745077e-001       
1.267082e+003       3.683599e-001       
1.271974e+003       3.582341e-001       
1.276866e+003       3.483977e-001       
1.281759e+003       3.371148e-001       
1.286651e+003       3.275676e-001       
1.291543e+003       3.195394e-001       
1.296435e+003       3.086904e-001       
1.301328e+003       2.979137e-001       
1.306220e+003       2.887282e-001       
1.311112e+003       2.793257e-001       
1.316004e+003       2.713698e-001       
1.320896e+003       2.632692e-001       
1.325789e+003       2.551686e-001       
1.330681e+003       2.503950e-001       
1.335573e+003       2.449705e-001       
1.340465e+003       2.405586e-001       
1.345357e+003       2.369423e-001       
1.350250e+003       2.342662e-001       
1.355142e+003       2.330366e-001       
1.360034e+003       2.310838e-001       
1.364926e+003       2.319517e-001       
1.369818e+003       2.326750e-001       
1.374711e+003       2.341939e-001       
1.379603e+003       2.349894e-001       
1.384495e+003       2.394014e-001       
1.389387e+003       2.424391e-001       
1.394280e+003       2.471403e-001       
1.399172e+003       2.515523e-001       
1.404064e+003       2.571214e-001       
1.408956e+003       2.626906e-001       
1.413848e+003       2.668855e-001       
1.418741e+003       2.725993e-001       
1.423633e+003       2.779515e-001       
1.428525e+003       2.824358e-001       
1.433417e+003       2.894515e-001       
1.438309e+003       2.950206e-001       
1.443202e+003       3.025426e-001       
1.448094e+003       3.087627e-001       
1.452986e+003       3.155614e-001       
1.457878e+003       3.195394e-001       
1.462771e+003       3.282186e-001       
1.467663e+003       3.336431e-001       
1.472555e+003       3.403695e-001       
1.477447e+003       3.486147e-001       
1.482339e+003       3.532436e-001       
1.487232e+003       3.604763e-001       
1.492124e+003       3.686492e-001       
1.497016e+003       3.740737e-001       
1.501908e+003       3.788472e-001       
1.506800e+003       3.849227e-001       
1.511693e+003       3.877434e-001       
1.516585e+003       3.928063e-001       
1.521477e+003       3.952654e-001       
1.526369e+003       3.988094e-001       
1.531261e+003       3.997497e-001       
1.536154e+003       4.008346e-001       
1.541046e+003       3.989541e-001       
1.545938e+003       3.967843e-001       
1.550830e+003       3.925170e-001       
1.555723e+003       3.920107e-001       
1.560615e+003       3.863692e-001       
1.565507e+003       3.804384e-001       
1.570399e+003       3.766051e-001       
1.575291e+003       3.689385e-001       
1.580184e+003       3.623568e-001       
1.585076e+003       3.534606e-001       
1.589968e+003       3.434072e-001       
1.594860e+003       3.350896e-001       
1.599752e+003       3.257595e-001       
1.604645e+003       3.159954e-001       
1.609537e+003       3.060143e-001       
1.614429e+003       2.985646e-001       
1.619321e+003       2.874986e-001       
1.624214e+003       2.795427e-001       
1.629106e+003       2.712251e-001       
1.633998e+003       2.657283e-001       
1.638890e+003       2.579170e-001       
1.643782e+003       2.531435e-001       
1.648675e+003       2.467064e-001       
1.653567e+003       2.416435e-001       
1.658459e+003       2.361467e-001       
1.663351e+003       2.373039e-001       
1.668243e+003       2.323134e-001       
1.673136e+003       2.322410e-001       
1.678028e+003       2.313008e-001       
1.682920e+003       2.320241e-001       
1.687812e+003       2.307945e-001       
1.692704e+003       2.357127e-001       
1.697597e+003       2.396907e-001       
1.702489e+003       2.435963e-001       
1.707381e+003       2.493101e-001       
1.712273e+003       2.561812e-001       
1.717166e+003       2.616057e-001       
1.722058e+003       2.668855e-001       
1.726950e+003       2.750584e-001       
1.731842e+003       2.817125e-001       
1.736734e+003       2.894515e-001       
1.741627e+003       2.960332e-001       
1.746519e+003       3.024703e-001       
1.751411e+003       3.113664e-001       
1.756303e+003       3.170803e-001       
1.761195e+003       3.243129e-001       
1.766088e+003       3.322689e-001       
1.770980e+003       3.381273e-001       
1.775872e+003       3.458663e-001       
1.780764e+003       3.508568e-001       
1.785656e+003       3.585958e-001       
1.790549e+003       3.625737e-001       
1.795441e+003       3.653222e-001       
1.800333e+003       3.720486e-001       
1.805225e+003       3.783410e-001       
1.810118e+003       3.808001e-001       
1.815010e+003       3.841994e-001       
1.819902e+003       3.869478e-001       
1.824794e+003       3.868755e-001       
1.829686e+003       3.867309e-001       
1.834579e+003       3.870925e-001       
1.839471e+003       3.851397e-001       
1.844363e+003       3.827529e-001       
1.849255e+003       3.819573e-001       
1.854147e+003       3.788472e-001       
1.859040e+003       3.751586e-001       
1.863932e+003       3.703850e-001       
1.868824e+003       3.674920e-001       
1.873716e+003       3.606209e-001       
1.878609e+003       3.546178e-001       
1.883501e+003       3.468065e-001       
1.888393e+003       3.423946e-001       
1.893285e+003       3.334261e-001       
1.898177e+003       3.261934e-001       
1.903070e+003       3.196840e-001       
1.907962e+003       3.122344e-001       
1.912854e+003       3.016747e-001       
1.917746e+003       2.966118e-001       
1.922638e+003       2.877156e-001       
1.927531e+003       2.805553e-001       
1.932423e+003       2.749861e-001       
1.937315e+003       2.681151e-001       
1.942207e+003       2.625459e-001       
1.947099e+003       2.579893e-001       
1.951992e+003       2.537944e-001       
1.956884e+003       2.492378e-001       
1.961776e+003       2.472850e-001       
1.966668e+003       2.451875e-001       
1.971561e+003       2.435240e-001       
1.976453e+003       2.441026e-001       
1.981345e+003       2.420051e-001       
1.986237e+003       2.414265e-001       
1.991129e+003       2.440303e-001       
1.996022e+003       2.476466e-001       
2.000914e+003       2.515523e-001       
2.005806e+003       2.539390e-001       
2.010698e+003       2.617503e-001       
2.015590e+003       2.685490e-001       
2.020483e+003       2.733949e-001       
2.025375e+003       2.799043e-001       
2.030267e+003       2.855458e-001       
2.035159e+003       2.923445e-001       
2.040052e+003       3.010237e-001       
2.044944e+003       3.087627e-001       
2.049836e+003       3.178035e-001       
2.054728e+003       3.262658e-001       
2.059620e+003       3.334261e-001       
2.064512e+003       3.405141e-001       
2.069404e+003       3.474575e-001       
2.074296e+003       3.538945e-001       
2.079188e+003       3.617058e-001       
2.084081e+003       3.653945e-001       
2.088973e+003       3.709636e-001       
2.093865e+003       3.760988e-001       
2.098757e+003       3.794259e-001       
2.103649e+003       3.818127e-001       
2.108541e+003       3.857906e-001       
2.113433e+003       3.875988e-001       
2.118325e+003       3.857183e-001       
2.123217e+003       3.874541e-001       
2.128109e+003       3.867309e-001       
2.133001e+003       3.861523e-001       
2.137894e+003       3.849227e-001       
2.142786e+003       3.805831e-001       
2.147678e+003       3.766775e-001       
2.152570e+003       3.716146e-001       
2.157462e+003       3.661177e-001       
2.162354e+003       3.584511e-001       
2.167246e+003       3.548348e-001       
2.172138e+003       3.473851e-001       
2.177030e+003       3.398632e-001       
2.181922e+003       3.325582e-001       
2.186814e+003       3.233004e-001       
2.191707e+003       3.167186e-001       
2.196599e+003       3.089797e-001       
2.201491e+003       3.024703e-001       
2.206383e+003       2.958162e-001       
2.211275e+003       2.894515e-001       
2.216167e+003       2.842439e-001       
2.221059e+003       2.793257e-001       
2.225951e+003       2.744798e-001       
2.230843e+003       2.679704e-001       
2.235735e+003       2.640648e-001       
2.240627e+003       2.600868e-001       
2.245520e+003       2.574107e-001       
2.250412e+003       2.548793e-001       
2.255304e+003       2.518416e-001       
2.260196e+003       2.516246e-001       
2.265088e+003       2.514799e-001       
2.269980e+003       2.522755e-001       
2.274872e+003       2.545176e-001       
2.279764e+003       2.531435e-001       
2.284656e+003       2.553856e-001       
2.289548e+003       2.600868e-001       
2.294440e+003       2.622566e-001       
2.299333e+003       2.668132e-001       
2.304225e+003       2.725993e-001       
2.309117e+003       2.762880e-001       
2.314009e+003       2.821465e-001       
2.318901e+003       2.881496e-001       
2.323793e+003       2.957439e-001       
2.328685e+003       3.029765e-001       
2.333577e+003       3.099922e-001       
2.338469e+003       3.172249e-001       
2.343361e+003       3.259041e-001       
2.348253e+003       3.342217e-001       
2.353146e+003       3.407311e-001       
2.358038e+003       3.484700e-001       
2.362930e+003       3.551241e-001       
2.367822e+003       3.635863e-001       
2.372714e+003       3.719039e-001       
2.377606e+003       3.771114e-001       
2.382498e+003       3.818127e-001       
2.387390e+003       3.870202e-001       
2.392282e+003       3.897686e-001       
2.397174e+003       3.930233e-001       
2.402066e+003       3.956271e-001       
2.406958e+003       3.963503e-001       
2.411851e+003       3.964227e-001       
2.416743e+003       3.990987e-001       
2.421635e+003       3.947591e-001       
2.426527e+003       3.918661e-001       
2.431419e+003       3.878158e-001       
2.436311e+003       3.829699e-001       
2.441203e+003       3.765328e-001       
2.446095e+003       3.690108e-001       
2.450987e+003       3.628631e-001       
2.455879e+003       3.558474e-001       
2.460771e+003       3.470958e-001       
2.465664e+003       3.378380e-001       
2.470556e+003       3.298098e-001       
2.475448e+003       3.206243e-001       
2.480340e+003       3.110771e-001       
2.485232e+003       3.017470e-001       
2.490124e+003       2.932124e-001       
2.495016e+003       2.852565e-001       
2.499908e+003       2.760710e-001       
