Calculated Z (nm)   Deflection (V)      
Extend Data
0.000000e+000       2.738289e-001       
4.892198e+000       2.839546e-001       
9.784396e+000       2.871370e-001       
1.467659e+001       2.948036e-001       
1.956879e+001       3.018917e-001       
2.446099e+001       3.096306e-001       
2.935319e+001       3.161400e-001       
3.424539e+001       3.260488e-001       
3.913758e+001       3.329198e-001       
4.402978e+001       3.415267e-001       
4.892198e+001       3.486870e-001       
5.381417e+001       3.559197e-001       
5.870637e+001       3.643096e-001       
6.359857e+001       3.698064e-001       
6.849077e+001       3.753032e-001       
7.338297e+001       3.831145e-001       
7.827516e+001       3.872372e-001       
8.316736e+001       3.920830e-001       
8.805956e+001       3.932403e-001       
9.295175e+001       3.970013e-001       
9.784395e+001       3.983032e-001       
1.027361e+002       3.977245e-001       
1.076283e+002       4.009069e-001       
1.125205e+002       3.995327e-001       
1.174127e+002       3.970736e-001       
1.223049e+002       3.959887e-001       
1.271971e+002       3.935296e-001       
1.320893e+002       3.896239e-001       
1.369815e+002       3.837655e-001       
1.418737e+002       3.806554e-001       
1.467659e+002       3.735674e-001       
1.516581e+002       3.664794e-001       
1.565503e+002       3.577279e-001       
1.614425e+002       3.516524e-001       
1.663347e+002       3.441304e-001       
1.712269e+002       3.390676e-001       
1.761191e+002       3.299544e-001       
1.810113e+002       3.229387e-001       
1.859035e+002       3.161400e-001       
1.907957e+002       3.097029e-001       
1.956879e+002       3.018193e-001       
2.005801e+002       2.954546e-001       
2.054723e+002       2.883666e-001       
2.103645e+002       2.809169e-001       
2.152567e+002       2.773729e-001       
2.201489e+002       2.725270e-001       
2.250411e+002       2.667409e-001       
2.299333e+002       2.639201e-001       
2.348255e+002       2.620396e-001       
2.397177e+002       2.579893e-001       
2.446098e+002       2.554579e-001       
2.495020e+002       2.535051e-001       
2.543942e+002       2.538667e-001       
2.592864e+002       2.511906e-001       
2.641786e+002       2.500334e-001       
2.690709e+002       2.529988e-001       
2.739631e+002       2.557472e-001       
2.788553e+002       2.566151e-001       
2.837475e+002       2.602315e-001       
2.886397e+002       2.618950e-001       
2.935319e+002       2.644987e-001       
2.984241e+002       2.668132e-001       
3.033163e+002       2.720207e-001       
3.082086e+002       2.772282e-001       
3.131008e+002       2.824358e-001       
3.179930e+002       2.882219e-001       
3.228852e+002       2.944420e-001       
3.277774e+002       3.021809e-001       
3.326696e+002       3.089797e-001       
3.375618e+002       3.157060e-001       
3.424540e+002       3.230110e-001       
3.473463e+002       3.314009e-001       
3.522385e+002       3.364638e-001       
3.571307e+002       3.427562e-001       
3.620229e+002       3.517971e-001       
3.669151e+002       3.586681e-001       
3.718073e+002       3.647436e-001       
3.766995e+002       3.716146e-001       
3.815917e+002       3.747246e-001       
3.864839e+002       3.808001e-001       
3.913762e+002       3.841994e-001       
3.962684e+002       3.865139e-001       
4.011606e+002       3.869478e-001       
4.060528e+002       3.898409e-001       
4.109450e+002       3.886113e-001       
4.158372e+002       3.885390e-001       
4.207294e+002       3.893346e-001       
4.256216e+002       3.892623e-001       
4.305139e+002       3.871648e-001       
4.354061e+002       3.824636e-001       
4.402983e+002       3.782686e-001       
4.451905e+002       3.755926e-001       
4.500827e+002       3.685769e-001       
4.549749e+002       3.633693e-001       
4.598671e+002       3.581618e-001       
4.647593e+002       3.502059e-001       
4.696516e+002       3.463726e-001       
4.745438e+002       3.387059e-001       
4.794360e+002       3.292311e-001       
4.843282e+002       3.201180e-001       
4.892204e+002       3.130299e-001       
4.941126e+002       3.055803e-001       
4.990048e+002       2.980583e-001       
5.038970e+002       2.932848e-001       
5.087892e+002       2.851842e-001       
5.136815e+002       2.783855e-001       
5.185737e+002       2.713698e-001       
5.234659e+002       2.649327e-001       
5.283581e+002       2.597252e-001       
5.332503e+002       2.556749e-001       
5.381425e+002       2.543730e-001       
5.430347e+002       2.508290e-001       
5.479269e+002       2.473573e-001       
5.528192e+002       2.461278e-001       
5.577114e+002       2.455491e-001       
5.626036e+002       2.462001e-001       
5.674958e+002       2.478636e-001       
5.723880e+002       2.492378e-001       
5.772802e+002       2.511906e-001       
5.821724e+002       2.563258e-001       
5.870646e+002       2.586403e-001       
5.919568e+002       2.635585e-001       
5.968491e+002       2.694893e-001       
6.017413e+002       2.755647e-001       
6.066335e+002       2.791811e-001       
6.115257e+002       2.886558e-001       
6.164179e+002       2.933571e-001       
6.213101e+002       3.021086e-001       
6.262023e+002       3.069545e-001       
6.310945e+002       3.165740e-001       
6.359868e+002       3.206966e-001       
6.408790e+002       3.295204e-001       
6.457712e+002       3.374764e-001       
6.506634e+002       3.431902e-001       
6.555556e+002       3.506398e-001       
6.604478e+002       3.562090e-001       
6.653400e+002       3.619228e-001       
6.702322e+002       3.700957e-001       
6.751245e+002       3.720486e-001       
6.800167e+002       3.784856e-001       
6.849089e+002       3.812340e-001       
6.898011e+002       3.856460e-001       
6.946933e+002       3.875988e-001       
6.995855e+002       3.877434e-001       
7.044777e+002       3.894069e-001       
7.093699e+002       3.874541e-001       
7.142621e+002       3.860799e-001       
7.191544e+002       3.840548e-001       
7.240466e+002       3.842718e-001       
7.289388e+002       3.808001e-001       
7.338310e+002       3.785580e-001       
7.387232e+002       3.730611e-001       
7.436154e+002       3.679259e-001       
7.485076e+002       3.656838e-001       
7.533998e+002       3.588851e-001       
7.582921e+002       3.525203e-001       
7.631843e+002       3.491210e-001       
7.680765e+002       3.410927e-001       
7.729687e+002       3.351619e-001       
7.778609e+002       3.290865e-001       
7.827531e+002       3.204073e-001       
7.876453e+002       3.151274e-001       
7.925375e+002       3.075331e-001       
7.974297e+002       2.997942e-001       
8.023220e+002       2.936464e-001       
8.072142e+002       2.823634e-001       
8.121064e+002       2.762880e-001       
8.169986e+002       2.699956e-001       
8.218908e+002       2.630522e-001       
8.267830e+002       2.595805e-001       
8.316752e+002       2.531435e-001       
8.365674e+002       2.467787e-001       
8.414597e+002       2.422944e-001       
8.463519e+002       2.379548e-001       
8.512441e+002       2.347725e-001       
8.561363e+002       2.349171e-001       
8.610285e+002       2.318071e-001       
8.659207e+002       2.318794e-001       
8.708129e+002       2.324580e-001       
8.757051e+002       2.357127e-001       
8.805974e+002       2.374486e-001       
8.854896e+002       2.404863e-001       
8.903818e+002       2.467064e-001       
8.952740e+002       2.535774e-001       
9.001662e+002       2.603761e-001       
9.050584e+002       2.664516e-001       
9.099506e+002       2.729610e-001       
9.148428e+002       2.804829e-001       
9.197350e+002       2.877156e-001       
9.246273e+002       2.988539e-001       
9.295195e+002       3.076778e-001       
9.344117e+002       3.169356e-001       
9.393039e+002       3.259041e-001       
9.441961e+002       3.331368e-001       
9.490883e+002       3.442751e-001       
9.539805e+002       3.530990e-001       
9.588727e+002       3.617782e-001       
9.637650e+002       3.690108e-001       
9.686572e+002       3.747970e-001       
9.735494e+002       3.827529e-001       
9.784416e+002       3.898409e-001       
9.833338e+002       3.933849e-001       
9.882260e+002       3.975799e-001       
9.931182e+002       4.000390e-001       
9.980104e+002       4.001836e-001       
1.002903e+003       4.028597e-001       
1.007795e+003       4.007623e-001       
1.012687e+003       3.992434e-001       
1.017579e+003       3.965673e-001       
1.022471e+003       3.938912e-001       
1.027364e+003       3.910705e-001       
1.032256e+003       3.860076e-001       
1.037148e+003       3.815233e-001       
1.042040e+003       3.764605e-001       
1.046932e+003       3.700957e-001       
1.051825e+003       3.629354e-001       
1.056717e+003       3.557750e-001       
1.061609e+003       3.498442e-001       
1.066501e+003       3.412374e-001       
1.071394e+003       3.352343e-001       
1.076286e+003       3.295928e-001       
1.081178e+003       3.211305e-001       
1.086070e+003       3.157060e-001       
1.090962e+003       3.086180e-001       
1.095855e+003       3.038445e-001       
1.100747e+003       2.984200e-001       
1.105639e+003       2.910427e-001       
1.110531e+003       2.852565e-001       
1.115423e+003       2.806276e-001       
1.120316e+003       2.752031e-001       
1.125208e+003       2.679704e-001       
1.130100e+003       2.616780e-001       
1.134992e+003       2.580617e-001       
1.139885e+003       2.517692e-001       
1.144777e+003       2.498887e-001       
1.149669e+003       2.436687e-001       
1.154561e+003       2.393291e-001       
1.159453e+003       2.373762e-001       
1.164346e+003       2.340492e-001       
1.169238e+003       2.326027e-001       
1.174130e+003       2.297819e-001       
1.179022e+003       2.298543e-001       
1.183914e+003       2.271058e-001       
1.188807e+003       2.307945e-001       
1.193699e+003       2.338322e-001       
1.198591e+003       2.386058e-001       
1.203483e+003       2.430900e-001       
1.208375e+003       2.502504e-001       
1.213268e+003       2.556749e-001       
1.218160e+003       2.633415e-001       
1.223052e+003       2.718037e-001       
1.227944e+003       2.797597e-001       
1.232837e+003       2.876433e-001       
1.237729e+003       2.991432e-001       
1.242621e+003       3.102815e-001       
1.247513e+003       3.203349e-001       
1.252405e+003       3.306054e-001       
1.257298e+003       3.405141e-001       
1.262190e+003       3.493380e-001       
1.267082e+003       3.593191e-001       
1.271974e+003       3.693725e-001       
1.276866e+003       3.794259e-001       
1.281759e+003       3.874541e-001       
1.286651e+003       3.936019e-001       
1.291543e+003       4.012685e-001       
1.296435e+003       4.045232e-001       
1.301328e+003       4.071993e-001       
1.306220e+003       4.098031e-001       
1.311112e+003       4.115389e-001       
1.316004e+003       4.111050e-001       
1.320896e+003       4.109603e-001       
1.325789e+003       4.105264e-001       
1.330681e+003       4.086459e-001       
1.335573e+003       4.059698e-001       
1.340465e+003       4.017748e-001       
1.345357e+003       3.959163e-001       
1.350250e+003       3.919384e-001       
1.355142e+003       3.857906e-001       
1.360034e+003       3.758819e-001       
1.364926e+003       3.684322e-001       
1.369818e+003       3.591021e-001       
1.374711e+003       2.995049e-001       
1.379603e+003       3.163570e-001       
1.384495e+003       5.008624e-001       
1.389387e+003       6.782798e-001       
1.394280e+003       8.565651e-001       
1.399172e+003       1.035067e+000       
1.404064e+003       1.206988e+000       
1.408956e+003       1.374424e+000       
1.413848e+003       1.544030e+000       
1.418741e+003       1.719857e+000       
1.423633e+003       1.897563e+000       
1.428525e+003       2.076717e+000       
1.433417e+003       2.256665e+000       
1.438309e+003       2.369784e+000       
1.443202e+003       2.369784e+000       
1.448094e+003       2.369784e+000       
1.452986e+003       2.369784e+000       
1.457878e+003       2.369784e+000       
1.462771e+003       2.369784e+000       
1.467663e+003       2.369784e+000       
1.472555e+003       2.369784e+000       
1.477447e+003       2.369784e+000       
1.482339e+003       2.369784e+000       
1.487232e+003       2.369784e+000       
1.492124e+003       2.369784e+000       
1.497016e+003       2.369784e+000       
1.501908e+003       2.369784e+000       
1.506800e+003       2.369784e+000       
1.511693e+003       2.369784e+000       
1.516585e+003       2.369784e+000       
1.521477e+003       2.369784e+000       
1.526369e+003       2.369784e+000       
1.531261e+003       2.369784e+000       
1.536154e+003       2.369784e+000       
1.541046e+003       2.369784e+000       
1.545938e+003       2.369784e+000       
1.550830e+003       2.369784e+000       
1.555723e+003       2.369784e+000       
1.560615e+003       2.369784e+000       
1.565507e+003       2.369784e+000       
1.570399e+003       2.369784e+000       
1.575291e+003       2.369784e+000       
1.580184e+003       2.369784e+000       
1.585076e+003       2.369784e+000       
1.589968e+003       2.369784e+000       
1.594860e+003       2.369784e+000       
1.599752e+003       2.369784e+000       
1.604645e+003       2.369784e+000       
1.609537e+003       2.369784e+000       
1.614429e+003       2.369784e+000       
1.619321e+003       2.369784e+000       
1.624214e+003       2.369784e+000       
1.629106e+003       2.369784e+000       
1.633998e+003       2.369784e+000       
1.638890e+003       2.369784e+000       
1.643782e+003       2.369784e+000       
1.648675e+003       2.369784e+000       
1.653567e+003       2.369784e+000       
1.658459e+003       2.369784e+000       
1.663351e+003       2.369784e+000       
1.668243e+003       2.369784e+000       
1.673136e+003       2.369784e+000       
1.678028e+003       2.369784e+000       
1.682920e+003       2.369784e+000       
1.687812e+003       2.369784e+000       
1.692704e+003       2.369784e+000       
1.697597e+003       2.369784e+000       
1.702489e+003       2.369784e+000       
1.707381e+003       2.369784e+000       
1.712273e+003       2.369784e+000       
1.717166e+003       2.369784e+000       
1.722058e+003       2.369784e+000       
1.726950e+003       2.369784e+000       
1.731842e+003       2.369784e+000       
1.736734e+003       2.369784e+000       
1.741627e+003       2.369784e+000       
1.746519e+003       2.369784e+000       
1.751411e+003       2.369784e+000       
1.756303e+003       2.369784e+000       
1.761195e+003       2.369784e+000       
1.766088e+003       2.369784e+000       
1.770980e+003       2.369784e+000       
1.775872e+003       2.369784e+000       
1.780764e+003       2.369784e+000       
1.785656e+003       2.369784e+000       
1.790549e+003       2.369784e+000       
1.795441e+003       2.369784e+000       
1.800333e+003       2.369784e+000       
1.805225e+003       2.369784e+000       
1.810118e+003       2.369784e+000       
1.815010e+003       2.369784e+000       
1.819902e+003       2.369784e+000       
1.824794e+003       2.369784e+000       
1.829686e+003       2.369784e+000       
1.834579e+003       2.369784e+000       
1.839471e+003       2.369784e+000       
1.844363e+003       2.369784e+000       
1.849255e+003       2.369784e+000       
1.854147e+003       2.369784e+000       
1.859040e+003       2.369784e+000       
1.863932e+003       2.369784e+000       
1.868824e+003       2.369784e+000       
1.873716e+003       2.369784e+000       
1.878609e+003       2.369784e+000       
1.883501e+003       2.369784e+000       
1.888393e+003       2.369784e+000       
1.893285e+003       2.369784e+000       
1.898177e+003       2.369784e+000       
1.903070e+003       2.369784e+000       
1.907962e+003       2.369784e+000       
1.912854e+003       2.369784e+000       
1.917746e+003       2.369784e+000       
1.922638e+003       2.369784e+000       
1.927531e+003       2.369784e+000       
1.932423e+003       2.369784e+000       
1.937315e+003       2.369784e+000       
1.942207e+003       2.369784e+000       
1.947099e+003       2.369784e+000       
1.951992e+003       2.369784e+000       
1.956884e+003       2.369784e+000       
1.961776e+003       2.369784e+000       
1.966668e+003       2.369784e+000       
1.971561e+003       2.369784e+000       
1.976453e+003       2.369784e+000       
1.981345e+003       2.369784e+000       
1.986237e+003       2.369784e+000       
1.991129e+003       2.369784e+000       
1.996022e+003       2.369784e+000       
2.000914e+003       2.369784e+000       
2.005806e+003       2.369784e+000       
2.010698e+003       2.369784e+000       
2.015590e+003       2.369784e+000       
2.020483e+003       2.369784e+000       
2.025375e+003       2.369784e+000       
2.030267e+003       2.369784e+000       
2.035159e+003       2.369784e+000       
2.040052e+003       2.369784e+000       
2.044944e+003       2.369784e+000       
2.049836e+003       2.369784e+000       
2.054728e+003       2.369784e+000       
2.059620e+003       2.369784e+000       
2.064512e+003       2.369784e+000       
2.069404e+003       2.369784e+000       
2.074296e+003       2.369784e+000       
2.079188e+003       2.369784e+000       
2.084081e+003       2.369784e+000       
2.088973e+003       2.369784e+000       
2.093865e+003       2.369784e+000       
2.098757e+003       2.369784e+000       
2.103649e+003       2.369784e+000       
2.108541e+003       2.369784e+000       
2.113433e+003       2.369784e+000       
2.118325e+003       2.369784e+000       
2.123217e+003       2.369784e+000       
2.128109e+003       2.369784e+000       
2.133001e+003       2.369784e+000       
2.137894e+003       2.369784e+000       
2.142786e+003       2.369784e+000       
2.147678e+003       2.369784e+000       
2.152570e+003       2.369784e+000       
2.157462e+003       2.369784e+000       
2.162354e+003       2.369784e+000       
2.167246e+003       2.369784e+000       
2.172138e+003       2.369784e+000       
2.177030e+003       2.369784e+000       
2.181922e+003       2.369784e+000       
2.186814e+003       2.369784e+000       
2.191707e+003       2.369784e+000       
2.196599e+003       2.369784e+000       
2.201491e+003       2.369784e+000       
2.206383e+003       2.369784e+000       
2.211275e+003       2.369784e+000       
2.216167e+003       2.369784e+000       
2.221059e+003       2.369784e+000       
2.225951e+003       2.369784e+000       
2.230843e+003       2.369784e+000       
2.235735e+003       2.369784e+000       
2.240627e+003       2.369784e+000       
2.245520e+003       2.369784e+000       
2.250412e+003       2.369784e+000       
2.255304e+003       2.369784e+000       
2.260196e+003       2.369784e+000       
2.265088e+003       2.369784e+000       
2.269980e+003       2.369784e+000       
2.274872e+003       2.369784e+000       
2.279764e+003       2.369784e+000       
2.284656e+003       2.369784e+000       
2.289548e+003       2.369784e+000       
2.294440e+003       2.369784e+000       
2.299333e+003       2.369784e+000       
2.304225e+003       2.369784e+000       
2.309117e+003       2.369784e+000       
2.314009e+003       2.369784e+000       
2.318901e+003       2.369784e+000       
2.323793e+003       2.369784e+000       
2.328685e+003       2.369784e+000       
2.333577e+003       2.369784e+000       
2.338469e+003       2.369784e+000       
2.343361e+003       2.369784e+000       
2.348253e+003       2.369784e+000       
2.353146e+003       2.369784e+000       
2.358038e+003       2.369784e+000       
2.362930e+003       2.369784e+000       
2.367822e+003       2.369784e+000       
2.372714e+003       2.369784e+000       
2.377606e+003       2.369784e+000       
2.382498e+003       2.369784e+000       
2.387390e+003       2.369784e+000       
2.392282e+003       2.369784e+000       
2.397174e+003       2.369784e+000       
2.402066e+003       2.369784e+000       
2.406958e+003       2.369784e+000       
2.411851e+003       2.369784e+000       
2.416743e+003       2.369784e+000       
2.421635e+003       2.369784e+000       
2.426527e+003       2.369784e+000       
2.431419e+003       2.369784e+000       
2.436311e+003       2.369784e+000       
2.441203e+003       2.369784e+000       
2.446095e+003       2.369784e+000       
2.450987e+003       2.369784e+000       
2.455879e+003       2.369784e+000       
2.460771e+003       2.369784e+000       
2.465664e+003       2.369784e+000       
2.470556e+003       2.369784e+000       
2.475448e+003       2.369784e+000       
2.480340e+003       2.369784e+000       
2.485232e+003       2.369784e+000       
2.490124e+003       2.369784e+000       
2.495016e+003       2.369784e+000       
2.499908e+003       2.369784e+000       

Retract Data
0.000000e+000       2.369784e+000       
4.892198e+000       2.369784e+000       
9.784396e+000       2.369784e+000       
1.467659e+001       2.369784e+000       
1.956879e+001       2.369784e+000       
2.446099e+001       2.369784e+000       
2.935319e+001       2.369784e+000       
3.424539e+001       2.369784e+000       
3.913758e+001       2.369784e+000       
4.402978e+001       2.369784e+000       
4.892198e+001       2.369784e+000       
5.381417e+001       2.369784e+000       
5.870637e+001       2.369784e+000       
6.359857e+001       2.369784e+000       
6.849077e+001       2.369784e+000       
7.338297e+001       2.369784e+000       
7.827516e+001       2.369784e+000       
8.316736e+001       2.369784e+000       
8.805956e+001       2.369784e+000       
9.295175e+001       2.369784e+000       
9.784395e+001       2.369784e+000       
1.027361e+002       2.369784e+000       
1.076283e+002       2.369784e+000       
1.125205e+002       2.369784e+000       
1.174127e+002       2.369784e+000       
1.223049e+002       2.369784e+000       
1.271971e+002       2.369784e+000       
1.320893e+002       2.369784e+000       
1.369815e+002       2.369784e+000       
1.418737e+002       2.369784e+000       
1.467659e+002       2.369784e+000       
1.516581e+002       2.369784e+000       
1.565503e+002       2.369784e+000       
1.614425e+002       2.369784e+000       
1.663347e+002       2.369784e+000       
1.712269e+002       2.369784e+000       
1.761191e+002       2.369784e+000       
1.810113e+002       2.369784e+000       
1.859035e+002       2.369784e+000       
1.907957e+002       2.369784e+000       
1.956879e+002       2.369784e+000       
2.005801e+002       2.369784e+000       
2.054723e+002       2.369784e+000       
2.103645e+002       2.369784e+000       
2.152567e+002       2.369784e+000       
2.201489e+002       2.369784e+000       
2.250411e+002       2.369784e+000       
2.299333e+002       2.369784e+000       
2.348255e+002       2.369784e+000       
2.397177e+002       2.369784e+000       
2.446098e+002       2.369784e+000       
2.495020e+002       2.369784e+000       
2.543942e+002       2.369784e+000       
2.592864e+002       2.369784e+000       
2.641786e+002       2.369784e+000       
2.690709e+002       2.369784e+000       
2.739631e+002       2.369784e+000       
2.788553e+002       2.369784e+000       
2.837475e+002       2.369784e+000       
2.886397e+002       2.369784e+000       
2.935319e+002       2.369784e+000       
2.984241e+002       2.369784e+000       
3.033163e+002       2.369784e+000       
3.082086e+002       2.369784e+000       
3.131008e+002       2.369784e+000       
3.179930e+002       2.369784e+000       
3.228852e+002       2.369784e+000       
3.277774e+002       2.369784e+000       
3.326696e+002       2.369784e+000       
3.375618e+002       2.369784e+000       
3.424540e+002       2.369784e+000       
3.473463e+002       2.369784e+000       
3.522385e+002       2.369784e+000       
3.571307e+002       2.369784e+000       
3.620229e+002       2.369784e+000       
3.669151e+002       2.369784e+000       
3.718073e+002       2.369784e+000       
3.766995e+002       2.369784e+000       
3.815917e+002       2.369784e+000       
3.864839e+002       2.369784e+000       
3.913762e+002       2.369784e+000       
3.962684e+002       2.369784e+000       
4.011606e+002       2.369784e+000       
4.060528e+002       2.369784e+000       
4.109450e+002       2.369784e+000       
4.158372e+002       2.369784e+000       
4.207294e+002       2.369784e+000       
4.256216e+002       2.369784e+000       
4.305139e+002       2.369784e+000       
4.354061e+002       2.369784e+000       
4.402983e+002       2.369784e+000       
4.451905e+002       2.369784e+000       
4.500827e+002       2.369784e+000       
4.549749e+002       2.369784e+000       
4.598671e+002       2.369784e+000       
4.647593e+002       2.369784e+000       
4.696516e+002       2.369784e+000       
4.745438e+002       2.369784e+000       
4.794360e+002       2.369784e+000       
4.843282e+002       2.369784e+000       
4.892204e+002       2.369784e+000       
4.941126e+002       2.369784e+000       
4.990048e+002       2.369784e+000       
5.038970e+002       2.369784e+000       
5.087892e+002       2.369784e+000       
5.136815e+002       2.369784e+000       
5.185737e+002       2.369784e+000       
5.234659e+002       2.369784e+000       
5.283581e+002       2.369784e+000       
5.332503e+002       2.369784e+000       
5.381425e+002       2.369784e+000       
5.430347e+002       2.369784e+000       
5.479269e+002       2.369784e+000       
5.528192e+002       2.369784e+000       
5.577114e+002       2.369784e+000       
5.626036e+002       2.369784e+000       
5.674958e+002       2.369784e+000       
5.723880e+002       2.369784e+000       
5.772802e+002       2.369784e+000       
5.821724e+002       2.369784e+000       
5.870646e+002       2.369784e+000       
5.919568e+002       2.369784e+000       
5.968491e+002       2.369784e+000       
6.017413e+002       2.369784e+000       
6.066335e+002       2.369784e+000       
6.115257e+002       2.369784e+000       
6.164179e+002       2.369784e+000       
6.213101e+002       2.369784e+000       
6.262023e+002       2.369784e+000       
6.310945e+002       2.369784e+000       
6.359868e+002       2.369784e+000       
6.408790e+002       2.369784e+000       
6.457712e+002       2.369784e+000       
6.506634e+002       2.369784e+000       
6.555556e+002       2.369784e+000       
6.604478e+002       2.369784e+000       
6.653400e+002       2.369784e+000       
6.702322e+002       2.369784e+000       
6.751245e+002       2.369784e+000       
6.800167e+002       2.369784e+000       
6.849089e+002       2.369784e+000       
6.898011e+002       2.369784e+000       
6.946933e+002       2.369784e+000       
6.995855e+002       2.369784e+000       
7.044777e+002       2.369784e+000       
7.093699e+002       2.369784e+000       
7.142621e+002       2.369784e+000       
7.191544e+002       2.369784e+000       
7.240466e+002       2.369784e+000       
7.289388e+002       2.369784e+000       
7.338310e+002       2.369784e+000       
7.387232e+002       2.369784e+000       
7.436154e+002       2.369784e+000       
7.485076e+002       2.369784e+000       
7.533998e+002       2.369784e+000       
7.582921e+002       2.369784e+000       
7.631843e+002       2.369784e+000       
7.680765e+002       2.369784e+000       
7.729687e+002       2.369784e+000       
7.778609e+002       2.369784e+000       
7.827531e+002       2.369784e+000       
7.876453e+002       2.369784e+000       
7.925375e+002       2.369784e+000       
7.974297e+002       2.369784e+000       
8.023220e+002       2.369784e+000       
8.072142e+002       2.369784e+000       
8.121064e+002       2.369784e+000       
8.169986e+002       2.369784e+000       
8.218908e+002       2.369784e+000       
8.267830e+002       2.369784e+000       
8.316752e+002       2.369784e+000       
8.365674e+002       2.369784e+000       
8.414597e+002       2.369784e+000       
8.463519e+002       2.369784e+000       
8.512441e+002       2.369784e+000       
8.561363e+002       2.369784e+000       
8.610285e+002       2.369784e+000       
8.659207e+002       2.369784e+000       
8.708129e+002       2.369784e+000       
8.757051e+002       2.369784e+000       
8.805974e+002       2.369784e+000       
8.854896e+002       2.369784e+000       
8.903818e+002       2.369784e+000       
8.952740e+002       2.369784e+000       
9.001662e+002       2.369784e+000       
9.050584e+002       2.369784e+000       
9.099506e+002       2.369784e+000       
9.148428e+002       2.369784e+000       
9.197350e+002       2.369784e+000       
9.246273e+002       2.369784e+000       
9.295195e+002       2.369784e+000       
9.344117e+002       2.369784e+000       
9.393039e+002       2.369784e+000       
9.441961e+002       2.369784e+000       
9.490883e+002       2.369784e+000       
9.539805e+002       2.369784e+000       
9.588727e+002       2.369784e+000       
9.637650e+002       2.369784e+000       
9.686572e+002       2.369784e+000       
9.735494e+002       2.369784e+000       
9.784416e+002       2.369784e+000       
9.833338e+002       2.369784e+000       
9.882260e+002       2.369784e+000       
9.931182e+002       2.369784e+000       
9.980104e+002       2.369784e+000       
1.002903e+003       2.369784e+000       
1.007795e+003       2.369784e+000       
1.012687e+003       2.369784e+000       
1.017579e+003       2.369784e+000       
1.022471e+003       2.369784e+000       
1.027364e+003       2.369784e+000       
1.032256e+003       2.369784e+000       
1.037148e+003       2.369784e+000       
1.042040e+003       2.369784e+000       
1.046932e+003       2.369784e+000       
1.051825e+003       2.369784e+000       
1.056717e+003       2.369784e+000       
1.061609e+003       2.369784e+000       
1.066501e+003       2.369784e+000       
1.071394e+003       2.369784e+000       
1.076286e+003       2.369784e+000       
1.081178e+003       2.369784e+000       
1.086070e+003       2.369784e+000       
1.090962e+003       2.369784e+000       
1.095855e+003       2.369784e+000       
1.100747e+003       2.369784e+000       
1.105639e+003       2.325520e+000       
1.110531e+003       2.176817e+000       
1.115423e+003       2.010827e+000       
1.120316e+003       1.845777e+000       
1.125208e+003       1.680439e+000       
1.130100e+003       1.501936e+000       
1.134992e+003       1.321843e+000       
1.139885e+003       1.138350e+000       
1.144777e+003       9.466842e-001       
1.149669e+003       7.533549e-001       
1.154561e+003       5.559753e-001       
1.159453e+003       3.524480e-001       
1.164346e+003       1.461723e-001       
1.169238e+003       -4.910983e-002      
1.174130e+003       1.636753e-001       
1.179022e+003       3.754479e-001       
1.183914e+003       3.830422e-001       
1.188807e+003       3.909258e-001       
1.193699e+003       3.962780e-001       
1.198591e+003       4.024258e-001       
1.203483e+003       4.056081e-001       
1.208375e+003       4.099477e-001       
1.213268e+003       4.114666e-001       
1.218160e+003       4.127685e-001       
1.223052e+003       4.160232e-001       
1.227944e+003       4.171081e-001       
1.232837e+003       4.139980e-001       
1.237729e+003       4.100924e-001       
1.242621e+003       4.051018e-001       
1.247513e+003       3.985201e-001       
1.252405e+003       3.917214e-001       
1.257298e+003       3.846334e-001       
1.262190e+003       3.784856e-001       
1.267082e+003       3.669133e-001       
1.271974e+003       3.602593e-001       
1.276866e+003       3.504229e-001       
1.281759e+003       3.401525e-001       
1.286651e+003       3.289418e-001       
1.291543e+003       3.185991e-001       
1.296435e+003       3.091243e-001       
1.301328e+003       2.980583e-001       
1.306220e+003       2.885835e-001       
1.311112e+003       2.791087e-001       
1.316004e+003       2.707188e-001       
1.320896e+003       2.631245e-001       
1.325789e+003       2.574107e-001       
1.330681e+003       2.507567e-001       
1.335573e+003       2.434517e-001       
1.340465e+003       2.376655e-001       
1.345357e+003       2.341215e-001       
1.350250e+003       2.307222e-001       
1.355142e+003       2.280461e-001       
1.360034e+003       2.297096e-001       
1.364926e+003       2.273951e-001       
1.369818e+003       2.297096e-001       
1.374711e+003       2.313731e-001       
1.379603e+003       2.331813e-001       
1.384495e+003       2.378102e-001       
1.389387e+003       2.409202e-001       
1.394280e+003       2.436687e-001       
1.399172e+003       2.525648e-001       
1.404064e+003       2.577724e-001       
1.408956e+003       2.619673e-001       
1.413848e+003       2.671025e-001       
1.418741e+003       2.712975e-001       
1.423633e+003       2.780238e-001       
1.428525e+003       2.848226e-001       
1.433417e+003       2.912596e-001       
1.438309e+003       2.979137e-001       
1.443202e+003       3.039891e-001       
1.448094e+003       3.085457e-001       
1.452986e+003       3.163570e-001       
1.457878e+003       3.225771e-001       
1.462771e+003       3.296651e-001       
1.467663e+003       3.374764e-001       
1.472555e+003       3.451430e-001       
1.477447e+003       3.530266e-001       
1.482339e+003       3.583065e-001       
1.487232e+003       3.651052e-001       
1.492124e+003       3.708913e-001       
1.497016e+003       3.740014e-001       
1.501908e+003       3.808001e-001       
1.506800e+003       3.870925e-001       
1.511693e+003       3.910705e-001       
1.516585e+003       3.968566e-001       
1.521477e+003       3.982308e-001       
1.526369e+003       4.022811e-001       
1.531261e+003       4.023534e-001       
1.536154e+003       4.009792e-001       
1.541046e+003       4.009792e-001       
1.545938e+003       3.986648e-001       
1.550830e+003       3.982308e-001       
1.555723e+003       3.951208e-001       
1.560615e+003       3.916491e-001       
1.565507e+003       3.852120e-001       
1.570399e+003       3.808724e-001       
1.575291e+003       3.722655e-001       
1.580184e+003       3.643819e-001       
1.585076e+003       3.583788e-001       
1.589968e+003       3.479638e-001       
1.594860e+003       3.396462e-001       
1.599752e+003       3.310393e-001       
1.604645e+003       3.213475e-001       
1.609537e+003       3.113664e-001       
1.614429e+003       3.026872e-001       
1.619321e+003       2.929231e-001       
1.624214e+003       2.850395e-001       
1.629106e+003       2.762157e-001       
1.633998e+003       2.675365e-001       
1.638890e+003       2.608824e-001       
1.643782e+003       2.556749e-001       
1.648675e+003       2.490932e-001       
1.653567e+003       2.425114e-001       
1.658459e+003       2.393291e-001       
1.663351e+003       2.345555e-001       
1.668243e+003       2.329643e-001       
1.673136e+003       2.307222e-001       
1.678028e+003       2.318794e-001       
1.682920e+003       2.296373e-001       
1.687812e+003       2.330366e-001       
1.692704e+003       2.349171e-001       
1.697597e+003       2.412819e-001       
1.702489e+003       2.446812e-001       
1.707381e+003       2.485145e-001       
1.712273e+003       2.542284e-001       
1.717166e+003       2.594359e-001       
1.722058e+003       2.666686e-001       
1.726950e+003       2.734672e-001       
1.731842e+003       2.808446e-001       
1.736734e+003       2.872093e-001       
1.741627e+003       2.944420e-001       
1.746519e+003       2.990709e-001       
1.751411e+003       3.065206e-001       
1.756303e+003       3.148381e-001       
1.761195e+003       3.218538e-001       
1.766088e+003       3.305330e-001       
1.770980e+003       3.368978e-001       
1.775872e+003       3.434795e-001       
1.780764e+003       3.496273e-001       
1.785656e+003       3.562813e-001       
1.790549e+003       3.615612e-001       
1.795441e+003       3.689385e-001       
1.800333e+003       3.729165e-001       
1.805225e+003       3.776900e-001       
1.810118e+003       3.783410e-001       
1.815010e+003       3.821020e-001       
1.819902e+003       3.844164e-001       
1.824794e+003       3.873095e-001       
1.829686e+003       3.887560e-001       
1.834579e+003       3.906365e-001       
1.839471e+003       3.899856e-001       
1.844363e+003       3.884667e-001       
1.849255e+003       3.857906e-001       
1.854147e+003       3.839824e-001       
1.859040e+003       3.782686e-001       
1.863932e+003       3.719762e-001       
1.868824e+003       3.674196e-001       
1.873716e+003       3.630800e-001       
1.878609e+003       3.567153e-001       
1.883501e+003       3.495550e-001       
1.888393e+003       3.427562e-001       
1.893285e+003       3.363915e-001       
1.898177e+003       3.291588e-001       
1.903070e+003       3.217092e-001       
1.907962e+003       3.124513e-001       
1.912854e+003       3.050740e-001       
1.917746e+003       2.967564e-001       
1.922638e+003       2.890898e-001       
1.927531e+003       2.829421e-001       
1.932423e+003       2.754201e-001       
1.937315e+003       2.692000e-001       
1.942207e+003       2.658730e-001       
1.947099e+003       2.604485e-001       
1.951992e+003       2.559642e-001       
1.956884e+003       2.504674e-001       
1.961776e+003       2.454045e-001       
1.966668e+003       2.430900e-001       
1.971561e+003       2.416435e-001       
1.976453e+003       2.414265e-001       
1.981345e+003       2.420051e-001       
1.986237e+003       2.423668e-001       
1.991129e+003       2.433793e-001       
1.996022e+003       2.467064e-001       
2.000914e+003       2.508290e-001       
2.005806e+003       2.544453e-001       
2.010698e+003       2.569768e-001       
2.015590e+003       2.649327e-001       
2.020483e+003       2.717314e-001       
2.025375e+003       2.756371e-001       
2.030267e+003       2.826527e-001       
2.035159e+003       2.925615e-001       
2.040052e+003       2.992156e-001       
2.044944e+003       3.078224e-001       
2.049836e+003       3.158507e-001       
2.054728e+003       3.236620e-001       
2.059620e+003       3.340770e-001       
2.064512e+003       3.396462e-001       
2.069404e+003       3.463002e-001       
2.074296e+003       3.527373e-001       
2.079188e+003       3.611995e-001       
2.084081e+003       3.699511e-001       
2.088973e+003       3.784856e-001       
2.093865e+003       3.804384e-001       
2.098757e+003       3.828252e-001       
2.103649e+003       3.847781e-001       
2.108541e+003       3.864416e-001       
2.113433e+003       3.886113e-001       
2.118325e+003       3.891177e-001       
2.123217e+003       3.889007e-001       
2.128109e+003       3.909982e-001       
2.133001e+003       3.873818e-001       
2.137894e+003       3.863692e-001       
2.142786e+003       3.815957e-001       
2.147678e+003       3.786303e-001       
2.152570e+003       3.737121e-001       
2.157462e+003       3.671303e-001       
2.162354e+003       3.628631e-001       
2.167246e+003       3.568600e-001       
2.172138e+003       3.491210e-001       
2.177030e+003       3.415990e-001       
2.181922e+003       3.334984e-001       
2.186814e+003       3.253255e-001       
2.191707e+003       3.167186e-001       
2.196599e+003       3.092690e-001       
2.201491e+003       3.039168e-001       
2.206383e+003       2.975520e-001       
2.211275e+003       2.875710e-001       
2.216167e+003       2.829421e-001       
2.221059e+003       2.746245e-001       
2.225951e+003       2.708635e-001       
2.230843e+003       2.634138e-001       
2.235735e+003       2.624736e-001       
2.240627e+003       2.568321e-001       
2.245520e+003       2.556749e-001       
2.250412e+003       2.545176e-001       
2.255304e+003       2.511183e-001       
2.260196e+003       2.509013e-001       
2.265088e+003       2.509013e-001       
2.269980e+003       2.494548e-001       
2.274872e+003       2.503227e-001       
2.279764e+003       2.522032e-001       
2.284656e+003       2.540837e-001       
2.289548e+003       2.566151e-001       
2.294440e+003       2.574831e-001       
2.299333e+003       2.644987e-001       
2.304225e+003       2.713698e-001       
2.309117e+003       2.736842e-001       
2.314009e+003       2.804829e-001       
2.318901e+003       2.880049e-001       
2.323793e+003       2.953822e-001       
2.328685e+003       3.032658e-001       
2.333577e+003       3.102815e-001       
2.338469e+003       3.194670e-001       
2.343361e+003       3.264827e-001       
2.348253e+003       3.339324e-001       
2.353146e+003       3.420330e-001       
2.358038e+003       3.500612e-001       
2.362930e+003       3.562813e-001       
2.367822e+003       3.654668e-001       
2.372714e+003       3.701681e-001       
2.377606e+003       3.762435e-001       
2.382498e+003       3.826082e-001       
2.387390e+003       3.862969e-001       
2.392282e+003       3.896963e-001       
2.397174e+003       3.947591e-001       
2.402066e+003       3.984478e-001       
2.406958e+003       3.991711e-001       
2.411851e+003       3.992434e-001       
2.416743e+003       3.993157e-001       
2.421635e+003       3.962057e-001       
2.426527e+003       3.931679e-001       
2.431419e+003       3.888283e-001       
2.436311e+003       3.821743e-001       
2.441203e+003       3.788472e-001       
2.446095e+003       3.695894e-001       
2.450987e+003       3.640203e-001       
2.455879e+003       3.561367e-001       
2.460771e+003       3.476745e-001       
2.465664e+003       3.394292e-001       
2.470556e+003       3.300267e-001       
2.475448e+003       3.184545e-001       
2.480340e+003       3.110771e-001       
2.485232e+003       3.015300e-001       
2.490124e+003       2.936464e-001       
2.495016e+003       2.866307e-001       
2.499908e+003       2.786025e-001       
