Calculated Z (nm)   Deflection (V)      
Extend Data
0.000000e+000       2.682597e-001       
4.892198e+000       2.743352e-001       
9.784396e+000       2.808446e-001       
1.467659e+001       2.885112e-001       
1.956879e+001       2.963225e-001       
2.446099e+001       3.047124e-001       
2.935319e+001       3.128853e-001       
3.424539e+001       3.208413e-001       
3.913758e+001       3.305330e-001       
4.402978e+001       3.377657e-001       
4.892198e+001       3.455046e-001       
5.381417e+001       3.540392e-001       
5.870637e+001       3.616335e-001       
6.359857e+001       3.672027e-001       
6.849077e+001       3.751586e-001       
7.338297e+001       3.800768e-001       
7.827516e+001       3.863692e-001       
8.316736e+001       3.896963e-001       
8.805956e+001       3.932403e-001       
9.295175e+001       3.961333e-001       
9.784395e+001       3.973629e-001       
1.027361e+002       3.983032e-001       
1.076283e+002       3.979415e-001       
1.125205e+002       3.964227e-001       
1.174127e+002       3.929510e-001       
1.223049e+002       3.905642e-001       
1.271971e+002       3.852843e-001       
1.320893e+002       3.835485e-001       
1.369815e+002       3.785580e-001       
1.418737e+002       3.736397e-001       
1.467659e+002       3.679982e-001       
1.516581e+002       3.644542e-001       
1.565503e+002       3.520864e-001       
1.614425e+002       3.467342e-001       
1.663347e+002       3.392122e-001       
1.712269e+002       3.303884e-001       
1.761191e+002       3.212029e-001       
1.810113e+002       3.140425e-001       
1.859035e+002       3.061589e-001       
1.907957e+002       2.995772e-001       
1.956879e+002       2.906810e-001       
2.005801e+002       2.859798e-001       
2.054723e+002       2.780962e-001       
2.103645e+002       2.731780e-001       
2.152567e+002       2.661622e-001       
2.201489e+002       2.632692e-001       
2.250411e+002       2.590742e-001       
2.299333e+002       2.550963e-001       
2.348255e+002       2.506844e-001       
2.397177e+002       2.477913e-001       
2.446098e+002       2.469234e-001       
2.495020e+002       2.464171e-001       
2.543942e+002       2.442473e-001       
2.592864e+002       2.426561e-001       
2.641786e+002       2.433793e-001       
2.690709e+002       2.430900e-001       
2.739631e+002       2.448259e-001       
2.788553e+002       2.472850e-001       
2.837475e+002       2.484422e-001       
2.886397e+002       2.533604e-001       
2.935319e+002       2.574107e-001       
2.984241e+002       2.613887e-001       
3.033163e+002       2.671025e-001       
3.082086e+002       2.716591e-001       
3.131008e+002       2.773729e-001       
3.179930e+002       2.840993e-001       
3.228852e+002       2.919829e-001       
3.277774e+002       2.979137e-001       
3.326696e+002       3.057973e-001       
3.375618e+002       3.150551e-001       
3.424540e+002       3.218538e-001       
3.473463e+002       3.295204e-001       
3.522385e+002       3.354512e-001       
3.571307e+002       3.446367e-001       
3.620229e+002       3.509291e-001       
3.669151e+002       3.567876e-001       
3.718073e+002       3.635863e-001       
3.766995e+002       3.687215e-001       
3.815917e+002       3.750139e-001       
3.864839e+002       3.805831e-001       
3.913762e+002       3.836932e-001       
3.962684e+002       3.877434e-001       
4.011606e+002       3.889007e-001       
4.060528e+002       3.894069e-001       
4.109450e+002       3.877434e-001       
4.158372e+002       3.907812e-001       
4.207294e+002       3.864416e-001       
4.256216e+002       3.871648e-001       
4.305139e+002       3.845611e-001       
4.354061e+002       3.808724e-001       
4.402983e+002       3.770391e-001       
4.451905e+002       3.708190e-001       
4.500827e+002       3.635863e-001       
4.549749e+002       3.566430e-001       
4.598671e+002       3.510738e-001       
4.647593e+002       3.470235e-001       
4.696516e+002       3.373317e-001       
4.745438e+002       3.298821e-001       
4.794360e+002       3.204796e-001       
4.843282e+002       3.136809e-001       
4.892204e+002       3.060866e-001       
4.941126e+002       2.967564e-001       
4.990048e+002       2.899577e-001       
5.038970e+002       2.834483e-001       
5.087892e+002       2.754201e-001       
5.136815e+002       2.677535e-001       
5.185737e+002       2.605208e-001       
5.234659e+002       2.556749e-001       
5.283581e+002       2.523479e-001       
5.332503e+002       2.473573e-001       
5.381425e+002       2.415712e-001       
5.430347e+002       2.420051e-001       
5.479269e+002       2.383888e-001       
5.528192e+002       2.371593e-001       
5.577114e+002       2.378102e-001       
5.626036e+002       2.364360e-001       
5.674958e+002       2.386058e-001       
5.723880e+002       2.426561e-001       
5.772802e+002       2.446089e-001       
5.821724e+002       2.483699e-001       
5.870646e+002       2.498887e-001       
5.919568e+002       2.556026e-001       
5.968491e+002       2.600868e-001       
6.017413e+002       2.652220e-001       
6.066335e+002       2.730333e-001       
6.115257e+002       2.794704e-001       
6.164179e+002       2.885112e-001       
6.213101e+002       2.978413e-001       
6.262023e+002       3.035552e-001       
6.310945e+002       3.117281e-001       
6.359868e+002       3.183098e-001       
6.408790e+002       3.275676e-001       
6.457712e+002       3.364638e-001       
6.506634e+002       3.458663e-001       
6.555556e+002       3.499889e-001       
6.604478e+002       3.562813e-001       
6.653400e+002       3.631524e-001       
6.702322e+002       3.694448e-001       
6.751245e+002       3.744353e-001       
6.800167e+002       3.793536e-001       
6.849089e+002       3.818127e-001       
6.898011e+002       3.850673e-001       
6.946933e+002       3.871648e-001       
6.995855e+002       3.896239e-001       
7.044777e+002       3.905642e-001       
7.093699e+002       3.904195e-001       
7.142621e+002       3.886837e-001       
7.191544e+002       3.877434e-001       
7.240466e+002       3.837655e-001       
7.289388e+002       3.819573e-001       
7.338310e+002       3.771114e-001       
7.387232e+002       3.717592e-001       
7.436154e+002       3.663347e-001       
7.485076e+002       3.609826e-001       
7.533998e+002       3.565706e-001       
7.582921e+002       3.515801e-001       
7.631843e+002       3.426116e-001       
7.680765e+002       3.365361e-001       
7.729687e+002       3.295204e-001       
7.778609e+002       3.199733e-001       
7.827531e+002       3.141872e-001       
7.876453e+002       3.068099e-001       
7.925375e+002       2.944420e-001       
7.974297e+002       2.888728e-001       
8.023220e+002       2.805553e-001       
8.072142e+002       2.745522e-001       
8.121064e+002       2.661622e-001       
8.169986e+002       2.592189e-001       
8.218908e+002       2.527095e-001       
8.267830e+002       2.451152e-001       
8.316752e+002       2.361467e-001       
8.365674e+002       2.331090e-001       
8.414597e+002       2.325303e-001       
8.463519e+002       2.269612e-001       
8.512441e+002       2.248637e-001       
8.561363e+002       2.226939e-001       
8.610285e+002       2.229832e-001       
8.659207e+002       2.234172e-001       
8.708129e+002       2.234895e-001       
8.757051e+002       2.277568e-001       
8.805974e+002       2.297819e-001       
8.854896e+002       2.346278e-001       
8.903818e+002       2.409202e-001       
8.952740e+002       2.469234e-001       
9.001662e+002       2.529265e-001       
9.050584e+002       2.603761e-001       
9.099506e+002       2.699232e-001       
9.148428e+002       2.791087e-001       
9.197350e+002       2.872817e-001       
9.246273e+002       2.979137e-001       
9.295195e+002       3.073162e-001       
9.344117e+002       3.160677e-001       
9.393039e+002       3.258318e-001       
9.441961e+002       3.346556e-001       
9.490883e+002       3.442751e-001       
9.539805e+002       3.527373e-001       
9.588727e+002       3.606209e-001       
9.637650e+002       3.693725e-001       
9.686572e+002       3.774007e-001       
9.735494e+002       3.847057e-001       
9.784416e+002       3.871648e-001       
9.833338e+002       3.933126e-001       
9.882260e+002       3.962057e-001       
9.931182e+002       3.989541e-001       
9.980104e+002       4.006899e-001       
1.002903e+003       4.030767e-001       
1.007795e+003       4.002559e-001       
1.012687e+003       3.995327e-001       
1.017579e+003       3.946868e-001       
1.022471e+003       3.911428e-001       
1.027364e+003       3.893346e-001       
1.032256e+003       3.839824e-001       
1.037148e+003       3.753756e-001       
1.042040e+003       3.700957e-001       
1.046932e+003       3.648882e-001       
1.051825e+003       3.585235e-001       
1.056717e+003       3.523034e-001       
1.061609e+003       3.432625e-001       
1.066501e+003       3.368254e-001       
1.071394e+003       3.308223e-001       
1.076286e+003       3.224324e-001       
1.081178e+003       3.155614e-001       
1.086070e+003       3.104985e-001       
1.090962e+003       3.041338e-001       
1.095855e+003       2.957439e-001       
1.100747e+003       2.911150e-001       
1.105639e+003       2.847502e-001       
1.110531e+003       2.770836e-001       
1.115423e+003       2.703572e-001       
1.120316e+003       2.637031e-001       
1.125208e+003       2.587126e-001       
1.130100e+003       2.501057e-001       
1.134992e+003       2.462001e-001       
1.139885e+003       2.396184e-001       
1.144777e+003       2.354234e-001       
1.149669e+003       2.315178e-001       
1.154561e+003       2.265272e-001       
1.159453e+003       2.224046e-001       
1.164346e+003       2.207411e-001       
1.169238e+003       2.182820e-001       
1.174130e+003       2.198732e-001       
1.179022e+003       2.199455e-001       
1.183914e+003       2.217537e-001       
1.188807e+003       2.248637e-001       
1.193699e+003       2.283354e-001       
1.198591e+003       2.329643e-001       
1.203483e+003       2.371593e-001       
1.208375e+003       2.432347e-001       
1.213268e+003       2.514076e-001       
1.218160e+003       2.593636e-001       
1.223052e+003       2.704295e-001       
1.227944e+003       2.796150e-001       
1.232837e+003       2.886558e-001       
1.237729e+003       3.005174e-001       
1.242621e+003       3.112218e-001       
1.247513e+003       3.217092e-001       
1.252405e+003       3.329921e-001       
1.257298e+003       3.452877e-001       
1.262190e+003       3.560643e-001       
1.267082e+003       3.641649e-001       
1.271974e+003       3.725548e-001       
1.276866e+003       3.825359e-001       
1.281759e+003       3.897686e-001       
1.286651e+003       3.962057e-001       
1.291543e+003       4.013409e-001       
1.296435e+003       4.092968e-001       
1.301328e+003       4.118282e-001       
1.306220e+003       4.142873e-001       
1.311112e+003       4.142150e-001       
1.316004e+003       4.171081e-001       
1.320896e+003       4.173250e-001       
1.325789e+003       4.132748e-001       
1.330681e+003       4.115389e-001       
1.335573e+003       4.086459e-001       
1.340465e+003       4.003283e-001       
1.345357e+003       3.943252e-001       
1.350250e+003       3.864416e-001       
1.355142e+003       3.805108e-001       
1.360034e+003       3.730611e-001       
1.364926e+003       3.634417e-001       
1.369818e+003       3.397185e-001       
1.374711e+003       2.428007e-001       
1.379603e+003       4.151553e-001       
1.384495e+003       5.898966e-001       
1.389387e+003       7.679649e-001       
1.394280e+003       9.419829e-001       
1.399172e+003       1.110793e+000       
1.404064e+003       1.278013e+000       
1.408956e+003       1.438867e+000       
1.413848e+003       1.610788e+000       
1.418741e+003       1.784661e+000       
1.423633e+003       1.965044e+000       
1.428525e+003       2.148031e+000       
1.433417e+003       2.317492e+000       
1.438309e+003       2.369784e+000       
1.443202e+003       2.369784e+000       
1.448094e+003       2.369784e+000       
1.452986e+003       2.369784e+000       
1.457878e+003       2.369784e+000       
1.462771e+003       2.369784e+000       
1.467663e+003       2.369784e+000       
1.472555e+003       2.369784e+000       
1.477447e+003       2.369784e+000       
1.482339e+003       2.369784e+000       
1.487232e+003       2.369784e+000       
1.492124e+003       2.369784e+000       
1.497016e+003       2.369784e+000       
1.501908e+003       2.369784e+000       
1.506800e+003       2.369784e+000       
1.511693e+003       2.369784e+000       
1.516585e+003       2.369784e+000       
1.521477e+003       2.369784e+000       
1.526369e+003       2.369784e+000       
1.531261e+003       2.369784e+000       
1.536154e+003       2.369784e+000       
1.541046e+003       2.369784e+000       
1.545938e+003       2.369784e+000       
1.550830e+003       2.369784e+000       
1.555723e+003       2.369784e+000       
1.560615e+003       2.369784e+000       
1.565507e+003       2.369784e+000       
1.570399e+003       2.369784e+000       
1.575291e+003       2.369784e+000       
1.580184e+003       2.369784e+000       
1.585076e+003       2.369784e+000       
1.589968e+003       2.369784e+000       
1.594860e+003       2.369784e+000       
1.599752e+003       2.369784e+000       
1.604645e+003       2.369784e+000       
1.609537e+003       2.369784e+000       
1.614429e+003       2.369784e+000       
1.619321e+003       2.369784e+000       
1.624214e+003       2.369784e+000       
1.629106e+003       2.369784e+000       
1.633998e+003       2.369784e+000       
1.638890e+003       2.369784e+000       
1.643782e+003       2.369784e+000       
1.648675e+003       2.369784e+000       
1.653567e+003       2.369784e+000       
1.658459e+003       2.369784e+000       
1.663351e+003       2.369784e+000       
1.668243e+003       2.369784e+000       
1.673136e+003       2.369784e+000       
1.678028e+003       2.369784e+000       
1.682920e+003       2.369784e+000       
1.687812e+003       2.369784e+000       
1.692704e+003       2.369784e+000       
1.697597e+003       2.369784e+000       
1.702489e+003       2.369784e+000       
1.707381e+003       2.369784e+000       
1.712273e+003       2.369784e+000       
1.717166e+003       2.369784e+000       
1.722058e+003       2.369784e+000       
1.726950e+003       2.369784e+000       
1.731842e+003       2.369784e+000       
1.736734e+003       2.369784e+000       
1.741627e+003       2.369784e+000       
1.746519e+003       2.369784e+000       
1.751411e+003       2.369784e+000       
1.756303e+003       2.369784e+000       
1.761195e+003       2.369784e+000       
1.766088e+003       2.369784e+000       
1.770980e+003       2.369784e+000       
1.775872e+003       2.369784e+000       
1.780764e+003       2.369784e+000       
1.785656e+003       2.369784e+000       
1.790549e+003       2.369784e+000       
1.795441e+003       2.369784e+000       
1.800333e+003       2.369784e+000       
1.805225e+003       2.369784e+000       
1.810118e+003       2.369784e+000       
1.815010e+003       2.369784e+000       
1.819902e+003       2.369784e+000       
1.824794e+003       2.369784e+000       
1.829686e+003       2.369784e+000       
1.834579e+003       2.369784e+000       
1.839471e+003       2.369784e+000       
1.844363e+003       2.369784e+000       
1.849255e+003       2.369784e+000       
1.854147e+003       2.369784e+000       
1.859040e+003       2.369784e+000       
1.863932e+003       2.369784e+000       
1.868824e+003       2.369784e+000       
1.873716e+003       2.369784e+000       
1.878609e+003       2.369784e+000       
1.883501e+003       2.369784e+000       
1.888393e+003       2.369784e+000       
1.893285e+003       2.369784e+000       
1.898177e+003       2.369784e+000       
1.903070e+003       2.369784e+000       
1.907962e+003       2.369784e+000       
1.912854e+003       2.369784e+000       
1.917746e+003       2.369784e+000       
1.922638e+003       2.369784e+000       
1.927531e+003       2.369784e+000       
1.932423e+003       2.369784e+000       
1.937315e+003       2.369784e+000       
1.942207e+003       2.369784e+000       
1.947099e+003       2.369784e+000       
1.951992e+003       2.369784e+000       
1.956884e+003       2.369784e+000       
1.961776e+003       2.369784e+000       
1.966668e+003       2.369784e+000       
1.971561e+003       2.369784e+000       
1.976453e+003       2.369784e+000       
1.981345e+003       2.369784e+000       
1.986237e+003       2.369784e+000       
1.991129e+003       2.369784e+000       
1.996022e+003       2.369784e+000       
2.000914e+003       2.369784e+000       
2.005806e+003       2.369784e+000       
2.010698e+003       2.369784e+000       
2.015590e+003       2.369784e+000       
2.020483e+003       2.369784e+000       
2.025375e+003       2.369784e+000       
2.030267e+003       2.369784e+000       
2.035159e+003       2.369784e+000       
2.040052e+003       2.369784e+000       
2.044944e+003       2.369784e+000       
2.049836e+003       2.369784e+000       
2.054728e+003       2.369784e+000       
2.059620e+003       2.369784e+000       
2.064512e+003       2.369784e+000       
2.069404e+003       2.369784e+000       
2.074296e+003       2.369784e+000       
2.079188e+003       2.369784e+000       
2.084081e+003       2.369784e+000       
2.088973e+003       2.369784e+000       
2.093865e+003       2.369784e+000       
2.098757e+003       2.369784e+000       
2.103649e+003       2.369784e+000       
2.108541e+003       2.369784e+000       
2.113433e+003       2.369784e+000       
2.118325e+003       2.369784e+000       
2.123217e+003       2.369784e+000       
2.128109e+003       2.369784e+000       
2.133001e+003       2.369784e+000       
2.137894e+003       2.369784e+000       
2.142786e+003       2.369784e+000       
2.147678e+003       2.369784e+000       
2.152570e+003       2.369784e+000       
2.157462e+003       2.369784e+000       
2.162354e+003       2.369784e+000       
2.167246e+003       2.369784e+000       
2.172138e+003       2.369784e+000       
2.177030e+003       2.369784e+000       
2.181922e+003       2.369784e+000       
2.186814e+003       2.369784e+000       
2.191707e+003       2.369784e+000       
2.196599e+003       2.369784e+000       
2.201491e+003       2.369784e+000       
2.206383e+003       2.369784e+000       
2.211275e+003       2.369784e+000       
2.216167e+003       2.369784e+000       
2.221059e+003       2.369784e+000       
2.225951e+003       2.369784e+000       
2.230843e+003       2.369784e+000       
2.235735e+003       2.369784e+000       
2.240627e+003       2.369784e+000       
2.245520e+003       2.369784e+000       
2.250412e+003       2.369784e+000       
2.255304e+003       2.369784e+000       
2.260196e+003       2.369784e+000       
2.265088e+003       2.369784e+000       
2.269980e+003       2.369784e+000       
2.274872e+003       2.369784e+000       
2.279764e+003       2.369784e+000       
2.284656e+003       2.369784e+000       
2.289548e+003       2.369784e+000       
2.294440e+003       2.369784e+000       
2.299333e+003       2.369784e+000       
2.304225e+003       2.369784e+000       
2.309117e+003       2.369784e+000       
2.314009e+003       2.369784e+000       
2.318901e+003       2.369784e+000       
2.323793e+003       2.369784e+000       
2.328685e+003       2.369784e+000       
2.333577e+003       2.369784e+000       
2.338469e+003       2.369784e+000       
2.343361e+003       2.369784e+000       
2.348253e+003       2.369784e+000       
2.353146e+003       2.369784e+000       
2.358038e+003       2.369784e+000       
2.362930e+003       2.369784e+000       
2.367822e+003       2.369784e+000       
2.372714e+003       2.369784e+000       
2.377606e+003       2.369784e+000       
2.382498e+003       2.369784e+000       
2.387390e+003       2.369784e+000       
2.392282e+003       2.369784e+000       
2.397174e+003       2.369784e+000       
2.402066e+003       2.369784e+000       
2.406958e+003       2.369784e+000       
2.411851e+003       2.369784e+000       
2.416743e+003       2.369784e+000       
2.421635e+003       2.369784e+000       
2.426527e+003       2.369784e+000       
2.431419e+003       2.369784e+000       
2.436311e+003       2.369784e+000       
2.441203e+003       2.369784e+000       
2.446095e+003       2.369784e+000       
2.450987e+003       2.369784e+000       
2.455879e+003       2.369784e+000       
2.460771e+003       2.369784e+000       
2.465664e+003       2.369784e+000       
2.470556e+003       2.369784e+000       
2.475448e+003       2.369784e+000       
2.480340e+003       2.369784e+000       
2.485232e+003       2.369784e+000       
2.490124e+003       2.369784e+000       
2.495016e+003       2.369784e+000       
2.499908e+003       2.369784e+000       

Retract Data
0.000000e+000       2.369784e+000       
4.892198e+000       2.369784e+000       
9.784396e+000       2.369784e+000       
1.467659e+001       2.369784e+000       
1.956879e+001       2.369784e+000       
2.446099e+001       2.369784e+000       
2.935319e+001       2.369784e+000       
3.424539e+001       2.369784e+000       
3.913758e+001       2.369784e+000       
4.402978e+001       2.369784e+000       
4.892198e+001       2.369784e+000       
5.381417e+001       2.369784e+000       
5.870637e+001       2.369784e+000       
6.359857e+001       2.369784e+000       
6.849077e+001       2.369784e+000       
7.338297e+001       2.369784e+000       
7.827516e+001       2.369784e+000       
8.316736e+001       2.369784e+000       
8.805956e+001       2.369784e+000       
9.295175e+001       2.369784e+000       
9.784395e+001       2.369784e+000       
1.027361e+002       2.369784e+000       
1.076283e+002       2.369784e+000       
1.125205e+002       2.369784e+000       
1.174127e+002       2.369784e+000       
1.223049e+002       2.369784e+000       
1.271971e+002       2.369784e+000       
1.320893e+002       2.369784e+000       
1.369815e+002       2.369784e+000       
1.418737e+002       2.369784e+000       
1.467659e+002       2.369784e+000       
1.516581e+002       2.369784e+000       
1.565503e+002       2.369784e+000       
1.614425e+002       2.369784e+000       
1.663347e+002       2.369784e+000       
1.712269e+002       2.369784e+000       
1.761191e+002       2.369784e+000       
1.810113e+002       2.369784e+000       
1.859035e+002       2.369784e+000       
1.907957e+002       2.369784e+000       
1.956879e+002       2.369784e+000       
2.005801e+002       2.369784e+000       
2.054723e+002       2.369784e+000       
2.103645e+002       2.369784e+000       
2.152567e+002       2.369784e+000       
2.201489e+002       2.369784e+000       
2.250411e+002       2.369784e+000       
2.299333e+002       2.369784e+000       
2.348255e+002       2.369784e+000       
2.397177e+002       2.369784e+000       
2.446098e+002       2.369784e+000       
2.495020e+002       2.369784e+000       
2.543942e+002       2.369784e+000       
2.592864e+002       2.369784e+000       
2.641786e+002       2.369784e+000       
2.690709e+002       2.369784e+000       
2.739631e+002       2.369784e+000       
2.788553e+002       2.369784e+000       
2.837475e+002       2.369784e+000       
2.886397e+002       2.369784e+000       
2.935319e+002       2.369784e+000       
2.984241e+002       2.369784e+000       
3.033163e+002       2.369784e+000       
3.082086e+002       2.369784e+000       
3.131008e+002       2.369784e+000       
3.179930e+002       2.369784e+000       
3.228852e+002       2.369784e+000       
3.277774e+002       2.369784e+000       
3.326696e+002       2.369784e+000       
3.375618e+002       2.369784e+000       
3.424540e+002       2.369784e+000       
3.473463e+002       2.369784e+000       
3.522385e+002       2.369784e+000       
3.571307e+002       2.369784e+000       
3.620229e+002       2.369784e+000       
3.669151e+002       2.369784e+000       
3.718073e+002       2.369784e+000       
3.766995e+002       2.369784e+000       
3.815917e+002       2.369784e+000       
3.864839e+002       2.369784e+000       
3.913762e+002       2.369784e+000       
3.962684e+002       2.369784e+000       
4.011606e+002       2.369784e+000       
4.060528e+002       2.369784e+000       
4.109450e+002       2.369784e+000       
4.158372e+002       2.369784e+000       
4.207294e+002       2.369784e+000       
4.256216e+002       2.369784e+000       
4.305139e+002       2.369784e+000       
4.354061e+002       2.369784e+000       
4.402983e+002       2.369784e+000       
4.451905e+002       2.369784e+000       
4.500827e+002       2.369784e+000       
4.549749e+002       2.369784e+000       
4.598671e+002       2.369784e+000       
4.647593e+002       2.369784e+000       
4.696516e+002       2.369784e+000       
4.745438e+002       2.369784e+000       
4.794360e+002       2.369784e+000       
4.843282e+002       2.369784e+000       
4.892204e+002       2.369784e+000       
4.941126e+002       2.369784e+000       
4.990048e+002       2.369784e+000       
5.038970e+002       2.369784e+000       
5.087892e+002       2.369784e+000       
5.136815e+002       2.369784e+000       
5.185737e+002       2.369784e+000       
5.234659e+002       2.369784e+000       
5.283581e+002       2.369784e+000       
5.332503e+002       2.369784e+000       
5.381425e+002       2.369784e+000       
5.430347e+002       2.369784e+000       
5.479269e+002       2.369784e+000       
5.528192e+002       2.369784e+000       
5.577114e+002       2.369784e+000       
5.626036e+002       2.369784e+000       
5.674958e+002       2.369784e+000       
5.723880e+002       2.369784e+000       
5.772802e+002       2.369784e+000       
5.821724e+002       2.369784e+000       
5.870646e+002       2.369784e+000       
5.919568e+002       2.369784e+000       
5.968491e+002       2.369784e+000       
6.017413e+002       2.369784e+000       
6.066335e+002       2.369784e+000       
6.115257e+002       2.369784e+000       
6.164179e+002       2.369784e+000       
6.213101e+002       2.369784e+000       
6.262023e+002       2.369784e+000       
6.310945e+002       2.369784e+000       
6.359868e+002       2.369784e+000       
6.408790e+002       2.369784e+000       
6.457712e+002       2.369784e+000       
6.506634e+002       2.369784e+000       
6.555556e+002       2.369784e+000       
6.604478e+002       2.369784e+000       
6.653400e+002       2.369784e+000       
6.702322e+002       2.369784e+000       
6.751245e+002       2.369784e+000       
6.800167e+002       2.369784e+000       
6.849089e+002       2.369784e+000       
6.898011e+002       2.369784e+000       
6.946933e+002       2.369784e+000       
6.995855e+002       2.369784e+000       
7.044777e+002       2.369784e+000       
7.093699e+002       2.369784e+000       
7.142621e+002       2.369784e+000       
7.191544e+002       2.369784e+000       
7.240466e+002       2.369784e+000       
7.289388e+002       2.369784e+000       
7.338310e+002       2.369784e+000       
7.387232e+002       2.369784e+000       
7.436154e+002       2.369784e+000       
7.485076e+002       2.369784e+000       
7.533998e+002       2.369784e+000       
7.582921e+002       2.369784e+000       
7.631843e+002       2.369784e+000       
7.680765e+002       2.369784e+000       
7.729687e+002       2.369784e+000       
7.778609e+002       2.369784e+000       
7.827531e+002       2.369784e+000       
7.876453e+002       2.369784e+000       
7.925375e+002       2.369784e+000       
7.974297e+002       2.369784e+000       
8.023220e+002       2.369784e+000       
8.072142e+002       2.369784e+000       
8.121064e+002       2.369784e+000       
8.169986e+002       2.369784e+000       
8.218908e+002       2.369784e+000       
8.267830e+002       2.369784e+000       
8.316752e+002       2.369784e+000       
8.365674e+002       2.369784e+000       
8.414597e+002       2.369784e+000       
8.463519e+002       2.369784e+000       
8.512441e+002       2.369784e+000       
8.561363e+002       2.369784e+000       
8.610285e+002       2.369784e+000       
8.659207e+002       2.369784e+000       
8.708129e+002       2.369784e+000       
8.757051e+002       2.369784e+000       
8.805974e+002       2.369784e+000       
8.854896e+002       2.369784e+000       
8.903818e+002       2.369784e+000       
8.952740e+002       2.369784e+000       
9.001662e+002       2.369784e+000       
9.050584e+002       2.369784e+000       
9.099506e+002       2.369784e+000       
9.148428e+002       2.369784e+000       
9.197350e+002       2.369784e+000       
9.246273e+002       2.369784e+000       
9.295195e+002       2.369784e+000       
9.344117e+002       2.369784e+000       
9.393039e+002       2.369784e+000       
9.441961e+002       2.369784e+000       
9.490883e+002       2.369784e+000       
9.539805e+002       2.369784e+000       
9.588727e+002       2.369784e+000       
9.637650e+002       2.369784e+000       
9.686572e+002       2.369784e+000       
9.735494e+002       2.369784e+000       
9.784416e+002       2.369784e+000       
9.833338e+002       2.369784e+000       
9.882260e+002       2.369784e+000       
9.931182e+002       2.369784e+000       
9.980104e+002       2.369784e+000       
1.002903e+003       2.369784e+000       
1.007795e+003       2.369784e+000       
1.012687e+003       2.369784e+000       
1.017579e+003       2.369784e+000       
1.022471e+003       2.369784e+000       
1.027364e+003       2.369784e+000       
1.032256e+003       2.369784e+000       
1.037148e+003       2.369784e+000       
1.042040e+003       2.369784e+000       
1.046932e+003       2.369784e+000       
1.051825e+003       2.369784e+000       
1.056717e+003       2.369784e+000       
1.061609e+003       2.369784e+000       
1.066501e+003       2.369784e+000       
1.071394e+003       2.369784e+000       
1.076286e+003       2.369784e+000       
1.081178e+003       2.369784e+000       
1.086070e+003       2.369784e+000       
1.090962e+003       2.369784e+000       
1.095855e+003       2.369784e+000       
1.100747e+003       2.369784e+000       
1.105639e+003       2.353728e+000       
1.110531e+003       2.232002e+000       
1.115423e+003       2.070569e+000       
1.120316e+003       1.903422e+000       
1.125208e+003       1.735479e+000       
1.130100e+003       1.557917e+000       
1.134992e+003       1.377028e+000       
1.139885e+003       1.192740e+000       
1.144777e+003       1.006209e+000       
1.149669e+003       8.094804e-001       
1.154561e+003       6.100757e-001       
1.159453e+003       4.094414e-001       
1.164346e+003       2.020808e-001       
1.169238e+003       -4.411929e-003      
1.174130e+003       8.404363e-002       
1.179022e+003       3.776900e-001       
1.183914e+003       3.886837e-001       
1.188807e+003       3.948314e-001       
1.193699e+003       4.022811e-001       
1.198591e+003       4.090075e-001       
1.203483e+003       4.132748e-001       
1.208375e+003       4.171081e-001       
1.213268e+003       4.196395e-001       
1.218160e+003       4.204351e-001       
1.223052e+003       4.214477e-001       
1.227944e+003       4.174697e-001       
1.232837e+003       4.166741e-001       
1.237729e+003       4.141427e-001       
1.242621e+003       4.099477e-001       
1.247513e+003       4.044509e-001       
1.252405e+003       3.989541e-001       
1.257298e+003       3.937466e-001       
1.262190e+003       3.848504e-001       
1.267082e+003       3.778347e-001       
1.271974e+003       3.672750e-001       
1.276866e+003       3.592467e-001       
1.281759e+003       3.481807e-001       
1.286651e+003       3.361745e-001       
1.291543e+003       3.264104e-001       
1.296435e+003       3.131023e-001       
1.301328e+003       3.029042e-001       
1.306220e+003       2.910427e-001       
1.311112e+003       2.812062e-001       
1.316004e+003       2.721654e-001       
1.320896e+003       2.618226e-001       
1.325789e+003       2.535774e-001       
1.330681e+003       2.475020e-001       
1.335573e+003       2.401246e-001       
1.340465e+003       2.328920e-001       
1.345357e+003       2.326027e-001       
1.350250e+003       2.260933e-001       
1.355142e+003       2.239235e-001       
1.360034e+003       2.232002e-001       
1.364926e+003       2.232725e-001       
1.369818e+003       2.238511e-001       
1.374711e+003       2.253700e-001       
1.379603e+003       2.288417e-001       
1.384495e+003       2.306498e-001       
1.389387e+003       2.336152e-001       
1.394280e+003       2.364360e-001       
1.399172e+003       2.405586e-001       
1.404064e+003       2.495271e-001       
1.408956e+003       2.564705e-001       
1.413848e+003       2.601591e-001       
1.418741e+003       2.673195e-001       
1.423633e+003       2.741182e-001       
1.428525e+003       2.783131e-001       
1.433417e+003       2.838100e-001       
1.438309e+003       2.927785e-001       
1.443202e+003       2.981307e-001       
1.448094e+003       3.051463e-001       
1.452986e+003       3.117281e-001       
1.457878e+003       3.179482e-001       
1.462771e+003       3.272060e-001       
1.467663e+003       3.342940e-001       
1.472555e+003       3.402971e-001       
1.477447e+003       3.489040e-001       
1.482339e+003       3.562090e-001       
1.487232e+003       3.627907e-001       
1.492124e+003       3.701681e-001       
1.497016e+003       3.764605e-001       
1.501908e+003       3.838378e-001       
1.506800e+003       3.919384e-001       
1.511693e+003       3.954824e-001       
1.516585e+003       4.006176e-001       
1.521477e+003       4.049572e-001       
1.526369e+003       4.069823e-001       
1.531261e+003       4.076333e-001       
1.536154e+003       4.103094e-001       
1.541046e+003       4.076333e-001       
1.545938e+003       4.043063e-001       
1.550830e+003       4.052465e-001       
1.555723e+003       4.029320e-001       
1.560615e+003       3.990264e-001       
1.565507e+003       3.911428e-001       
1.570399e+003       3.862246e-001       
1.575291e+003       3.782686e-001       
1.580184e+003       3.708913e-001       
1.585076e+003       3.623568e-001       
1.589968e+003       3.522310e-001       
1.594860e+003       3.429009e-001       
1.599752e+003       3.353066e-001       
1.604645e+003       3.241683e-001       
1.609537e+003       3.131023e-001       
1.614429e+003       3.039168e-001       
1.619321e+003       2.926338e-001       
1.624214e+003       2.830867e-001       
1.629106e+003       2.758540e-001       
1.633998e+003       2.659453e-001       
1.638890e+003       2.589296e-001       
1.643782e+003       2.509736e-001       
1.648675e+003       2.438856e-001       
1.653567e+003       2.379548e-001       
1.658459e+003       2.359297e-001       
1.663351e+003       2.323134e-001       
1.668243e+003       2.285524e-001       
1.673136e+003       2.276121e-001       
1.678028e+003       2.261656e-001       
1.682920e+003       2.258040e-001       
1.687812e+003       2.265272e-001       
1.692704e+003       2.313008e-001       
1.697597e+003       2.354234e-001       
1.702489e+003       2.376655e-001       
1.707381e+003       2.422944e-001       
1.712273e+003       2.480083e-001       
1.717166e+003       2.538667e-001       
1.722058e+003       2.592912e-001       
1.726950e+003       2.663792e-001       
1.731842e+003       2.739012e-001       
1.736734e+003       2.814955e-001       
1.741627e+003       2.885835e-001       
1.746519e+003       2.961055e-001       
1.751411e+003       3.042784e-001       
1.756303e+003       3.110771e-001       
1.761195e+003       3.194670e-001       
1.766088e+003       3.290865e-001       
1.770980e+003       3.359575e-001       
1.775872e+003       3.443474e-001       
1.780764e+003       3.496996e-001       
1.785656e+003       3.560643e-001       
1.790549e+003       3.625014e-001       
1.795441e+003       3.685769e-001       
1.800333e+003       3.755926e-001       
1.805225e+003       3.834038e-001       
1.810118e+003       3.849227e-001       
1.815010e+003       3.878158e-001       
1.819902e+003       3.904195e-001       
1.824794e+003       3.901302e-001       
1.829686e+003       3.944698e-001       
1.834579e+003       3.953377e-001       
1.839471e+003       3.948314e-001       
1.844363e+003       3.936019e-001       
1.849255e+003       3.914321e-001       
1.854147e+003       3.883221e-001       
1.859040e+003       3.836208e-001       
1.863932e+003       3.802215e-001       
1.868824e+003       3.742183e-001       
1.873716e+003       3.680706e-001       
1.878609e+003       3.611995e-001       
1.883501e+003       3.559920e-001       
1.888393e+003       3.465172e-001       
1.893285e+003       3.412374e-001       
1.898177e+003       3.348726e-001       
1.903070e+003       3.251085e-001       
1.907962e+003       3.154168e-001       
1.912854e+003       3.081118e-001       
1.917746e+003       2.997218e-001       
1.922638e+003       2.930678e-001       
1.927531e+003       2.832313e-001       
1.932423e+003       2.781685e-001       
1.937315e+003       2.698509e-001       
1.942207e+003       2.625459e-001       
1.947099e+003       2.551686e-001       
1.951992e+003       2.511906e-001       
1.956884e+003       2.464894e-001       
1.961776e+003       2.419328e-001       
1.966668e+003       2.412096e-001       
1.971561e+003       2.396907e-001       
1.976453e+003       2.383165e-001       
1.981345e+003       2.369423e-001       
1.986237e+003       2.401246e-001       
1.991129e+003       2.407756e-001       
1.996022e+003       2.428731e-001       
2.000914e+003       2.457661e-001       
2.005806e+003       2.509736e-001       
2.010698e+003       2.550963e-001       
2.015590e+003       2.602315e-001       
2.020483e+003       2.662346e-001       
2.025375e+003       2.739012e-001       
2.030267e+003       2.800490e-001       
2.035159e+003       2.899577e-001       
2.040052e+003       2.973351e-001       
2.044944e+003       3.044231e-001       
2.049836e+003       3.143318e-001       
2.054728e+003       3.240959e-001       
2.059620e+003       3.322689e-001       
2.064512e+003       3.397185e-001       
2.069404e+003       3.481084e-001       
2.074296e+003       3.541115e-001       
2.079188e+003       3.625737e-001       
2.084081e+003       3.674196e-001       
2.088973e+003       3.750139e-001       
2.093865e+003       3.826806e-001       
2.098757e+003       3.873095e-001       
2.103649e+003       3.920107e-001       
2.108541e+003       3.920107e-001       
2.113433e+003       3.917214e-001       
2.118325e+003       3.945422e-001       
2.123217e+003       3.938189e-001       
2.128109e+003       3.949038e-001       
2.133001e+003       3.927340e-001       
2.137894e+003       3.907812e-001       
2.142786e+003       3.881051e-001       
2.147678e+003       3.841994e-001       
2.152570e+003       3.790642e-001       
2.157462e+003       3.747970e-001       
2.162354e+003       3.674920e-001       
2.167246e+003       3.637310e-001       
2.172138e+003       3.548348e-001       
2.177030e+003       3.473128e-001       
2.181922e+003       3.394292e-001       
2.186814e+003       3.311840e-001       
2.191707e+003       3.230834e-001       
2.196599e+003       3.146212e-001       
2.201491e+003       3.084734e-001       
2.206383e+003       2.990709e-001       
2.211275e+003       2.921275e-001       
2.216167e+003       2.830144e-001       
2.221059e+003       2.785301e-001       
2.225951e+003       2.718037e-001       
2.230843e+003       2.656560e-001       
2.235735e+003       2.610271e-001       
2.240627e+003       2.576277e-001       
2.245520e+003       2.526372e-001       
2.250412e+003       2.514076e-001       
2.255304e+003       2.503950e-001       
2.260196e+003       2.493825e-001       
2.265088e+003       2.491655e-001       
2.269980e+003       2.485145e-001       
2.274872e+003       2.491655e-001       
2.279764e+003       2.493825e-001       
2.284656e+003       2.527818e-001       
2.289548e+003       2.554579e-001       
2.294440e+003       2.577724e-001       
2.299333e+003       2.611717e-001       
2.304225e+003       2.663069e-001       
2.309117e+003       2.728163e-001       
2.314009e+003       2.775899e-001       
2.318901e+003       2.833037e-001       
2.323793e+003       2.912596e-001       
2.328685e+003       2.990709e-001       
2.333577e+003       3.055080e-001       
2.338469e+003       3.157060e-001       
2.343361e+003       3.236620e-001       
2.348253e+003       3.344387e-001       
2.353146e+003       3.400078e-001       
2.358038e+003       3.479638e-001       
2.362930e+003       3.578002e-001       
2.367822e+003       3.672027e-001       
2.372714e+003       3.739291e-001       
2.377606e+003       3.807277e-001       
2.382498e+003       3.885390e-001       
2.387390e+003       3.933126e-001       
2.392282e+003       3.975799e-001       
2.397174e+003       4.019195e-001       
2.402066e+003       4.044509e-001       
2.406958e+003       4.065484e-001       
2.411851e+003       4.068377e-001       
2.416743e+003       4.085012e-001       
2.421635e+003       4.073440e-001       
2.426527e+003       4.041616e-001       
2.431419e+003       3.972182e-001       
2.436311e+003       3.931679e-001       
2.441203e+003       3.858629e-001       
2.446095e+003       3.784856e-001       
2.450987e+003       3.701681e-001       
2.455879e+003       3.627184e-001       
2.460771e+003       3.558474e-001       
2.465664e+003       3.436965e-001       
2.470556e+003       3.351619e-001       
2.475448e+003       3.256871e-001       
2.480340e+003       3.149104e-001       
2.485232e+003       3.074608e-001       
2.490124e+003       2.987093e-001       
2.495016e+003       2.871370e-001       
2.499908e+003       2.770113e-001       
