Calculated Z (nm)   Deflection (V)      
Extend Data
0.000000e+000       2.738289e-001       
4.892198e+000       2.779515e-001       
9.784396e+000       2.840270e-001       
1.467659e+001       2.925615e-001       
1.956879e+001       3.001558e-001       
2.446099e+001       3.041338e-001       
2.935319e+001       3.141872e-001       
3.424539e+001       3.219261e-001       
3.913758e+001       3.295928e-001       
4.402978e+001       3.358852e-001       
4.892198e+001       3.458663e-001       
5.381417e+001       3.545455e-001       
5.870637e+001       3.635140e-001       
6.359857e+001       3.685045e-001       
6.849077e+001       3.755926e-001       
7.338297e+001       3.800045e-001       
7.827516e+001       3.837655e-001       
8.316736e+001       3.893346e-001       
8.805956e+001       3.909258e-001       
9.295175e+001       3.930956e-001       
9.784395e+001       3.946868e-001       
1.027361e+002       3.961333e-001       
1.076283e+002       3.976522e-001       
1.125205e+002       3.966396e-001       
1.174127e+002       3.938189e-001       
1.223049e+002       3.918661e-001       
1.271971e+002       3.873095e-001       
1.320893e+002       3.848504e-001       
1.369815e+002       3.776900e-001       
1.418737e+002       3.728441e-001       
1.467659e+002       3.669133e-001       
1.516581e+002       3.631524e-001       
1.565503e+002       3.547625e-001       
1.614425e+002       3.478914e-001       
1.663347e+002       3.381273e-001       
1.712269e+002       3.311840e-001       
1.761191e+002       3.230110e-001       
1.810113e+002       3.157060e-001       
1.859035e+002       3.095583e-001       
1.907957e+002       3.034105e-001       
1.956879e+002       2.966118e-001       
2.005801e+002       2.893791e-001       
2.054723e+002       2.838100e-001       
2.103645e+002       2.775899e-001       
2.152567e+002       2.708635e-001       
2.201489e+002       2.676811e-001       
2.250411e+002       2.644987e-001       
2.299333e+002       2.612440e-001       
2.348255e+002       2.584956e-001       
2.397177e+002       2.547346e-001       
2.446098e+002       2.522032e-001       
2.495020e+002       2.511183e-001       
2.543942e+002       2.500334e-001       
2.592864e+002       2.485145e-001       
2.641786e+002       2.482976e-001       
2.690709e+002       2.508290e-001       
2.739631e+002       2.524925e-001       
2.788553e+002       2.530711e-001       
2.837475e+002       2.557472e-001       
2.886397e+002       2.603038e-001       
2.935319e+002       2.603038e-001       
2.984241e+002       2.689107e-001       
3.033163e+002       2.717314e-001       
3.082086e+002       2.760710e-001       
3.131008e+002       2.796873e-001       
3.179930e+002       2.853288e-001       
3.228852e+002       2.936464e-001       
3.277774e+002       2.997942e-001       
3.326696e+002       3.082564e-001       
3.375618e+002       3.146935e-001       
3.424540e+002       3.220708e-001       
3.473463e+002       3.302437e-001       
3.522385e+002       3.369701e-001       
3.571307e+002       3.421776e-001       
3.620229e+002       3.510738e-001       
3.669151e+002       3.579448e-001       
3.718073e+002       3.644542e-001       
3.766995e+002       3.694448e-001       
3.815917e+002       3.729888e-001       
3.864839e+002       3.792812e-001       
3.913762e+002       3.806554e-001       
3.962684e+002       3.851397e-001       
4.011606e+002       3.876711e-001       
4.060528e+002       3.912874e-001       
4.109450e+002       3.886837e-001       
4.158372e+002       3.881051e-001       
4.207294e+002       3.875988e-001       
4.256216e+002       3.855736e-001       
4.305139e+002       3.822466e-001       
4.354061e+002       3.820296e-001       
4.402983e+002       3.813064e-001       
4.451905e+002       3.737121e-001       
4.500827e+002       3.696618e-001       
4.549749e+002       3.651775e-001       
4.598671e+002       3.554857e-001       
4.647593e+002       3.489040e-001       
4.696516e+002       3.416713e-001       
4.745438e+002       3.334261e-001       
4.794360e+002       3.269167e-001       
4.843282e+002       3.185268e-001       
4.892204e+002       3.148381e-001       
4.941126e+002       3.055803e-001       
4.990048e+002       2.967564e-001       
5.038970e+002       2.883666e-001       
5.087892e+002       2.822188e-001       
5.136815e+002       2.758540e-001       
5.185737e+002       2.683321e-001       
5.234659e+002       2.624736e-001       
5.283581e+002       2.583510e-001       
5.332503e+002       2.546623e-001       
5.381425e+002       2.505397e-001       
5.430347e+002       2.469957e-001       
5.479269e+002       2.447536e-001       
5.528192e+002       2.430177e-001       
5.577114e+002       2.413542e-001       
5.626036e+002       2.417158e-001       
5.674958e+002       2.414989e-001       
5.723880e+002       2.446089e-001       
5.772802e+002       2.474296e-001       
5.821724e+002       2.524925e-001       
5.870646e+002       2.550963e-001       
5.919568e+002       2.577000e-001       
5.968491e+002       2.623290e-001       
6.017413e+002       2.672472e-001       
6.066335e+002       2.752754e-001       
6.115257e+002       2.812062e-001       
6.164179e+002       2.868477e-001       
6.213101e+002       2.950929e-001       
6.262023e+002       3.050740e-001       
6.310945e+002       3.125960e-001       
6.359868e+002       3.185991e-001       
6.408790e+002       3.252532e-001       
6.457712e+002       3.350896e-001       
6.506634e+002       3.427562e-001       
6.555556e+002       3.486870e-001       
6.604478e+002       3.539669e-001       
6.653400e+002       3.625014e-001       
6.702322e+002       3.671303e-001       
6.751245e+002       3.744353e-001       
6.800167e+002       3.789196e-001       
6.849089e+002       3.831868e-001       
6.898011e+002       3.875265e-001       
6.946933e+002       3.889007e-001       
6.995855e+002       3.907088e-001       
7.044777e+002       3.914321e-001       
7.093699e+002       3.905642e-001       
7.142621e+002       3.892623e-001       
7.191544e+002       3.863692e-001       
7.240466e+002       3.850673e-001       
7.289388e+002       3.817403e-001       
7.338310e+002       3.779793e-001       
7.387232e+002       3.747246e-001       
7.436154e+002       3.691555e-001       
7.485076e+002       3.632970e-001       
7.533998e+002       3.587404e-001       
7.582921e+002       3.523034e-001       
7.631843e+002       3.452154e-001       
7.680765e+002       3.387059e-001       
7.729687e+002       3.317626e-001       
7.778609e+002       3.269890e-001       
7.827531e+002       3.178759e-001       
7.876453e+002       3.112218e-001       
7.925375e+002       3.026149e-001       
7.974297e+002       2.958885e-001       
8.023220e+002       2.888005e-001       
8.072142e+002       2.812062e-001       
8.121064e+002       2.752031e-001       
8.169986e+002       2.668855e-001       
8.218908e+002       2.600868e-001       
8.267830e+002       2.514799e-001       
8.316752e+002       2.448982e-001       
8.365674e+002       2.413542e-001       
8.414597e+002       2.391844e-001       
8.463519e+002       2.361467e-001       
8.512441e+002       2.313731e-001       
8.561363e+002       2.274675e-001       
8.610285e+002       2.263102e-001       
8.659207e+002       2.264549e-001       
8.708129e+002       2.273228e-001       
8.757051e+002       2.298543e-001       
8.805974e+002       2.323857e-001       
8.854896e+002       2.361467e-001       
8.903818e+002       2.419328e-001       
8.952740e+002       2.472850e-001       
9.001662e+002       2.528541e-001       
9.050584e+002       2.606654e-001       
9.099506e+002       2.699232e-001       
9.148428e+002       2.786748e-001       
9.197350e+002       2.868477e-001       
9.246273e+002       2.969734e-001       
9.295195e+002       3.044231e-001       
9.344117e+002       3.146935e-001       
9.393039e+002       3.243853e-001       
9.441961e+002       3.330645e-001       
9.490883e+002       3.407311e-001       
9.539805e+002       3.500612e-001       
9.588727e+002       3.588127e-001       
9.637650e+002       3.667687e-001       
9.686572e+002       3.732058e-001       
9.735494e+002       3.820296e-001       
9.784416e+002       3.873095e-001       
9.833338e+002       3.908535e-001       
9.882260e+002       3.943252e-001       
9.931182e+002       3.995327e-001       
9.980104e+002       3.988818e-001       
1.002903e+003       4.007623e-001       
1.007795e+003       3.996050e-001       
1.012687e+003       3.996050e-001       
1.017579e+003       3.974352e-001       
1.022471e+003       3.930233e-001       
1.027364e+003       3.907088e-001       
1.032256e+003       3.844164e-001       
1.037148e+003       3.787026e-001       
1.042040e+003       3.726995e-001       
1.046932e+003       3.683599e-001       
1.051825e+003       3.618505e-001       
1.056717e+003       3.566430e-001       
1.061609e+003       3.498442e-001       
1.066501e+003       3.415990e-001       
1.071394e+003       3.346556e-001       
1.076286e+003       3.287249e-001       
1.081178e+003       3.194670e-001       
1.086070e+003       3.136086e-001       
1.090962e+003       3.070992e-001       
1.095855e+003       2.996495e-001       
1.100747e+003       2.947313e-001       
1.105639e+003       2.879326e-001       
1.110531e+003       2.822911e-001       
1.115423e+003       2.769389e-001       
1.120316e+003       2.726717e-001       
1.125208e+003       2.669578e-001       
1.130100e+003       2.594359e-001       
1.134992e+003       2.555302e-001       
1.139885e+003       2.492378e-001       
1.144777e+003       2.442473e-001       
1.149669e+003       2.409202e-001       
1.154561e+003       2.354957e-001       
1.159453e+003       2.338322e-001       
1.164346e+003       2.287693e-001       
1.169238e+003       2.282631e-001       
1.174130e+003       2.245021e-001       
1.179022e+003       2.252253e-001       
1.183914e+003       2.268165e-001       
1.188807e+003       2.273228e-001       
1.193699e+003       2.289140e-001       
1.198591e+003       2.339769e-001       
1.203483e+003       2.386781e-001       
1.208375e+003       2.453322e-001       
1.213268e+003       2.535774e-001       
1.218160e+003       2.600145e-001       
1.223052e+003       2.693446e-001       
1.227944e+003       2.796150e-001       
1.232837e+003       2.882219e-001       
1.237729e+003       2.997942e-001       
1.242621e+003       3.094136e-001       
1.247513e+003       3.199010e-001       
1.252405e+003       3.314009e-001       
1.257298e+003       3.412374e-001       
1.262190e+003       3.538222e-001       
1.267082e+003       3.632970e-001       
1.271974e+003       3.685045e-001       
1.276866e+003       3.788472e-001       
1.281759e+003       3.844887e-001       
1.286651e+003       3.940359e-001       
1.291543e+003       3.986648e-001       
1.296435e+003       4.045232e-001       
1.301328e+003       4.119729e-001       
1.306220e+003       4.129854e-001       
1.311112e+003       4.167464e-001       
1.316004e+003       4.161678e-001       
1.320896e+003       4.151553e-001       
1.325789e+003       4.121899e-001       
1.330681e+003       4.118282e-001       
1.335573e+003       4.083565e-001       
1.340465e+003       4.028597e-001       
1.345357e+003       3.975075e-001       
1.350250e+003       3.923723e-001       
1.355142e+003       3.830422e-001       
1.360034e+003       3.746523e-001       
1.364926e+003       3.677090e-001       
1.369818e+003       3.612719e-001       
1.374711e+003       2.966118e-001       
1.379603e+003       3.343663e-001       
1.384495e+003       5.117837e-001       
1.389387e+003       6.842829e-001       
1.394280e+003       8.583009e-001       
1.399172e+003       1.032825e+000       
1.404064e+003       1.199611e+000       
1.408956e+003       1.365890e+000       
1.413848e+003       1.534411e+000       
1.418741e+003       1.707272e+000       
1.423633e+003       1.886787e+000       
1.428525e+003       2.068399e+000       
1.433417e+003       2.249143e+000       
1.438309e+003       2.369784e+000       
1.443202e+003       2.369784e+000       
1.448094e+003       2.369784e+000       
1.452986e+003       2.369784e+000       
1.457878e+003       2.369784e+000       
1.462771e+003       2.369784e+000       
1.467663e+003       2.369784e+000       
1.472555e+003       2.369784e+000       
1.477447e+003       2.369784e+000       
1.482339e+003       2.369784e+000       
1.487232e+003       2.369784e+000       
1.492124e+003       2.369784e+000       
1.497016e+003       2.369784e+000       
1.501908e+003       2.369784e+000       
1.506800e+003       2.369784e+000       
1.511693e+003       2.369784e+000       
1.516585e+003       2.369784e+000       
1.521477e+003       2.369784e+000       
1.526369e+003       2.369784e+000       
1.531261e+003       2.369784e+000       
1.536154e+003       2.369784e+000       
1.541046e+003       2.369784e+000       
1.545938e+003       2.369784e+000       
1.550830e+003       2.369784e+000       
1.555723e+003       2.369784e+000       
1.560615e+003       2.369784e+000       
1.565507e+003       2.369784e+000       
1.570399e+003       2.369784e+000       
1.575291e+003       2.369784e+000       
1.580184e+003       2.369784e+000       
1.585076e+003       2.369784e+000       
1.589968e+003       2.369784e+000       
1.594860e+003       2.369784e+000       
1.599752e+003       2.369784e+000       
1.604645e+003       2.369784e+000       
1.609537e+003       2.369784e+000       
1.614429e+003       2.369784e+000       
1.619321e+003       2.369784e+000       
1.624214e+003       2.369784e+000       
1.629106e+003       2.369784e+000       
1.633998e+003       2.369784e+000       
1.638890e+003       2.369784e+000       
1.643782e+003       2.369784e+000       
1.648675e+003       2.369784e+000       
1.653567e+003       2.369784e+000       
1.658459e+003       2.369784e+000       
1.663351e+003       2.369784e+000       
1.668243e+003       2.369784e+000       
1.673136e+003       2.369784e+000       
1.678028e+003       2.369784e+000       
1.682920e+003       2.369784e+000       
1.687812e+003       2.369784e+000       
1.692704e+003       2.369784e+000       
1.697597e+003       2.369784e+000       
1.702489e+003       2.369784e+000       
1.707381e+003       2.369784e+000       
1.712273e+003       2.369784e+000       
1.717166e+003       2.369784e+000       
1.722058e+003       2.369784e+000       
1.726950e+003       2.369784e+000       
1.731842e+003       2.369784e+000       
1.736734e+003       2.369784e+000       
1.741627e+003       2.369784e+000       
1.746519e+003       2.369784e+000       
1.751411e+003       2.369784e+000       
1.756303e+003       2.369784e+000       
1.761195e+003       2.369784e+000       
1.766088e+003       2.369784e+000       
1.770980e+003       2.369784e+000       
1.775872e+003       2.369784e+000       
1.780764e+003       2.369784e+000       
1.785656e+003       2.369784e+000       
1.790549e+003       2.369784e+000       
1.795441e+003       2.369784e+000       
1.800333e+003       2.369784e+000       
1.805225e+003       2.369784e+000       
1.810118e+003       2.369784e+000       
1.815010e+003       2.369784e+000       
1.819902e+003       2.369784e+000       
1.824794e+003       2.369784e+000       
1.829686e+003       2.369784e+000       
1.834579e+003       2.369784e+000       
1.839471e+003       2.369784e+000       
1.844363e+003       2.369784e+000       
1.849255e+003       2.369784e+000       
1.854147e+003       2.369784e+000       
1.859040e+003       2.369784e+000       
1.863932e+003       2.369784e+000       
1.868824e+003       2.369784e+000       
1.873716e+003       2.369784e+000       
1.878609e+003       2.369784e+000       
1.883501e+003       2.369784e+000       
1.888393e+003       2.369784e+000       
1.893285e+003       2.369784e+000       
1.898177e+003       2.369784e+000       
1.903070e+003       2.369784e+000       
1.907962e+003       2.369784e+000       
1.912854e+003       2.369784e+000       
1.917746e+003       2.369784e+000       
1.922638e+003       2.369784e+000       
1.927531e+003       2.369784e+000       
1.932423e+003       2.369784e+000       
1.937315e+003       2.369784e+000       
1.942207e+003       2.369784e+000       
1.947099e+003       2.369784e+000       
1.951992e+003       2.369784e+000       
1.956884e+003       2.369784e+000       
1.961776e+003       2.369784e+000       
1.966668e+003       2.369784e+000       
1.971561e+003       2.369784e+000       
1.976453e+003       2.369784e+000       
1.981345e+003       2.369784e+000       
1.986237e+003       2.369784e+000       
1.991129e+003       2.369784e+000       
1.996022e+003       2.369784e+000       
2.000914e+003       2.369784e+000       
2.005806e+003       2.369784e+000       
2.010698e+003       2.369784e+000       
2.015590e+003       2.369784e+000       
2.020483e+003       2.369784e+000       
2.025375e+003       2.369784e+000       
2.030267e+003       2.369784e+000       
2.035159e+003       2.369784e+000       
2.040052e+003       2.369784e+000       
2.044944e+003       2.369784e+000       
2.049836e+003       2.369784e+000       
2.054728e+003       2.369784e+000       
2.059620e+003       2.369784e+000       
2.064512e+003       2.369784e+000       
2.069404e+003       2.369784e+000       
2.074296e+003       2.369784e+000       
2.079188e+003       2.369784e+000       
2.084081e+003       2.369784e+000       
2.088973e+003       2.369784e+000       
2.093865e+003       2.369784e+000       
2.098757e+003       2.369784e+000       
2.103649e+003       2.369784e+000       
2.108541e+003       2.369784e+000       
2.113433e+003       2.369784e+000       
2.118325e+003       2.369784e+000       
2.123217e+003       2.369784e+000       
2.128109e+003       2.369784e+000       
2.133001e+003       2.369784e+000       
2.137894e+003       2.369784e+000       
2.142786e+003       2.369784e+000       
2.147678e+003       2.369784e+000       
2.152570e+003       2.369784e+000       
2.157462e+003       2.369784e+000       
2.162354e+003       2.369784e+000       
2.167246e+003       2.369784e+000       
2.172138e+003       2.369784e+000       
2.177030e+003       2.369784e+000       
2.181922e+003       2.369784e+000       
2.186814e+003       2.369784e+000       
2.191707e+003       2.369784e+000       
2.196599e+003       2.369784e+000       
2.201491e+003       2.369784e+000       
2.206383e+003       2.369784e+000       
2.211275e+003       2.369784e+000       
2.216167e+003       2.369784e+000       
2.221059e+003       2.369784e+000       
2.225951e+003       2.369784e+000       
2.230843e+003       2.369784e+000       
2.235735e+003       2.369784e+000       
2.240627e+003       2.369784e+000       
2.245520e+003       2.369784e+000       
2.250412e+003       2.369784e+000       
2.255304e+003       2.369784e+000       
2.260196e+003       2.369784e+000       
2.265088e+003       2.369784e+000       
2.269980e+003       2.369784e+000       
2.274872e+003       2.369784e+000       
2.279764e+003       2.369784e+000       
2.284656e+003       2.369784e+000       
2.289548e+003       2.369784e+000       
2.294440e+003       2.369784e+000       
2.299333e+003       2.369784e+000       
2.304225e+003       2.369784e+000       
2.309117e+003       2.369784e+000       
2.314009e+003       2.369784e+000       
2.318901e+003       2.369784e+000       
2.323793e+003       2.369784e+000       
2.328685e+003       2.369784e+000       
2.333577e+003       2.369784e+000       
2.338469e+003       2.369784e+000       
2.343361e+003       2.369784e+000       
2.348253e+003       2.369784e+000       
2.353146e+003       2.369784e+000       
2.358038e+003       2.369784e+000       
2.362930e+003       2.369784e+000       
2.367822e+003       2.369784e+000       
2.372714e+003       2.369784e+000       
2.377606e+003       2.369784e+000       
2.382498e+003       2.369784e+000       
2.387390e+003       2.369784e+000       
2.392282e+003       2.369784e+000       
2.397174e+003       2.369784e+000       
2.402066e+003       2.369784e+000       
2.406958e+003       2.369784e+000       
2.411851e+003       2.369784e+000       
2.416743e+003       2.369784e+000       
2.421635e+003       2.369784e+000       
2.426527e+003       2.369784e+000       
2.431419e+003       2.369784e+000       
2.436311e+003       2.369784e+000       
2.441203e+003       2.369784e+000       
2.446095e+003       2.369784e+000       
2.450987e+003       2.369784e+000       
2.455879e+003       2.369784e+000       
2.460771e+003       2.369784e+000       
2.465664e+003       2.369784e+000       
2.470556e+003       2.369784e+000       
2.475448e+003       2.369784e+000       
2.480340e+003       2.369784e+000       
2.485232e+003       2.369784e+000       
2.490124e+003       2.369784e+000       
2.495016e+003       2.369784e+000       
2.499908e+003       2.369784e+000       

Retract Data
0.000000e+000       2.369784e+000       
4.892198e+000       2.369784e+000       
9.784396e+000       2.369784e+000       
1.467659e+001       2.369784e+000       
1.956879e+001       2.369784e+000       
2.446099e+001       2.369784e+000       
2.935319e+001       2.369784e+000       
3.424539e+001       2.369784e+000       
3.913758e+001       2.369784e+000       
4.402978e+001       2.369784e+000       
4.892198e+001       2.369784e+000       
5.381417e+001       2.369784e+000       
5.870637e+001       2.369784e+000       
6.359857e+001       2.369784e+000       
6.849077e+001       2.369784e+000       
7.338297e+001       2.369784e+000       
7.827516e+001       2.369784e+000       
8.316736e+001       2.369784e+000       
8.805956e+001       2.369784e+000       
9.295175e+001       2.369784e+000       
9.784395e+001       2.369784e+000       
1.027361e+002       2.369784e+000       
1.076283e+002       2.369784e+000       
1.125205e+002       2.369784e+000       
1.174127e+002       2.369784e+000       
1.223049e+002       2.369784e+000       
1.271971e+002       2.369784e+000       
1.320893e+002       2.369784e+000       
1.369815e+002       2.369784e+000       
1.418737e+002       2.369784e+000       
1.467659e+002       2.369784e+000       
1.516581e+002       2.369784e+000       
1.565503e+002       2.369784e+000       
1.614425e+002       2.369784e+000       
1.663347e+002       2.369784e+000       
1.712269e+002       2.369784e+000       
1.761191e+002       2.369784e+000       
1.810113e+002       2.369784e+000       
1.859035e+002       2.369784e+000       
1.907957e+002       2.369784e+000       
1.956879e+002       2.369784e+000       
2.005801e+002       2.369784e+000       
2.054723e+002       2.369784e+000       
2.103645e+002       2.369784e+000       
2.152567e+002       2.369784e+000       
2.201489e+002       2.369784e+000       
2.250411e+002       2.369784e+000       
2.299333e+002       2.369784e+000       
2.348255e+002       2.369784e+000       
2.397177e+002       2.369784e+000       
2.446098e+002       2.369784e+000       
2.495020e+002       2.369784e+000       
2.543942e+002       2.369784e+000       
2.592864e+002       2.369784e+000       
2.641786e+002       2.369784e+000       
2.690709e+002       2.369784e+000       
2.739631e+002       2.369784e+000       
2.788553e+002       2.369784e+000       
2.837475e+002       2.369784e+000       
2.886397e+002       2.369784e+000       
2.935319e+002       2.369784e+000       
2.984241e+002       2.369784e+000       
3.033163e+002       2.369784e+000       
3.082086e+002       2.369784e+000       
3.131008e+002       2.369784e+000       
3.179930e+002       2.369784e+000       
3.228852e+002       2.369784e+000       
3.277774e+002       2.369784e+000       
3.326696e+002       2.369784e+000       
3.375618e+002       2.369784e+000       
3.424540e+002       2.369784e+000       
3.473463e+002       2.369784e+000       
3.522385e+002       2.369784e+000       
3.571307e+002       2.369784e+000       
3.620229e+002       2.369784e+000       
3.669151e+002       2.369784e+000       
3.718073e+002       2.369784e+000       
3.766995e+002       2.369784e+000       
3.815917e+002       2.369784e+000       
3.864839e+002       2.369784e+000       
3.913762e+002       2.369784e+000       
3.962684e+002       2.369784e+000       
4.011606e+002       2.369784e+000       
4.060528e+002       2.369784e+000       
4.109450e+002       2.369784e+000       
4.158372e+002       2.369784e+000       
4.207294e+002       2.369784e+000       
4.256216e+002       2.369784e+000       
4.305139e+002       2.369784e+000       
4.354061e+002       2.369784e+000       
4.402983e+002       2.369784e+000       
4.451905e+002       2.369784e+000       
4.500827e+002       2.369784e+000       
4.549749e+002       2.369784e+000       
4.598671e+002       2.369784e+000       
4.647593e+002       2.369784e+000       
4.696516e+002       2.369784e+000       
4.745438e+002       2.369784e+000       
4.794360e+002       2.369784e+000       
4.843282e+002       2.369784e+000       
4.892204e+002       2.369784e+000       
4.941126e+002       2.369784e+000       
4.990048e+002       2.369784e+000       
5.038970e+002       2.369784e+000       
5.087892e+002       2.369784e+000       
5.136815e+002       2.369784e+000       
5.185737e+002       2.369784e+000       
5.234659e+002       2.369784e+000       
5.283581e+002       2.369784e+000       
5.332503e+002       2.369784e+000       
5.381425e+002       2.369784e+000       
5.430347e+002       2.369784e+000       
5.479269e+002       2.369784e+000       
5.528192e+002       2.369784e+000       
5.577114e+002       2.369784e+000       
5.626036e+002       2.369784e+000       
5.674958e+002       2.369784e+000       
5.723880e+002       2.369784e+000       
5.772802e+002       2.369784e+000       
5.821724e+002       2.369784e+000       
5.870646e+002       2.369784e+000       
5.919568e+002       2.369784e+000       
5.968491e+002       2.369784e+000       
6.017413e+002       2.369784e+000       
6.066335e+002       2.369784e+000       
6.115257e+002       2.369784e+000       
6.164179e+002       2.369784e+000       
6.213101e+002       2.369784e+000       
6.262023e+002       2.369784e+000       
6.310945e+002       2.369784e+000       
6.359868e+002       2.369784e+000       
6.408790e+002       2.369784e+000       
6.457712e+002       2.369784e+000       
6.506634e+002       2.369784e+000       
6.555556e+002       2.369784e+000       
6.604478e+002       2.369784e+000       
6.653400e+002       2.369784e+000       
6.702322e+002       2.369784e+000       
6.751245e+002       2.369784e+000       
6.800167e+002       2.369784e+000       
6.849089e+002       2.369784e+000       
6.898011e+002       2.369784e+000       
6.946933e+002       2.369784e+000       
6.995855e+002       2.369784e+000       
7.044777e+002       2.369784e+000       
7.093699e+002       2.369784e+000       
7.142621e+002       2.369784e+000       
7.191544e+002       2.369784e+000       
7.240466e+002       2.369784e+000       
7.289388e+002       2.369784e+000       
7.338310e+002       2.369784e+000       
7.387232e+002       2.369784e+000       
7.436154e+002       2.369784e+000       
7.485076e+002       2.369784e+000       
7.533998e+002       2.369784e+000       
7.582921e+002       2.369784e+000       
7.631843e+002       2.369784e+000       
7.680765e+002       2.369784e+000       
7.729687e+002       2.369784e+000       
7.778609e+002       2.369784e+000       
7.827531e+002       2.369784e+000       
7.876453e+002       2.369784e+000       
7.925375e+002       2.369784e+000       
7.974297e+002       2.369784e+000       
8.023220e+002       2.369784e+000       
8.072142e+002       2.369784e+000       
8.121064e+002       2.369784e+000       
8.169986e+002       2.369784e+000       
8.218908e+002       2.369784e+000       
8.267830e+002       2.369784e+000       
8.316752e+002       2.369784e+000       
8.365674e+002       2.369784e+000       
8.414597e+002       2.369784e+000       
8.463519e+002       2.369784e+000       
8.512441e+002       2.369784e+000       
8.561363e+002       2.369784e+000       
8.610285e+002       2.369784e+000       
8.659207e+002       2.369784e+000       
8.708129e+002       2.369784e+000       
8.757051e+002       2.369784e+000       
8.805974e+002       2.369784e+000       
8.854896e+002       2.369784e+000       
8.903818e+002       2.369784e+000       
8.952740e+002       2.369784e+000       
9.001662e+002       2.369784e+000       
9.050584e+002       2.369784e+000       
9.099506e+002       2.369784e+000       
9.148428e+002       2.369784e+000       
9.197350e+002       2.369784e+000       
9.246273e+002       2.369784e+000       
9.295195e+002       2.369784e+000       
9.344117e+002       2.369784e+000       
9.393039e+002       2.369784e+000       
9.441961e+002       2.369784e+000       
9.490883e+002       2.369784e+000       
9.539805e+002       2.369784e+000       
9.588727e+002       2.369784e+000       
9.637650e+002       2.369784e+000       
9.686572e+002       2.369784e+000       
9.735494e+002       2.369784e+000       
9.784416e+002       2.369784e+000       
9.833338e+002       2.369784e+000       
9.882260e+002       2.369784e+000       
9.931182e+002       2.369784e+000       
9.980104e+002       2.369784e+000       
1.002903e+003       2.369784e+000       
1.007795e+003       2.369784e+000       
1.012687e+003       2.369784e+000       
1.017579e+003       2.369784e+000       
1.022471e+003       2.369784e+000       
1.027364e+003       2.369784e+000       
1.032256e+003       2.369784e+000       
1.037148e+003       2.369784e+000       
1.042040e+003       2.369784e+000       
1.046932e+003       2.369784e+000       
1.051825e+003       2.369784e+000       
1.056717e+003       2.369784e+000       
1.061609e+003       2.369784e+000       
1.066501e+003       2.369784e+000       
1.071394e+003       2.369784e+000       
1.076286e+003       2.369784e+000       
1.081178e+003       2.369784e+000       
1.086070e+003       2.369784e+000       
1.090962e+003       2.369784e+000       
1.095855e+003       2.369784e+000       
1.100747e+003       2.369784e+000       
1.105639e+003       2.327111e+000       
1.110531e+003       2.178118e+000       
1.115423e+003       2.014082e+000       
1.120316e+003       1.852938e+000       
1.125208e+003       1.685646e+000       
1.130100e+003       1.509964e+000       
1.134992e+003       1.329292e+000       
1.139885e+003       1.138712e+000       
1.144777e+003       9.560866e-001       
1.149669e+003       7.638423e-001       
1.154561e+003       5.670413e-001       
1.159453e+003       3.637310e-001       
1.164346e+003       1.542729e-001       
1.169238e+003       -4.759097e-002      
1.174130e+003       4.100924e-002       
1.179022e+003       3.760988e-001       
1.183914e+003       3.859353e-001       
1.188807e+003       3.918661e-001       
1.193699e+003       3.973629e-001       
1.198591e+003       4.051018e-001       
1.203483e+003       4.074163e-001       
1.208375e+003       4.100201e-001       
1.213268e+003       4.122622e-001       
1.218160e+003       4.119729e-001       
1.223052e+003       4.127685e-001       
1.227944e+003       4.117559e-001       
1.232837e+003       4.111773e-001       
1.237729e+003       4.066930e-001       
1.242621e+003       4.052465e-001       
1.247513e+003       4.000390e-001       
1.252405e+003       3.938912e-001       
1.257298e+003       3.862969e-001       
1.262190e+003       3.764605e-001       
1.267082e+003       3.691555e-001       
1.271974e+003       3.588851e-001       
1.276866e+003       3.502059e-001       
1.281759e+003       3.404418e-001       
1.286651e+003       3.314733e-001       
1.291543e+003       3.196117e-001       
1.296435e+003       3.083287e-001       
1.301328e+003       3.000112e-001       
1.306220e+003       2.860521e-001       
1.311112e+003       2.777345e-001       
1.316004e+003       2.690553e-001       
1.320896e+003       2.611717e-001       
1.325789e+003       2.532881e-001       
1.330681e+003       2.435240e-001       
1.335573e+003       2.390397e-001       
1.340465e+003       2.370869e-001       
1.345357e+003       2.323857e-001       
1.350250e+003       2.307222e-001       
1.355142e+003       2.268889e-001       
1.360034e+003       2.255147e-001       
1.364926e+003       2.278291e-001       
1.369818e+003       2.258040e-001       
1.374711e+003       2.294926e-001       
1.379603e+003       2.310115e-001       
1.384495e+003       2.334706e-001       
1.389387e+003       2.383165e-001       
1.394280e+003       2.418605e-001       
1.399172e+003       2.469957e-001       
1.404064e+003       2.548070e-001       
1.408956e+003       2.580617e-001       
1.413848e+003       2.647881e-001       
1.418741e+003       2.702126e-001       
1.423633e+003       2.762157e-001       
1.428525e+003       2.824358e-001       
1.433417e+003       2.887282e-001       
1.438309e+003       2.937911e-001       
1.443202e+003       3.018917e-001       
1.448094e+003       3.063036e-001       
1.452986e+003       3.108602e-001       
1.457878e+003       3.190331e-001       
1.462771e+003       3.277123e-001       
1.467663e+003       3.363915e-001       
1.472555e+003       3.419606e-001       
1.477447e+003       3.491210e-001       
1.482339e+003       3.541115e-001       
1.487232e+003       3.631524e-001       
1.492124e+003       3.682152e-001       
1.497016e+003       3.743630e-001       
1.501908e+003       3.788472e-001       
1.506800e+003       3.860799e-001       
1.511693e+003       3.901302e-001       
1.516585e+003       3.936742e-001       
1.521477e+003       3.980862e-001       
1.526369e+003       3.971459e-001       
1.531261e+003       4.020641e-001       
1.536154e+003       4.026427e-001       
1.541046e+003       4.017748e-001       
1.545938e+003       3.998220e-001       
1.550830e+003       3.980862e-001       
1.555723e+003       3.940359e-001       
1.560615e+003       3.922277e-001       
1.565507e+003       3.843441e-001       
1.570399e+003       3.784133e-001       
1.575291e+003       3.716869e-001       
1.580184e+003       3.629354e-001       
1.585076e+003       3.551241e-001       
1.589968e+003       3.463002e-001       
1.594860e+003       3.371148e-001       
1.599752e+003       3.284355e-001       
1.604645e+003       3.168633e-001       
1.609537e+003       3.089073e-001       
1.614429e+003       3.003004e-001       
1.619321e+003       2.903194e-001       
1.624214e+003       2.812786e-001       
1.629106e+003       2.746245e-001       
1.633998e+003       2.666686e-001       
1.638890e+003       2.601591e-001       
1.643782e+003       2.517692e-001       
1.648675e+003       2.475020e-001       
1.653567e+003       2.412096e-001       
1.658459e+003       2.365083e-001       
1.663351e+003       2.326750e-001       
1.668243e+003       2.308668e-001       
1.673136e+003       2.292033e-001       
1.678028e+003       2.284077e-001       
1.682920e+003       2.299266e-001       
1.687812e+003       2.315178e-001       
1.692704e+003       2.347001e-001       
1.697597e+003       2.389674e-001       
1.702489e+003       2.410649e-001       
1.707381e+003       2.470680e-001       
1.712273e+003       2.502504e-001       
1.717166e+003       2.565428e-001       
1.722058e+003       2.642817e-001       
1.726950e+003       2.701402e-001       
1.731842e+003       2.770113e-001       
1.736734e+003       2.839546e-001       
1.741627e+003       2.914043e-001       
1.746519e+003       3.016747e-001       
1.751411e+003       3.060143e-001       
1.756303e+003       3.149828e-001       
1.761195e+003       3.196117e-001       
1.766088e+003       3.282186e-001       
1.770980e+003       3.332814e-001       
1.775872e+003       3.410204e-001       
1.780764e+003       3.469512e-001       
1.785656e+003       3.520864e-001       
1.790549e+003       3.601870e-001       
1.795441e+003       3.650329e-001       
1.800333e+003       3.698064e-001       
1.805225e+003       3.743630e-001       
1.810118e+003       3.780517e-001       
1.815010e+003       3.814510e-001       
1.819902e+003       3.844887e-001       
1.824794e+003       3.865862e-001       
1.829686e+003       3.865862e-001       
1.834579e+003       3.866585e-001       
1.839471e+003       3.859353e-001       
1.844363e+003       3.836208e-001       
1.849255e+003       3.800768e-001       
1.854147e+003       3.800768e-001       
1.859040e+003       3.781963e-001       
1.863932e+003       3.726272e-001       
1.868824e+003       3.704574e-001       
1.873716e+003       3.636586e-001       
1.878609e+003       3.575832e-001       
1.883501e+003       3.509291e-001       
1.888393e+003       3.422500e-001       
1.893285e+003       3.366085e-001       
1.898177e+003       3.276400e-001       
1.903070e+003       3.189608e-001       
1.907962e+003       3.116558e-001       
1.912854e+003       3.035552e-001       
1.917746e+003       2.956716e-001       
1.922638e+003       2.872093e-001       
1.927531e+003       2.801213e-001       
1.932423e+003       2.733226e-001       
1.937315e+003       2.686937e-001       
1.942207e+003       2.607377e-001       
1.947099e+003       2.549516e-001       
1.951992e+003       2.526372e-001       
1.956884e+003       2.491655e-001       
1.961776e+003       2.444642e-001       
1.966668e+003       2.416435e-001       
1.971561e+003       2.406309e-001       
1.976453e+003       2.404863e-001       
1.981345e+003       2.401970e-001       
1.986237e+003       2.409202e-001       
1.991129e+003       2.427284e-001       
1.996022e+003       2.444642e-001       
2.000914e+003       2.464171e-001       
2.005806e+003       2.532158e-001       
2.010698e+003       2.555302e-001       
2.015590e+003       2.609547e-001       
2.020483e+003       2.678981e-001       
2.025375e+003       2.741905e-001       
2.030267e+003       2.809892e-001       
2.035159e+003       2.903917e-001       
2.040052e+003       2.970458e-001       
2.044944e+003       3.064482e-001       
2.049836e+003       3.120897e-001       
2.054728e+003       3.210582e-001       
2.059620e+003       3.286525e-001       
2.064512e+003       3.366085e-001       
2.069404e+003       3.438411e-001       
2.074296e+003       3.491933e-001       
2.079188e+003       3.564260e-001       
2.084081e+003       3.628631e-001       
2.088973e+003       3.695171e-001       
2.093865e+003       3.758095e-001       
2.098757e+003       3.778347e-001       
2.103649e+003       3.826806e-001       
2.108541e+003       3.858629e-001       
2.113433e+003       3.864416e-001       
2.118325e+003       3.864416e-001       
2.123217e+003       3.862969e-001       
2.128109e+003       3.860799e-001       
2.133001e+003       3.831868e-001       
2.137894e+003       3.834038e-001       
2.142786e+003       3.808001e-001       
2.147678e+003       3.742183e-001       
2.152570e+003       3.715422e-001       
2.157462e+003       3.651775e-001       
2.162354e+003       3.614165e-001       
2.167246e+003       3.523034e-001       
2.172138e+003       3.476745e-001       
2.177030e+003       3.381273e-001       
2.181922e+003       3.298098e-001       
2.186814e+003       3.227217e-001       
2.191707e+003       3.158507e-001       
2.196599e+003       3.070992e-001       
2.201491e+003       2.992879e-001       
2.206383e+003       2.921999e-001       
2.211275e+003       2.840270e-001       
2.216167e+003       2.775176e-001       
2.221059e+003       2.709358e-001       
2.225951e+003       2.663792e-001       
2.230843e+003       2.598698e-001       
2.235735e+003       2.556026e-001       
2.240627e+003       2.512630e-001       
2.245520e+003       2.516246e-001       
2.250412e+003       2.487315e-001       
2.255304e+003       2.459108e-001       
2.260196e+003       2.435240e-001       
2.265088e+003       2.438133e-001       
2.269980e+003       2.443919e-001       
2.274872e+003       2.466341e-001       
2.279764e+003       2.475743e-001       
2.284656e+003       2.486592e-001       
2.289548e+003       2.528541e-001       
2.294440e+003       2.562535e-001       
2.299333e+003       2.598698e-001       
2.304225e+003       2.615333e-001       
2.309117e+003       2.691276e-001       
2.314009e+003       2.769389e-001       
2.318901e+003       2.830144e-001       
2.323793e+003       2.915489e-001       
2.328685e+003       2.947313e-001       
2.333577e+003       3.042784e-001       
2.338469e+003       3.120174e-001       
2.343361e+003       3.205519e-001       
2.348253e+003       3.318349e-001       
2.353146e+003       3.382720e-001       
2.358038e+003       3.471681e-001       
2.362930e+003       3.549071e-001       
2.367822e+003       3.621398e-001       
2.372714e+003       3.682876e-001       
2.377606e+003       3.729888e-001       
2.382498e+003       3.826806e-001       
2.387390e+003       3.883944e-001       
2.392282e+003       3.924447e-001       
2.397174e+003       3.956994e-001       
2.402066e+003       3.998220e-001       
2.406958e+003       3.993157e-001       
2.411851e+003       3.999667e-001       
2.416743e+003       3.995327e-001       
2.421635e+003       3.974352e-001       
2.426527e+003       3.924447e-001       
2.431419e+003       3.883221e-001       
2.436311e+003       3.849227e-001       
2.441203e+003       3.784856e-001       
2.446095e+003       3.716869e-001       
2.450987e+003       3.635140e-001       
2.455879e+003       3.539669e-001       
2.460771e+003       3.455770e-001       
2.465664e+003       3.352343e-001       
2.470556e+003       3.276400e-001       
2.475448e+003       3.172972e-001       
2.480340e+003       3.073162e-001       
2.485232e+003       2.986369e-001       
2.490124e+003       2.890175e-001       
2.495016e+003       2.830144e-001       
2.499908e+003       2.718037e-001       
