Calculated Z (nm)   Deflection (V)      
Extend Data
0.000000e+000       2.464171e-001       
4.945879e+000       2.418605e-001       
9.891759e+000       2.416435e-001       
1.483764e+001       2.400523e-001       
1.978352e+001       2.397630e-001       
2.472940e+001       2.373039e-001       
2.967528e+001       2.383165e-001       
3.462115e+001       2.390397e-001       
3.956704e+001       2.380995e-001       
4.451292e+001       2.407033e-001       
4.945880e+001       2.409202e-001       
5.440468e+001       2.430900e-001       
5.935056e+001       2.467787e-001       
6.429644e+001       2.506844e-001       
6.924232e+001       2.524202e-001       
7.418819e+001       2.566875e-001       
7.913407e+001       2.619673e-001       
8.407995e+001       2.649327e-001       
8.902583e+001       2.708635e-001       
9.397170e+001       2.765773e-001       
9.891758e+001       2.799767e-001       
1.038635e+002       2.871370e-001       
1.088093e+002       2.914043e-001       
1.137552e+002       2.979860e-001       
1.187011e+002       3.029765e-001       
1.236470e+002       3.094859e-001       
1.285928e+002       3.134639e-001       
1.335387e+002       3.191777e-001       
1.384846e+002       3.240236e-001       
1.434305e+002       3.269167e-001       
1.483764e+002       3.321965e-001       
1.533222e+002       3.348003e-001       
1.582681e+002       3.366808e-001       
1.632140e+002       3.426839e-001       
1.681599e+002       3.448537e-001       
1.731057e+002       3.460109e-001       
1.780516e+002       3.470958e-001       
1.829975e+002       3.485424e-001       
1.879434e+002       3.496273e-001       
1.928893e+002       3.504229e-001       
1.978351e+002       3.491210e-001       
2.027810e+002       3.476021e-001       
2.077269e+002       3.461556e-001       
2.126728e+002       3.443474e-001       
2.176186e+002       3.407311e-001       
2.225645e+002       3.384890e-001       
2.275104e+002       3.346556e-001       
2.324563e+002       3.283632e-001       
2.374021e+002       3.239513e-001       
2.423480e+002       3.183098e-001       
2.472939e+002       3.124513e-001       
2.522398e+002       3.072438e-001       
2.571857e+002       3.007344e-001       
2.621316e+002       2.938634e-001       
2.670775e+002       2.889452e-001       
2.720233e+002       2.788917e-001       
2.769692e+002       2.744798e-001       
2.819151e+002       2.659453e-001       
2.868610e+002       2.582063e-001       
2.918069e+002       2.527818e-001       
2.967528e+002       2.511183e-001       
3.016987e+002       2.456938e-001       
3.066446e+002       2.406309e-001       
3.115905e+002       2.383888e-001       
3.165364e+002       2.375932e-001       
3.214823e+002       2.353511e-001       
3.264282e+002       2.341215e-001       
3.313741e+002       2.333983e-001       
3.363199e+002       2.328196e-001       
3.412658e+002       2.349894e-001       
3.462117e+002       2.373039e-001       
3.511576e+002       2.395460e-001       
3.561035e+002       2.417882e-001       
3.610494e+002       2.458384e-001       
3.659953e+002       2.524925e-001       
3.709412e+002       2.555302e-001       
3.758871e+002       2.604485e-001       
3.808330e+002       2.647157e-001       
3.857789e+002       2.702849e-001       
3.907248e+002       2.760710e-001       
3.956707e+002       2.831590e-001       
4.006165e+002       2.871370e-001       
4.055624e+002       2.932848e-001       
4.105083e+002       3.020363e-001       
4.154542e+002       3.064482e-001       
4.204001e+002       3.127407e-001       
4.253460e+002       3.165016e-001       
4.302919e+002       3.215645e-001       
4.352378e+002       3.273506e-001       
4.401837e+002       3.292311e-001       
4.451296e+002       3.329921e-001       
4.500755e+002       3.345110e-001       
4.550214e+002       3.383443e-001       
4.599673e+002       3.391399e-001       
4.649131e+002       3.388506e-001       
4.698590e+002       3.389229e-001       
4.748049e+002       3.375487e-001       
4.797508e+002       3.384890e-001       
4.846967e+002       3.366808e-001       
4.896426e+002       3.366085e-001       
4.945885e+002       3.332814e-001       
4.995344e+002       3.305330e-001       
5.044803e+002       3.287972e-001       
5.094262e+002       3.275676e-001       
5.143721e+002       3.229387e-001       
5.193179e+002       3.198287e-001       
5.242638e+002       3.155614e-001       
5.292097e+002       3.119451e-001       
5.341555e+002       3.081841e-001       
5.391014e+002       3.042784e-001       
5.440472e+002       3.006621e-001       
5.489931e+002       2.955269e-001       
5.539390e+002       2.915489e-001       
5.588848e+002       2.869200e-001       
5.638307e+002       2.833760e-001       
5.687766e+002       2.772282e-001       
5.737224e+002       2.728886e-001       
5.786683e+002       2.675365e-001       
5.836141e+002       2.618950e-001       
5.885600e+002       2.560365e-001       
5.935059e+002       2.546623e-001       
5.984517e+002       2.509736e-001       
6.033976e+002       2.482252e-001       
6.083434e+002       2.448259e-001       
6.132893e+002       2.415712e-001       
6.182352e+002       2.382441e-001       
6.231810e+002       2.387504e-001       
6.281269e+002       2.356404e-001       
6.330728e+002       2.352064e-001       
6.380186e+002       2.354957e-001       
6.429645e+002       2.375932e-001       
6.479103e+002       2.387504e-001       
6.528562e+002       2.394737e-001       
6.578021e+002       2.435963e-001       
6.627479e+002       2.462724e-001       
6.676938e+002       2.516246e-001       
6.726396e+002       2.561089e-001       
6.775855e+002       2.594359e-001       
6.825314e+002       2.653667e-001       
6.874772e+002       2.708635e-001       
6.924231e+002       2.772282e-001       
6.973690e+002       2.837377e-001       
7.023148e+002       2.900301e-001       
7.072607e+002       2.975520e-001       
7.122065e+002       3.060143e-001       
7.171524e+002       3.123067e-001       
7.220983e+002       3.171526e-001       
7.270441e+002       3.242406e-001       
7.319900e+002       3.315456e-001       
7.369359e+002       3.378380e-001       
7.418817e+002       3.443474e-001       
7.468276e+002       3.500612e-001       
7.517734e+002       3.532436e-001       
7.567193e+002       3.554134e-001       
7.616652e+002       3.581618e-001       
7.666110e+002       3.597530e-001       
7.715569e+002       3.596084e-001       
7.765027e+002       3.588127e-001       
7.814486e+002       3.587404e-001       
7.863945e+002       3.572939e-001       
7.913403e+002       3.546178e-001       
7.962862e+002       3.491210e-001       
8.012321e+002       3.441304e-001       
8.061779e+002       3.408757e-001       
8.111238e+002       3.345833e-001       
8.160696e+002       3.293035e-001       
8.210155e+002       3.240959e-001       
8.259614e+002       3.175865e-001       
8.309072e+002       3.097029e-001       
8.358531e+002       3.029042e-001       
8.407990e+002       2.975520e-001       
8.457448e+002       2.906087e-001       
8.506907e+002       2.827974e-001       
8.556365e+002       2.765773e-001       
8.605824e+002       2.725993e-001       
8.655283e+002       2.652220e-001       
8.704741e+002       2.613887e-001       
8.754200e+002       2.549516e-001       
8.803658e+002       2.493101e-001       
8.853117e+002       2.464171e-001       
8.902576e+002       2.446812e-001       
8.952034e+002       2.415712e-001       
9.001493e+002       2.340492e-001       
9.050952e+002       2.343385e-001       
9.100410e+002       2.331813e-001       
9.149869e+002       2.294926e-001       
9.199327e+002       2.290587e-001       
9.248786e+002       2.287693e-001       
9.298245e+002       2.280461e-001       
9.347703e+002       2.289863e-001       
9.397162e+002       2.304329e-001       
9.446620e+002       2.328920e-001       
9.496079e+002       2.357850e-001       
9.545538e+002       2.383165e-001       
9.594996e+002       2.409202e-001       
9.644455e+002       2.449705e-001       
9.693914e+002       2.488762e-001       
9.743372e+002       2.532881e-001       
9.792831e+002       2.568321e-001       
9.842289e+002       2.634862e-001       
9.891748e+002       2.717314e-001       
9.941207e+002       2.766496e-001       
9.990665e+002       2.857628e-001       
1.004012e+003       2.918382e-001       
1.008958e+003       2.953822e-001       
1.013904e+003       3.027596e-001       
1.018850e+003       3.090520e-001       
1.023796e+003       3.159954e-001       
1.028742e+003       3.220708e-001       
1.033688e+003       3.284355e-001       
1.038634e+003       3.343663e-001       
1.043579e+003       3.420330e-001       
1.048525e+003       3.475298e-001       
1.053471e+003       3.534606e-001       
1.058417e+003       3.568600e-001       
1.063363e+003       3.601146e-001       
1.068309e+003       3.627907e-001       
1.073255e+003       3.654668e-001       
1.078201e+003       3.656838e-001       
1.083147e+003       3.674196e-001       
1.088093e+003       3.664071e-001       
1.093039e+003       3.656838e-001       
1.097985e+003       3.615612e-001       
1.102931e+003       3.592467e-001       
1.107876e+003       3.532436e-001       
1.112822e+003       3.496273e-001       
1.117768e+003       3.444921e-001       
1.122714e+003       3.388506e-001       
1.127660e+003       3.306054e-001       
1.132606e+003       3.246022e-001       
1.137552e+003       3.175142e-001       
1.142498e+003       3.090520e-001       
1.147444e+003       2.999388e-001       
1.152390e+003       2.940804e-001       
1.157336e+003       2.875710e-001       
1.162282e+003       2.795427e-001       
1.167228e+003       2.747691e-001       
1.172173e+003       2.679704e-001       
1.177119e+003       2.624013e-001       
1.182065e+003       2.582063e-001       
1.187011e+003       2.527818e-001       
1.191957e+003       2.483699e-001       
1.196903e+003       2.459108e-001       
1.201849e+003       2.435240e-001       
1.206795e+003       2.419328e-001       
1.211741e+003       2.398353e-001       
1.216687e+003       2.391844e-001       
1.221633e+003       2.383165e-001       
1.226579e+003       2.401246e-001       
1.231525e+003       2.404863e-001       
1.236470e+003       2.404863e-001       
1.241416e+003       2.423668e-001       
1.246362e+003       2.455491e-001       
1.251308e+003       2.473573e-001       
1.256254e+003       2.503950e-001       
1.261200e+003       2.551686e-001       
1.266146e+003       2.587849e-001       
1.271092e+003       2.582786e-001       
1.276038e+003       2.647157e-001       
1.280984e+003       2.697786e-001       
1.285930e+003       2.716591e-001       
1.290876e+003       2.754201e-001       
1.295822e+003       2.786025e-001       
1.300767e+003       2.836653e-001       
1.305713e+003       2.893068e-001       
1.310659e+003       2.934294e-001       
1.315605e+003       2.987816e-001       
1.320551e+003       3.017470e-001       
1.325497e+003       3.047847e-001       
1.330443e+003       3.097753e-001       
1.335389e+003       3.125237e-001       
1.340335e+003       3.176589e-001       
1.345281e+003       3.222878e-001       
1.350227e+003       3.271337e-001       
1.355173e+003       3.298821e-001       
1.360119e+003       3.324135e-001       
1.365064e+003       3.363915e-001       
1.370010e+003       3.380550e-001       
1.374956e+003       3.428286e-001       
1.379902e+003       3.432625e-001       
1.384848e+003       3.448537e-001       
1.389794e+003       3.460109e-001       
1.394740e+003       3.452877e-001       
1.399686e+003       3.456493e-001       
1.404632e+003       3.454323e-001       
1.409578e+003       3.427562e-001       
1.414524e+003       3.399355e-001       
1.419470e+003       3.381273e-001       
1.424416e+003       3.334984e-001       
1.429361e+003       3.280739e-001       
1.434307e+003       3.237343e-001       
1.439253e+003       3.172249e-001       
1.444199e+003       3.130299e-001       
1.449145e+003       3.055803e-001       
1.454091e+003       2.980583e-001       
1.459037e+003       2.914766e-001       
1.463983e+003       2.846779e-001       
1.468929e+003       2.767943e-001       
1.473875e+003       2.725993e-001       
1.478821e+003       2.650050e-001       
1.483767e+003       2.600145e-001       
1.488713e+003       2.665239e-001       
1.493658e+003       3.358852e-001       
1.498604e+003       2.861244e-001       
1.503550e+003       2.341215e-001       
1.508496e+003       3.243129e-001       
1.513442e+003       4.469067e-001       
1.518388e+003       5.499722e-001       
1.523334e+003       6.230222e-001       
1.528280e+003       5.958997e-001       
1.533226e+003       5.911984e-001       
1.538172e+003       6.435630e-001       
1.543118e+003       7.294148e-001       
1.548064e+003       8.367476e-001       
1.553010e+003       9.714922e-001       
1.557955e+003       1.047508e+000       
1.562901e+003       1.162145e+000       
1.567847e+003       1.258051e+000       
1.572793e+003       1.245755e+000       
1.577739e+003       1.376305e+000       
1.582685e+003       1.528697e+000       
1.587631e+003       1.694976e+000       
1.592577e+003       1.867548e+000       
1.597523e+003       2.035852e+000       
1.602469e+003       2.213776e+000       
1.607415e+003       2.352787e+000       
1.612361e+003       2.369784e+000       
1.617307e+003       2.369784e+000       
1.622252e+003       2.369784e+000       
1.627198e+003       2.369784e+000       
1.632144e+003       2.369784e+000       
1.637090e+003       2.369784e+000       
1.642036e+003       2.369784e+000       
1.646982e+003       2.369784e+000       
1.651928e+003       2.369784e+000       
1.656874e+003       2.369784e+000       
1.661820e+003       2.369784e+000       
1.666766e+003       2.369784e+000       
1.671712e+003       2.369784e+000       
1.676658e+003       2.369784e+000       
1.681604e+003       2.369784e+000       
1.686549e+003       2.369784e+000       
1.691495e+003       2.369784e+000       
1.696441e+003       2.369784e+000       
1.701387e+003       2.369784e+000       
1.706333e+003       2.369784e+000       
1.711279e+003       2.369784e+000       
1.716225e+003       2.369784e+000       
1.721171e+003       2.369784e+000       
1.726117e+003       2.369784e+000       
1.731063e+003       2.369784e+000       
1.736009e+003       2.369784e+000       
1.740955e+003       2.369784e+000       
1.745901e+003       2.369784e+000       
1.750846e+003       2.369784e+000       
1.755792e+003       2.369784e+000       
1.760738e+003       2.369784e+000       
1.765684e+003       2.369784e+000       
1.770630e+003       2.369784e+000       
1.775576e+003       2.369784e+000       
1.780522e+003       2.369784e+000       
1.785468e+003       2.369784e+000       
1.790414e+003       2.369784e+000       
1.795360e+003       2.369784e+000       
1.800306e+003       2.369784e+000       
1.805252e+003       2.369784e+000       
1.810198e+003       2.369784e+000       
1.815143e+003       2.369784e+000       
1.820089e+003       2.369784e+000       
1.825035e+003       2.369784e+000       
1.829981e+003       2.369784e+000       
1.834927e+003       2.369784e+000       
1.839873e+003       2.369784e+000       
1.844819e+003       2.369784e+000       
1.849765e+003       2.369784e+000       
1.854711e+003       2.369784e+000       
1.859657e+003       2.369784e+000       
1.864603e+003       2.369784e+000       
1.869549e+003       2.369784e+000       
1.874495e+003       2.369784e+000       
1.879440e+003       2.369784e+000       
1.884386e+003       2.369784e+000       
1.889332e+003       2.369784e+000       
1.894278e+003       2.369784e+000       
1.899224e+003       2.369784e+000       
1.904170e+003       2.369784e+000       
1.909116e+003       2.369784e+000       
1.914062e+003       2.369784e+000       
1.919008e+003       2.369784e+000       
1.923954e+003       2.369784e+000       
1.928900e+003       2.369784e+000       
1.933846e+003       2.369784e+000       
1.938792e+003       2.369784e+000       
1.943737e+003       2.369784e+000       
1.948683e+003       2.369784e+000       
1.953629e+003       2.369784e+000       
1.958575e+003       2.369784e+000       
1.963521e+003       2.369784e+000       
1.968467e+003       2.369784e+000       
1.973413e+003       2.369784e+000       
1.978359e+003       2.369784e+000       
1.983305e+003       2.369784e+000       
1.988251e+003       2.369784e+000       
1.993197e+003       2.369784e+000       
1.998143e+003       2.369784e+000       
2.003089e+003       2.369784e+000       
2.008034e+003       2.369784e+000       
2.012980e+003       2.369784e+000       
2.017926e+003       2.369784e+000       
2.022872e+003       2.369784e+000       
2.027818e+003       2.369784e+000       
2.032764e+003       2.369784e+000       
2.037710e+003       2.369784e+000       
2.042656e+003       2.369784e+000       
2.047602e+003       2.369784e+000       
2.052548e+003       2.369784e+000       
2.057493e+003       2.369784e+000       
2.062439e+003       2.369784e+000       
2.067385e+003       2.369784e+000       
2.072331e+003       2.369784e+000       
2.077277e+003       2.369784e+000       
2.082222e+003       2.369784e+000       
2.087168e+003       2.369784e+000       
2.092114e+003       2.369784e+000       
2.097060e+003       2.369784e+000       
2.102006e+003       2.369784e+000       
2.106951e+003       2.369784e+000       
2.111897e+003       2.369784e+000       
2.116843e+003       2.369784e+000       
2.121789e+003       2.369784e+000       
2.126735e+003       2.369784e+000       
2.131680e+003       2.369784e+000       
2.136626e+003       2.369784e+000       
2.141572e+003       2.369784e+000       
2.146518e+003       2.369784e+000       
2.151464e+003       2.369784e+000       
2.156409e+003       2.369784e+000       
2.161355e+003       2.369784e+000       
2.166301e+003       2.369784e+000       
2.171247e+003       2.369784e+000       
2.176193e+003       2.369784e+000       
2.181138e+003       2.369784e+000       
2.186084e+003       2.369784e+000       
2.191030e+003       2.369784e+000       
2.195976e+003       2.369784e+000       
2.200922e+003       2.369784e+000       
2.205867e+003       2.369784e+000       
2.210813e+003       2.369784e+000       
2.215759e+003       2.369784e+000       
2.220705e+003       2.369784e+000       
2.225651e+003       2.369784e+000       
2.230596e+003       2.369784e+000       
2.235542e+003       2.369784e+000       
2.240488e+003       2.369784e+000       
2.245434e+003       2.369784e+000       
2.250380e+003       2.369784e+000       
2.255325e+003       2.369784e+000       
2.260271e+003       2.369784e+000       
2.265217e+003       2.369784e+000       
2.270163e+003       2.369784e+000       
2.275109e+003       2.369784e+000       
2.280054e+003       2.369784e+000       
2.285000e+003       2.369784e+000       
2.289946e+003       2.369784e+000       
2.294892e+003       2.369784e+000       
2.299838e+003       2.369784e+000       
2.304783e+003       2.369784e+000       
2.309729e+003       2.369784e+000       
2.314675e+003       2.369784e+000       
2.319621e+003       2.369784e+000       
2.324567e+003       2.369784e+000       
2.329512e+003       2.369784e+000       
2.334458e+003       2.369784e+000       
2.339404e+003       2.369784e+000       
2.344350e+003       2.369784e+000       
2.349296e+003       2.369784e+000       
2.354241e+003       2.369784e+000       
2.359187e+003       2.369784e+000       
2.364133e+003       2.369784e+000       
2.369079e+003       2.369784e+000       
2.374025e+003       2.369784e+000       
2.378970e+003       2.369784e+000       
2.383916e+003       2.369784e+000       
2.388862e+003       2.369784e+000       
2.393808e+003       2.369784e+000       
2.398754e+003       2.369784e+000       
2.403699e+003       2.369784e+000       
2.408645e+003       2.369784e+000       
2.413591e+003       2.369784e+000       
2.418537e+003       2.369784e+000       
2.423483e+003       2.369784e+000       
2.428428e+003       2.369784e+000       
2.433374e+003       2.369784e+000       
2.438320e+003       2.369784e+000       
2.443266e+003       2.369784e+000       
2.448212e+003       2.369784e+000       
2.453157e+003       2.369784e+000       
2.458103e+003       2.369784e+000       
2.463049e+003       2.369784e+000       
2.467995e+003       2.369784e+000       
2.472941e+003       2.369784e+000       
2.477886e+003       2.369784e+000       
2.482832e+003       2.369784e+000       
2.487778e+003       2.369784e+000       
2.492724e+003       2.369784e+000       
2.497670e+003       2.369784e+000       
2.502615e+003       2.369784e+000       
2.507561e+003       2.369784e+000       
2.512507e+003       2.369784e+000       
2.517453e+003       2.369784e+000       
2.522399e+003       2.369784e+000       
2.527344e+003       2.369784e+000       

Retract Data
0.000000e+000       2.369784e+000       
4.945879e+000       2.369784e+000       
9.891759e+000       2.369784e+000       
1.483764e+001       2.369784e+000       
1.978352e+001       2.369784e+000       
2.472940e+001       2.369784e+000       
2.967528e+001       2.369784e+000       
3.462115e+001       2.369784e+000       
3.956704e+001       2.369784e+000       
4.451292e+001       2.369784e+000       
4.945880e+001       2.369784e+000       
5.440468e+001       2.369784e+000       
5.935056e+001       2.369784e+000       
6.429644e+001       2.369784e+000       
6.924232e+001       2.369784e+000       
7.418819e+001       2.369784e+000       
7.913407e+001       2.369784e+000       
8.407995e+001       2.369784e+000       
8.902583e+001       2.369784e+000       
9.397170e+001       2.369784e+000       
9.891758e+001       2.369784e+000       
1.038635e+002       2.369784e+000       
1.088093e+002       2.369784e+000       
1.137552e+002       2.369784e+000       
1.187011e+002       2.369784e+000       
1.236470e+002       2.369784e+000       
1.285928e+002       2.369784e+000       
1.335387e+002       2.369784e+000       
1.384846e+002       2.369784e+000       
1.434305e+002       2.369784e+000       
1.483764e+002       2.369784e+000       
1.533222e+002       2.369784e+000       
1.582681e+002       2.369784e+000       
1.632140e+002       2.369784e+000       
1.681599e+002       2.369784e+000       
1.731057e+002       2.369784e+000       
1.780516e+002       2.369784e+000       
1.829975e+002       2.369784e+000       
1.879434e+002       2.369784e+000       
1.928893e+002       2.369784e+000       
1.978351e+002       2.369784e+000       
2.027810e+002       2.369784e+000       
2.077269e+002       2.369784e+000       
2.126728e+002       2.369784e+000       
2.176186e+002       2.369784e+000       
2.225645e+002       2.369784e+000       
2.275104e+002       2.369784e+000       
2.324563e+002       2.369784e+000       
2.374021e+002       2.369784e+000       
2.423480e+002       2.369784e+000       
2.472939e+002       2.369784e+000       
2.522398e+002       2.369784e+000       
2.571857e+002       2.369784e+000       
2.621316e+002       2.369784e+000       
2.670775e+002       2.369784e+000       
2.720233e+002       2.369784e+000       
2.769692e+002       2.369784e+000       
2.819151e+002       2.369784e+000       
2.868610e+002       2.369784e+000       
2.918069e+002       2.369784e+000       
2.967528e+002       2.369784e+000       
3.016987e+002       2.369784e+000       
3.066446e+002       2.369784e+000       
3.115905e+002       2.369784e+000       
3.165364e+002       2.369784e+000       
3.214823e+002       2.369784e+000       
3.264282e+002       2.369784e+000       
3.313741e+002       2.369784e+000       
3.363199e+002       2.369784e+000       
3.412658e+002       2.369784e+000       
3.462117e+002       2.369784e+000       
3.511576e+002       2.369784e+000       
3.561035e+002       2.369784e+000       
3.610494e+002       2.369784e+000       
3.659953e+002       2.369784e+000       
3.709412e+002       2.369784e+000       
3.758871e+002       2.369784e+000       
3.808330e+002       2.369784e+000       
3.857789e+002       2.369784e+000       
3.907248e+002       2.369784e+000       
3.956707e+002       2.369784e+000       
4.006165e+002       2.369784e+000       
4.055624e+002       2.369784e+000       
4.105083e+002       2.369784e+000       
4.154542e+002       2.369784e+000       
4.204001e+002       2.369784e+000       
4.253460e+002       2.369784e+000       
4.302919e+002       2.369784e+000       
4.352378e+002       2.369784e+000       
4.401837e+002       2.369784e+000       
4.451296e+002       2.369784e+000       
4.500755e+002       2.369784e+000       
4.550214e+002       2.369784e+000       
4.599673e+002       2.369784e+000       
4.649131e+002       2.369784e+000       
4.698590e+002       2.369784e+000       
4.748049e+002       2.369784e+000       
4.797508e+002       2.369784e+000       
4.846967e+002       2.369784e+000       
4.896426e+002       2.369784e+000       
4.945885e+002       2.369784e+000       
4.995344e+002       2.369784e+000       
5.044803e+002       2.369784e+000       
5.094262e+002       2.369784e+000       
5.143721e+002       2.369784e+000       
5.193179e+002       2.369784e+000       
5.242638e+002       2.369784e+000       
5.292097e+002       2.369784e+000       
5.341555e+002       2.369784e+000       
5.391014e+002       2.369784e+000       
5.440472e+002       2.369784e+000       
5.489931e+002       2.369784e+000       
5.539390e+002       2.369784e+000       
5.588848e+002       2.369784e+000       
5.638307e+002       2.369784e+000       
5.687766e+002       2.369784e+000       
5.737224e+002       2.369784e+000       
5.786683e+002       2.369784e+000       
5.836141e+002       2.369784e+000       
5.885600e+002       2.369784e+000       
5.935059e+002       2.369784e+000       
5.984517e+002       2.369784e+000       
6.033976e+002       2.369784e+000       
6.083434e+002       2.369784e+000       
6.132893e+002       2.369784e+000       
6.182352e+002       2.369784e+000       
6.231810e+002       2.369784e+000       
6.281269e+002       2.369784e+000       
6.330728e+002       2.369784e+000       
6.380186e+002       2.369784e+000       
6.429645e+002       2.369784e+000       
6.479103e+002       2.369784e+000       
6.528562e+002       2.369784e+000       
6.578021e+002       2.369784e+000       
6.627479e+002       2.369784e+000       
6.676938e+002       2.369784e+000       
6.726396e+002       2.369784e+000       
6.775855e+002       2.369784e+000       
6.825314e+002       2.369784e+000       
6.874772e+002       2.369784e+000       
6.924231e+002       2.369784e+000       
6.973690e+002       2.369784e+000       
7.023148e+002       2.369784e+000       
7.072607e+002       2.369784e+000       
7.122065e+002       2.369784e+000       
7.171524e+002       2.369784e+000       
7.220983e+002       2.369784e+000       
7.270441e+002       2.369784e+000       
7.319900e+002       2.369784e+000       
7.369359e+002       2.369784e+000       
7.418817e+002       2.369784e+000       
7.468276e+002       2.369784e+000       
7.517734e+002       2.369784e+000       
7.567193e+002       2.369784e+000       
7.616652e+002       2.369784e+000       
7.666110e+002       2.369784e+000       
7.715569e+002       2.369784e+000       
7.765027e+002       2.369784e+000       
7.814486e+002       2.369784e+000       
7.863945e+002       2.369784e+000       
7.913403e+002       2.369784e+000       
7.962862e+002       2.369784e+000       
8.012321e+002       2.369784e+000       
8.061779e+002       2.369784e+000       
8.111238e+002       2.369784e+000       
8.160696e+002       2.369784e+000       
8.210155e+002       2.369784e+000       
8.259614e+002       2.369784e+000       
8.309072e+002       2.369784e+000       
8.358531e+002       2.369784e+000       
8.407990e+002       2.369784e+000       
8.457448e+002       2.369784e+000       
8.506907e+002       2.369784e+000       
8.556365e+002       2.369784e+000       
8.605824e+002       2.369784e+000       
8.655283e+002       2.369784e+000       
8.704741e+002       2.369784e+000       
8.754200e+002       2.369784e+000       
8.803658e+002       2.369784e+000       
8.853117e+002       2.369784e+000       
8.902576e+002       2.369784e+000       
8.952034e+002       2.369784e+000       
9.001493e+002       2.369784e+000       
9.050952e+002       2.369784e+000       
9.100410e+002       2.369784e+000       
9.149869e+002       2.369784e+000       
9.199327e+002       2.369784e+000       
9.248786e+002       2.369784e+000       
9.298245e+002       2.365228e+000       
9.347703e+002       2.270335e+000       
9.397162e+002       2.129587e+000       
9.446620e+002       1.986525e+000       
9.496079e+002       1.859809e+000       
9.545538e+002       1.706838e+000       
9.594996e+002       1.545115e+000       
9.644455e+002       1.394820e+000       
9.693914e+002       1.263041e+000       
9.743372e+002       1.112674e+000       
9.792831e+002       9.484923e-001       
9.842289e+002       7.855403e-001       
9.891748e+002       6.154279e-001       
9.941207e+002       4.534884e-001       
9.990665e+002       2.833760e-001       
1.004012e+003       1.130466e-001       
1.008958e+003       -3.587404e-002      
1.013904e+003       -1.552131e-001      
1.018850e+003       -2.681151e-001      
1.023796e+003       -3.883944e-001      
1.028742e+003       -5.038278e-001      
1.033688e+003       -6.261322e-001      
1.038634e+003       -7.109715e-001      
1.043579e+003       -7.685435e-001      
1.048525e+003       -3.689385e-001      
1.053471e+003       -1.411094e-001      
1.058417e+003       -3.717592e-002      
1.063363e+003       -2.111940e-002      
1.068309e+003       1.567320e-001       
1.073255e+003       2.372316e-001       
1.078201e+003       2.462001e-001       
1.083147e+003       2.516246e-001       
1.088093e+003       2.689830e-001       
1.093039e+003       2.746245e-001       
1.097985e+003       2.809892e-001       
1.102931e+003       2.868477e-001       
1.107876e+003       2.941527e-001       
1.112822e+003       2.980583e-001       
1.117768e+003       3.055080e-001       
1.122714e+003       3.146935e-001       
1.127660e+003       3.201180e-001       
1.132606e+003       3.261934e-001       
1.137552e+003       3.324859e-001       
1.142498e+003       3.368254e-001       
1.147444e+003       3.393569e-001       
1.152390e+003       3.432625e-001       
1.157336e+003       3.450707e-001       
1.162282e+003       3.480361e-001       
1.167228e+003       3.485424e-001       
1.172173e+003       3.481807e-001       
1.177119e+003       3.493380e-001       
1.182065e+003       3.469512e-001       
1.187011e+003       3.432625e-001       
1.191957e+003       3.441304e-001       
1.196903e+003       3.413097e-001       
1.201849e+003       3.387783e-001       
1.206795e+003       3.347280e-001       
1.211741e+003       3.321965e-001       
1.216687e+003       3.275676e-001       
1.221633e+003       3.247469e-001       
1.226579e+003       3.217815e-001       
1.231525e+003       3.175142e-001       
1.236470e+003       3.115111e-001       
1.241416e+003       3.078224e-001       
1.246362e+003       3.039891e-001       
1.251308e+003       2.983477e-001       
1.256254e+003       2.948759e-001       
1.261200e+003       2.906087e-001       
1.266146e+003       2.882942e-001       
1.271092e+003       2.840993e-001       
1.276038e+003       2.809169e-001       
1.280984e+003       2.749138e-001       
1.285930e+003       2.717314e-001       
1.290876e+003       2.634862e-001       
1.295822e+003       2.643541e-001       
1.300767e+003       2.607377e-001       
1.305713e+003       2.563981e-001       
1.310659e+003       2.543007e-001       
1.315605e+003       2.513353e-001       
1.320551e+003       2.469957e-001       
1.325497e+003       2.448982e-001       
1.330443e+003       2.434517e-001       
1.335389e+003       2.414989e-001       
1.340335e+003       2.414265e-001       
1.345281e+003       2.391121e-001       
1.350227e+003       2.396907e-001       
1.355173e+003       2.409202e-001       
1.360119e+003       2.428731e-001       
1.365064e+003       2.420775e-001       
1.370010e+003       2.442473e-001       
1.374956e+003       2.470680e-001       
1.379902e+003       2.530711e-001       
1.384848e+003       2.577724e-001       
1.389794e+003       2.600145e-001       
1.394740e+003       2.673918e-001       
1.399686e+003       2.746968e-001       
1.404632e+003       2.781685e-001       
1.409578e+003       2.848949e-001       
1.414524e+003       2.899577e-001       
1.419470e+003       2.995049e-001       
1.424416e+003       3.041338e-001       
1.429361e+003       3.127407e-001       
1.434307e+003       3.188884e-001       
1.439253e+003       3.279293e-001       
1.444199e+003       3.345110e-001       
1.449145e+003       3.402248e-001       
1.454091e+003       3.465895e-001       
1.459037e+003       3.539669e-001       
1.463983e+003       3.551964e-001       
1.468929e+003       3.588851e-001       
1.473875e+003       3.638033e-001       
1.478821e+003       3.653222e-001       
1.483767e+003       3.664071e-001       
1.488713e+003       3.672750e-001       
1.493658e+003       3.672027e-001       
1.498604e+003       3.652498e-001       
1.503550e+003       3.638756e-001       
1.508496e+003       3.604040e-001       
1.513442e+003       3.569323e-001       
1.518388e+003       3.547625e-001       
1.523334e+003       3.505675e-001       
1.528280e+003       3.435518e-001       
1.533226e+003       3.378380e-001       
1.538172e+003       3.343663e-001       
1.543118e+003       3.264104e-001       
1.548064e+003       3.172972e-001       
1.553010e+003       3.128130e-001       
1.557955e+003       3.057973e-001       
1.562901e+003       2.978413e-001       
1.567847e+003       2.909703e-001       
1.572793e+003       2.848949e-001       
1.577739e+003       2.770113e-001       
1.582685e+003       2.718037e-001       
1.587631e+003       2.639201e-001       
1.592577e+003       2.613887e-001       
1.597523e+003       2.561089e-001       
1.602469e+003       2.508290e-001       
1.607415e+003       2.475020e-001       
1.612361e+003       2.426561e-001       
1.617307e+003       2.401246e-001       
1.622252e+003       2.375932e-001       
1.627198e+003       2.365806e-001       
1.632144e+003       2.345555e-001       
1.637090e+003       2.331090e-001       
1.642036e+003       2.316624e-001       
1.646982e+003       2.320241e-001       
1.651928e+003       2.326750e-001       
1.656874e+003       2.333983e-001       
1.661820e+003       2.350618e-001       
1.666766e+003       2.367976e-001       
1.671712e+003       2.394737e-001       
1.676658e+003       2.404863e-001       
1.681604e+003       2.441026e-001       
1.686549e+003       2.458384e-001       
1.691495e+003       2.513353e-001       
1.696441e+003       2.554579e-001       
1.701387e+003       2.608101e-001       
1.706333e+003       2.666686e-001       
1.711279e+003       2.715144e-001       
1.716225e+003       2.775899e-001       
1.721171e+003       2.820018e-001       
1.726117e+003       2.904640e-001       
1.731063e+003       2.956716e-001       
1.736009e+003       3.002281e-001       
1.740955e+003       3.068822e-001       
1.745901e+003       3.133916e-001       
1.750846e+003       3.225048e-001       
1.755792e+003       3.296651e-001       
1.760738e+003       3.345833e-001       
1.765684e+003       3.399355e-001       
1.770630e+003       3.453600e-001       
1.775576e+003       3.507845e-001       
1.780522e+003       3.520864e-001       
1.785468e+003       3.568600e-001       
1.790414e+003       3.589574e-001       
1.795360e+003       3.588127e-001       
1.800306e+003       3.612719e-001       
1.805252e+003       3.613442e-001       
1.810198e+003       3.588127e-001       
1.815143e+003       3.562813e-001       
1.820089e+003       3.528096e-001       
1.825035e+003       3.486870e-001       
1.829981e+003       3.449984e-001       
1.834927e+003       3.384890e-001       
1.839873e+003       3.315456e-001       
1.844819e+003       3.252532e-001       
1.849765e+003       3.199010e-001       
1.854711e+003       3.129576e-001       
1.859657e+003       3.062313e-001       
1.864603e+003       2.977690e-001       
1.869549e+003       2.911150e-001       
1.874495e+003       2.841716e-001       
1.879440e+003       2.774452e-001       
1.884386e+003       2.718037e-001       
1.889332e+003       2.657283e-001       
1.894278e+003       2.613164e-001       
1.899224e+003       2.557472e-001       
1.904170e+003       2.520585e-001       
1.909116e+003       2.485869e-001       
1.914062e+003       2.454045e-001       
1.919008e+003       2.404863e-001       
1.923954e+003       2.390397e-001       
1.928900e+003       2.373039e-001       
1.933846e+003       2.371593e-001       
1.938792e+003       2.382441e-001       
1.943737e+003       2.365083e-001       
1.948683e+003       2.383165e-001       
1.953629e+003       2.399800e-001       
1.958575e+003       2.427284e-001       
1.963521e+003       2.441026e-001       
1.968467e+003       2.482252e-001       
1.973413e+003       2.531435e-001       
1.978359e+003       2.569768e-001       
1.983305e+003       2.605931e-001       
1.988251e+003       2.652220e-001       
1.993197e+003       2.689107e-001       
1.998143e+003       2.741182e-001       
2.003089e+003       2.771559e-001       
2.008034e+003       2.829421e-001       
2.012980e+003       2.877879e-001       
2.017926e+003       2.914766e-001       
2.022872e+003       2.965395e-001       
2.027818e+003       3.008068e-001       
2.032764e+003       3.054357e-001       
2.037710e+003       3.093413e-001       
2.042656e+003       3.146212e-001       
2.047602e+003       3.175865e-001       
2.052548e+003       3.232280e-001       
2.057493e+003       3.237343e-001       
2.062439e+003       3.286525e-001       
2.067385e+003       3.308223e-001       
2.072331e+003       3.325582e-001       
2.077277e+003       3.342940e-001       
2.082222e+003       3.349450e-001       
2.087168e+003       3.359575e-001       
2.092114e+003       3.368978e-001       
2.097060e+003       3.370424e-001       
2.102006e+003       3.356682e-001       
2.106951e+003       3.373317e-001       
2.111897e+003       3.355959e-001       
2.116843e+003       3.342940e-001       
2.121789e+003       3.295928e-001       
2.126735e+003       3.261211e-001       
2.131680e+003       3.206966e-001       
2.136626e+003       3.176589e-001       
2.141572e+003       3.130299e-001       
2.146518e+003       3.063759e-001       
2.151464e+003       2.994325e-001       
2.156409e+003       2.940080e-001       
2.161355e+003       2.891622e-001       
2.166301e+003       2.819295e-001       
2.171247e+003       2.765050e-001       
2.176193e+003       2.711528e-001       
2.181138e+003       2.644987e-001       
2.186084e+003       2.587849e-001       
2.191030e+003       2.556749e-001       
2.195976e+003       2.506120e-001       
2.200922e+003       2.467787e-001       
2.205867e+003       2.435963e-001       
2.210813e+003       2.395460e-001       
2.215759e+003       2.373762e-001       
2.220705e+003       2.381718e-001       
2.225651e+003       2.351341e-001       
2.230596e+003       2.338322e-001       
2.235542e+003       2.350618e-001       
2.240488e+003       2.354957e-001       
2.245434e+003       2.370146e-001       
2.250380e+003       2.388228e-001       
2.255325e+003       2.425838e-001       
2.260271e+003       2.473573e-001       
2.265217e+003       2.519139e-001       
2.270163e+003       2.551686e-001       
2.275109e+003       2.613887e-001       
2.280054e+003       2.684767e-001       
2.285000e+003       2.750584e-001       
2.289946e+003       2.823634e-001       
2.294892e+003       2.904640e-001       
2.299838e+003       2.978413e-001       
2.304783e+003       3.055080e-001       
2.309729e+003       3.112941e-001       
2.314675e+003       3.180205e-001       
2.319621e+003       3.240236e-001       
2.324567e+003       3.287249e-001       
2.329512e+003       3.334984e-001       
2.334458e+003       3.383443e-001       
2.339404e+003       3.409481e-001       
2.344350e+003       3.455046e-001       
2.349296e+003       3.456493e-001       
2.354241e+003       3.470235e-001       
2.359187e+003       3.496273e-001       
2.364133e+003       3.483254e-001       
2.369079e+003       3.474575e-001       
2.374025e+003       3.454323e-001       
2.378970e+003       3.439858e-001       
2.383916e+003       3.405864e-001       
2.388862e+003       3.385613e-001       
2.393808e+003       3.355959e-001       
2.398754e+003       3.303160e-001       
2.403699e+003       3.264104e-001       
2.408645e+003       3.217815e-001       
2.413591e+003       3.162123e-001       
2.418537e+003       3.090520e-001       
2.423483e+003       3.041338e-001       
2.428428e+003       2.953099e-001       
2.433374e+003       2.935018e-001       
2.438320e+003       2.867031e-001       
2.443266e+003       2.780238e-001       
2.448212e+003       2.731780e-001       
2.453157e+003       2.692000e-001       
2.458103e+003       2.629076e-001       
2.463049e+003       2.596529e-001       
2.467995e+003       2.553856e-001       
2.472941e+003       2.505397e-001       
2.477886e+003       2.470680e-001       
2.482832e+003       2.434517e-001       
2.487778e+003       2.389674e-001       
2.492724e+003       2.385335e-001       
2.497670e+003       2.365806e-001       
2.502615e+003       2.357850e-001       
2.507561e+003       2.356404e-001       
2.512507e+003       2.381718e-001       
2.517453e+003       2.399800e-001       
2.522399e+003       2.419328e-001       
2.527344e+003       2.436687e-001       
