Calculated Z (nm)   Deflection (V)      
Extend Data
0.000000e+000       2.453322e-001       
4.945879e+000       2.435963e-001       
9.891759e+000       2.424391e-001       
1.483764e+001       2.393291e-001       
1.978352e+001       2.370869e-001       
2.472940e+001       2.367253e-001       
2.967528e+001       2.367976e-001       
3.462115e+001       2.347001e-001       
3.956704e+001       2.359297e-001       
4.451292e+001       2.363636e-001       
4.945880e+001       2.391121e-001       
5.440468e+001       2.384611e-001       
5.935056e+001       2.435240e-001       
6.429644e+001       2.441026e-001       
6.924232e+001       2.485869e-001       
7.418819e+001       2.540114e-001       
7.913407e+001       2.569768e-001       
8.407995e+001       2.610994e-001       
8.902583e+001       2.662346e-001       
9.397170e+001       2.703572e-001       
9.891758e+001       2.756371e-001       
1.038635e+002       2.819295e-001       
1.088093e+002       2.876433e-001       
1.137552e+002       2.923445e-001       
1.187011e+002       2.985646e-001       
1.236470e+002       3.010961e-001       
1.285928e+002       3.071715e-001       
1.335387e+002       3.123067e-001       
1.384846e+002       3.173696e-001       
1.434305e+002       3.247469e-001       
1.483764e+002       3.278569e-001       
1.533222e+002       3.311116e-001       
1.582681e+002       3.349450e-001       
1.632140e+002       3.388506e-001       
1.681599e+002       3.430455e-001       
1.731057e+002       3.446367e-001       
1.780516e+002       3.481807e-001       
1.829975e+002       3.502782e-001       
1.879434e+002       3.485424e-001       
1.928893e+002       3.491933e-001       
1.978351e+002       3.489763e-001       
2.027810e+002       3.494103e-001       
2.077269e+002       3.460109e-001       
2.126728e+002       3.457940e-001       
2.176186e+002       3.427562e-001       
2.225645e+002       3.400801e-001       
2.275104e+002       3.346556e-001       
2.324563e+002       3.321965e-001       
2.374021e+002       3.260488e-001       
2.423480e+002       3.188884e-001       
2.472939e+002       3.153444e-001       
2.522398e+002       3.068099e-001       
2.571857e+002       2.997218e-001       
2.621316e+002       2.919829e-001       
2.670775e+002       2.877156e-001       
2.720233e+002       2.786025e-001       
2.769692e+002       2.718037e-001       
2.819151e+002       2.667409e-001       
2.868610e+002       2.607377e-001       
2.918069e+002       2.532881e-001       
2.967528e+002       2.492378e-001       
3.016987e+002       2.444642e-001       
3.066446e+002       2.412819e-001       
3.115905e+002       2.383888e-001       
3.165364e+002       2.361467e-001       
3.214823e+002       2.349894e-001       
3.264282e+002       2.342662e-001       
3.313741e+002       2.333259e-001       
3.363199e+002       2.332536e-001       
3.412658e+002       2.352788e-001       
3.462117e+002       2.362190e-001       
3.511576e+002       2.375932e-001       
3.561035e+002       2.407033e-001       
3.610494e+002       2.438133e-001       
3.659953e+002       2.467064e-001       
3.709412e+002       2.515523e-001       
3.758871e+002       2.553132e-001       
3.808330e+002       2.597252e-001       
3.857789e+002       2.643541e-001       
3.907248e+002       2.702849e-001       
3.956707e+002       2.758540e-001       
4.006165e+002       2.830144e-001       
4.055624e+002       2.893791e-001       
4.105083e+002       2.950929e-001       
4.154542e+002       3.001558e-001       
4.204001e+002       3.039891e-001       
4.253460e+002       3.083287e-001       
4.302919e+002       3.141872e-001       
4.352378e+002       3.174419e-001       
4.401837e+002       3.233727e-001       
4.451296e+002       3.286525e-001       
4.500755e+002       3.314009e-001       
4.550214e+002       3.342940e-001       
4.599673e+002       3.371148e-001       
4.649131e+002       3.379104e-001       
4.698590e+002       3.404418e-001       
4.748049e+002       3.403695e-001       
4.797508e+002       3.391399e-001       
4.846967e+002       3.380550e-001       
4.896426e+002       3.371148e-001       
4.945885e+002       3.344387e-001       
4.995344e+002       3.324859e-001       
5.044803e+002       3.319072e-001       
5.094262e+002       3.287972e-001       
5.143721e+002       3.241683e-001       
5.193179e+002       3.217092e-001       
5.242638e+002       3.193947e-001       
5.292097e+002       3.163570e-001       
5.341555e+002       3.141872e-001       
5.391014e+002       3.095583e-001       
5.440472e+002       3.045677e-001       
5.489931e+002       3.005898e-001       
5.539390e+002       2.958162e-001       
5.588848e+002       2.890175e-001       
5.638307e+002       2.868477e-001       
5.687766e+002       2.813509e-001       
5.737224e+002       2.781685e-001       
5.786683e+002       2.732503e-001       
5.836141e+002       2.658006e-001       
5.885600e+002       2.619673e-001       
5.935059e+002       2.564705e-001       
5.984517e+002       2.530711e-001       
6.033976e+002       2.471403e-001       
6.083434e+002       2.451875e-001       
6.132893e+002       2.424391e-001       
6.182352e+002       2.387504e-001       
6.231810e+002       2.371593e-001       
6.281269e+002       2.351341e-001       
6.330728e+002       2.350618e-001       
6.380186e+002       2.341939e-001       
6.429645e+002       2.362913e-001       
6.479103e+002       2.352788e-001       
6.528562e+002       2.367976e-001       
6.578021e+002       2.407033e-001       
6.627479e+002       2.438133e-001       
6.676938e+002       2.482252e-001       
6.726396e+002       2.511183e-001       
6.775855e+002       2.541560e-001       
6.825314e+002       2.605931e-001       
6.874772e+002       2.665239e-001       
6.924231e+002       2.697063e-001       
6.973690e+002       2.765050e-001       
7.023148e+002       2.823634e-001       
7.072607e+002       2.894515e-001       
7.122065e+002       2.957439e-001       
7.171524e+002       3.049294e-001       
7.220983e+002       3.115111e-001       
7.270441e+002       3.182375e-001       
7.319900e+002       3.264104e-001       
7.369359e+002       3.329921e-001       
7.418817e+002       3.375487e-001       
7.468276e+002       3.428286e-001       
7.517734e+002       3.465172e-001       
7.567193e+002       3.500612e-001       
7.616652e+002       3.546178e-001       
7.666110e+002       3.576555e-001       
7.715569e+002       3.592467e-001       
7.765027e+002       3.596807e-001       
7.814486e+002       3.598253e-001       
7.863945e+002       3.573662e-001       
7.913403e+002       3.543285e-001       
7.962862e+002       3.507845e-001       
8.012321e+002       3.478914e-001       
8.061779e+002       3.434795e-001       
8.111238e+002       3.379104e-001       
8.160696e+002       3.318349e-001       
8.210155e+002       3.266997e-001       
8.259614e+002       3.197563e-001       
8.309072e+002       3.136086e-001       
8.358531e+002       3.083287e-001       
8.407990e+002       2.999388e-001       
8.457448e+002       2.937911e-001       
8.506907e+002       2.860521e-001       
8.556365e+002       2.803383e-001       
8.605824e+002       2.744075e-001       
8.655283e+002       2.676088e-001       
8.704741e+002       2.630522e-001       
8.754200e+002       2.572661e-001       
8.803658e+002       2.556749e-001       
8.853117e+002       2.491655e-001       
8.902576e+002       2.472127e-001       
8.952034e+002       2.425114e-001       
9.001493e+002       2.383165e-001       
9.050952e+002       2.351341e-001       
9.100410e+002       2.329643e-001       
9.149869e+002       2.315178e-001       
9.199327e+002       2.300712e-001       
9.248786e+002       2.286247e-001       
9.298245e+002       2.296373e-001       
9.347703e+002       2.292756e-001       
9.397162e+002       2.299989e-001       
9.446620e+002       2.279014e-001       
9.496079e+002       2.325303e-001       
9.545538e+002       2.346278e-001       
9.594996e+002       2.373039e-001       
9.644455e+002       2.394014e-001       
9.693914e+002       2.457661e-001       
9.743372e+002       2.480083e-001       
9.792831e+002       2.542284e-001       
9.842289e+002       2.581340e-001       
9.891748e+002       2.636308e-001       
9.941207e+002       2.668132e-001       
9.990665e+002       2.752754e-001       
1.004012e+003       2.834483e-001       
1.008958e+003       2.923445e-001       
1.013904e+003       2.979860e-001       
1.018850e+003       3.040614e-001       
1.023796e+003       3.127407e-001       
1.028742e+003       3.175142e-001       
1.033688e+003       3.251809e-001       
1.038634e+003       3.340770e-001       
1.043579e+003       3.391399e-001       
1.048525e+003       3.451430e-001       
1.053471e+003       3.493380e-001       
1.058417e+003       3.552687e-001       
1.063363e+003       3.604040e-001       
1.068309e+003       3.625737e-001       
1.073255e+003       3.640926e-001       
1.078201e+003       3.655391e-001       
1.083147e+003       3.679982e-001       
1.088093e+003       3.683599e-001       
1.093039e+003       3.658285e-001       
1.097985e+003       3.636586e-001       
1.102931e+003       3.602593e-001       
1.107876e+003       3.583788e-001       
1.112822e+003       3.544731e-001       
1.117768e+003       3.479638e-001       
1.122714e+003       3.419606e-001       
1.127660e+003       3.359575e-001       
1.132606e+003       3.303884e-001       
1.137552e+003       3.208413e-001       
1.142498e+003       3.133916e-001       
1.147444e+003       3.080394e-001       
1.152390e+003       3.003004e-001       
1.157336e+003       2.927062e-001       
1.162282e+003       2.874263e-001       
1.167228e+003       2.780238e-001       
1.172173e+003       2.714421e-001       
1.177119e+003       2.639925e-001       
1.182065e+003       2.588573e-001       
1.187011e+003       2.558919e-001       
1.191957e+003       2.524925e-001       
1.196903e+003       2.481529e-001       
1.201849e+003       2.441026e-001       
1.206795e+003       2.406309e-001       
1.211741e+003       2.401246e-001       
1.216687e+003       2.380272e-001       
1.221633e+003       2.368699e-001       
1.226579e+003       2.374486e-001       
1.231525e+003       2.386058e-001       
1.236470e+003       2.394014e-001       
1.241416e+003       2.404863e-001       
1.246362e+003       2.438133e-001       
1.251308e+003       2.451875e-001       
1.256254e+003       2.467787e-001       
1.261200e+003       2.488039e-001       
1.266146e+003       2.546623e-001       
1.271092e+003       2.544453e-001       
1.276038e+003       2.580617e-001       
1.280984e+003       2.629076e-001       
1.285930e+003       2.676088e-001       
1.290876e+003       2.707912e-001       
1.295822e+003       2.747691e-001       
1.300767e+003       2.784578e-001       
1.305713e+003       2.828697e-001       
1.310659e+003       2.861244e-001       
1.315605e+003       2.898131e-001       
1.320551e+003       2.939357e-001       
1.325497e+003       3.009514e-001       
1.330443e+003       3.042061e-001       
1.335389e+003       3.092690e-001       
1.340335e+003       3.152721e-001       
1.345281e+003       3.193947e-001       
1.350227e+003       3.240236e-001       
1.355173e+003       3.274953e-001       
1.360119e+003       3.321242e-001       
1.365064e+003       3.351619e-001       
1.370010e+003       3.385613e-001       
1.374956e+003       3.426116e-001       
1.379902e+003       3.449984e-001       
1.384848e+003       3.489040e-001       
1.389794e+003       3.484700e-001       
1.394740e+003       3.515801e-001       
1.399686e+003       3.510738e-001       
1.404632e+003       3.494826e-001       
1.409578e+003       3.483977e-001       
1.414524e+003       3.457216e-001       
1.419470e+003       3.423946e-001       
1.424416e+003       3.383443e-001       
1.429361e+003       3.343663e-001       
1.434307e+003       3.286525e-001       
1.439253e+003       3.227217e-001       
1.444199e+003       3.165740e-001       
1.449145e+003       3.095583e-001       
1.454091e+003       3.025426e-001       
1.459037e+003       2.964672e-001       
1.463983e+003       2.900301e-001       
1.468929e+003       2.835930e-001       
1.473875e+003       2.744075e-001       
1.478821e+003       2.681874e-001       
1.483767e+003       2.459831e-001       
1.488713e+003       2.141594e-001       
1.493658e+003       2.134361e-001       
1.498604e+003       2.444642e-001       
1.503550e+003       2.319517e-001       
1.508496e+003       3.033382e-001       
1.513442e+003       3.695171e-001       
1.518388e+003       4.030044e-001       
1.523334e+003       3.756649e-001       
1.528280e+003       3.864416e-001       
1.533226e+003       3.796428e-001       
1.538172e+003       4.811895e-001       
1.543118e+003       6.278681e-001       
1.548064e+003       7.361411e-001       
1.553010e+003       9.074108e-001       
1.557955e+003       1.080199e+000       
1.562901e+003       1.199177e+000       
1.567847e+003       1.300289e+000       
1.572793e+003       1.466858e+000       
1.577739e+003       1.570864e+000       
1.582685e+003       1.440314e+000       
1.587631e+003       1.445955e+000       
1.592577e+003       1.604351e+000       
1.597523e+003       1.763470e+000       
1.602469e+003       1.931340e+000       
1.607415e+003       2.103767e+000       
1.612361e+003       2.274602e+000       
1.617307e+003       2.369784e+000       
1.622252e+003       2.369784e+000       
1.627198e+003       2.369784e+000       
1.632144e+003       2.369784e+000       
1.637090e+003       2.369784e+000       
1.642036e+003       2.369784e+000       
1.646982e+003       2.369784e+000       
1.651928e+003       2.369784e+000       
1.656874e+003       2.369784e+000       
1.661820e+003       2.369784e+000       
1.666766e+003       2.369784e+000       
1.671712e+003       2.369784e+000       
1.676658e+003       2.369784e+000       
1.681604e+003       2.369784e+000       
1.686549e+003       2.369784e+000       
1.691495e+003       2.369784e+000       
1.696441e+003       2.369784e+000       
1.701387e+003       2.369784e+000       
1.706333e+003       2.369784e+000       
1.711279e+003       2.369784e+000       
1.716225e+003       2.369784e+000       
1.721171e+003       2.369784e+000       
1.726117e+003       2.369784e+000       
1.731063e+003       2.369784e+000       
1.736009e+003       2.369784e+000       
1.740955e+003       2.369784e+000       
1.745901e+003       2.369784e+000       
1.750846e+003       2.369784e+000       
1.755792e+003       2.369784e+000       
1.760738e+003       2.369784e+000       
1.765684e+003       2.369784e+000       
1.770630e+003       2.369784e+000       
1.775576e+003       2.369784e+000       
1.780522e+003       2.369784e+000       
1.785468e+003       2.369784e+000       
1.790414e+003       2.369784e+000       
1.795360e+003       2.369784e+000       
1.800306e+003       2.369784e+000       
1.805252e+003       2.369784e+000       
1.810198e+003       2.369784e+000       
1.815143e+003       2.369784e+000       
1.820089e+003       2.369784e+000       
1.825035e+003       2.369784e+000       
1.829981e+003       2.369784e+000       
1.834927e+003       2.369784e+000       
1.839873e+003       2.369784e+000       
1.844819e+003       2.369784e+000       
1.849765e+003       2.369784e+000       
1.854711e+003       2.369784e+000       
1.859657e+003       2.369784e+000       
1.864603e+003       2.369784e+000       
1.869549e+003       2.369784e+000       
1.874495e+003       2.369784e+000       
1.879440e+003       2.369784e+000       
1.884386e+003       2.369784e+000       
1.889332e+003       2.369784e+000       
1.894278e+003       2.369784e+000       
1.899224e+003       2.369784e+000       
1.904170e+003       2.369784e+000       
1.909116e+003       2.369784e+000       
1.914062e+003       2.369784e+000       
1.919008e+003       2.369784e+000       
1.923954e+003       2.369784e+000       
1.928900e+003       2.369784e+000       
1.933846e+003       2.369784e+000       
1.938792e+003       2.369784e+000       
1.943737e+003       2.369784e+000       
1.948683e+003       2.369784e+000       
1.953629e+003       2.369784e+000       
1.958575e+003       2.369784e+000       
1.963521e+003       2.369784e+000       
1.968467e+003       2.369784e+000       
1.973413e+003       2.369784e+000       
1.978359e+003       2.369784e+000       
1.983305e+003       2.369784e+000       
1.988251e+003       2.369784e+000       
1.993197e+003       2.369784e+000       
1.998143e+003       2.369784e+000       
2.003089e+003       2.369784e+000       
2.008034e+003       2.369784e+000       
2.012980e+003       2.369784e+000       
2.017926e+003       2.369784e+000       
2.022872e+003       2.369784e+000       
2.027818e+003       2.369784e+000       
2.032764e+003       2.369784e+000       
2.037710e+003       2.369784e+000       
2.042656e+003       2.369784e+000       
2.047602e+003       2.369784e+000       
2.052548e+003       2.369784e+000       
2.057493e+003       2.369784e+000       
2.062439e+003       2.369784e+000       
2.067385e+003       2.369784e+000       
2.072331e+003       2.369784e+000       
2.077277e+003       2.369784e+000       
2.082222e+003       2.369784e+000       
2.087168e+003       2.369784e+000       
2.092114e+003       2.369784e+000       
2.097060e+003       2.369784e+000       
2.102006e+003       2.369784e+000       
2.106951e+003       2.369784e+000       
2.111897e+003       2.369784e+000       
2.116843e+003       2.369784e+000       
2.121789e+003       2.369784e+000       
2.126735e+003       2.369784e+000       
2.131680e+003       2.369784e+000       
2.136626e+003       2.369784e+000       
2.141572e+003       2.369784e+000       
2.146518e+003       2.369784e+000       
2.151464e+003       2.369784e+000       
2.156409e+003       2.369784e+000       
2.161355e+003       2.369784e+000       
2.166301e+003       2.369784e+000       
2.171247e+003       2.369784e+000       
2.176193e+003       2.369784e+000       
2.181138e+003       2.369784e+000       
2.186084e+003       2.369784e+000       
2.191030e+003       2.369784e+000       
2.195976e+003       2.369784e+000       
2.200922e+003       2.369784e+000       
2.205867e+003       2.369784e+000       
2.210813e+003       2.369784e+000       
2.215759e+003       2.369784e+000       
2.220705e+003       2.369784e+000       
2.225651e+003       2.369784e+000       
2.230596e+003       2.369784e+000       
2.235542e+003       2.369784e+000       
2.240488e+003       2.369784e+000       
2.245434e+003       2.369784e+000       
2.250380e+003       2.369784e+000       
2.255325e+003       2.369784e+000       
2.260271e+003       2.369784e+000       
2.265217e+003       2.369784e+000       
2.270163e+003       2.369784e+000       
2.275109e+003       2.369784e+000       
2.280054e+003       2.369784e+000       
2.285000e+003       2.369784e+000       
2.289946e+003       2.369784e+000       
2.294892e+003       2.369784e+000       
2.299838e+003       2.369784e+000       
2.304783e+003       2.369784e+000       
2.309729e+003       2.369784e+000       
2.314675e+003       2.369784e+000       
2.319621e+003       2.369784e+000       
2.324567e+003       2.369784e+000       
2.329512e+003       2.369784e+000       
2.334458e+003       2.369784e+000       
2.339404e+003       2.369784e+000       
2.344350e+003       2.369784e+000       
2.349296e+003       2.369784e+000       
2.354241e+003       2.369784e+000       
2.359187e+003       2.369784e+000       
2.364133e+003       2.369784e+000       
2.369079e+003       2.369784e+000       
2.374025e+003       2.369784e+000       
2.378970e+003       2.369784e+000       
2.383916e+003       2.369784e+000       
2.388862e+003       2.369784e+000       
2.393808e+003       2.369784e+000       
2.398754e+003       2.369784e+000       
2.403699e+003       2.369784e+000       
2.408645e+003       2.369784e+000       
2.413591e+003       2.369784e+000       
2.418537e+003       2.369784e+000       
2.423483e+003       2.369784e+000       
2.428428e+003       2.369784e+000       
2.433374e+003       2.369784e+000       
2.438320e+003       2.369784e+000       
2.443266e+003       2.369784e+000       
2.448212e+003       2.369784e+000       
2.453157e+003       2.369784e+000       
2.458103e+003       2.369784e+000       
2.463049e+003       2.369784e+000       
2.467995e+003       2.369784e+000       
2.472941e+003       2.369784e+000       
2.477886e+003       2.369784e+000       
2.482832e+003       2.369784e+000       
2.487778e+003       2.369784e+000       
2.492724e+003       2.369784e+000       
2.497670e+003       2.369784e+000       
2.502615e+003       2.369784e+000       
2.507561e+003       2.369784e+000       
2.512507e+003       2.369784e+000       
2.517453e+003       2.369784e+000       
2.522399e+003       2.369784e+000       
2.527344e+003       2.369784e+000       

Retract Data
0.000000e+000       2.369784e+000       
4.945879e+000       2.369784e+000       
9.891759e+000       2.369784e+000       
1.483764e+001       2.369784e+000       
1.978352e+001       2.369784e+000       
2.472940e+001       2.369784e+000       
2.967528e+001       2.369784e+000       
3.462115e+001       2.369784e+000       
3.956704e+001       2.369784e+000       
4.451292e+001       2.369784e+000       
4.945880e+001       2.369784e+000       
5.440468e+001       2.369784e+000       
5.935056e+001       2.369784e+000       
6.429644e+001       2.369784e+000       
6.924232e+001       2.369784e+000       
7.418819e+001       2.369784e+000       
7.913407e+001       2.369784e+000       
8.407995e+001       2.369784e+000       
8.902583e+001       2.369784e+000       
9.397170e+001       2.369784e+000       
9.891758e+001       2.369784e+000       
1.038635e+002       2.369784e+000       
1.088093e+002       2.369784e+000       
1.137552e+002       2.369784e+000       
1.187011e+002       2.369784e+000       
1.236470e+002       2.369784e+000       
1.285928e+002       2.369784e+000       
1.335387e+002       2.369784e+000       
1.384846e+002       2.369784e+000       
1.434305e+002       2.369784e+000       
1.483764e+002       2.369784e+000       
1.533222e+002       2.369784e+000       
1.582681e+002       2.369784e+000       
1.632140e+002       2.369784e+000       
1.681599e+002       2.369784e+000       
1.731057e+002       2.369784e+000       
1.780516e+002       2.369784e+000       
1.829975e+002       2.369784e+000       
1.879434e+002       2.369784e+000       
1.928893e+002       2.369784e+000       
1.978351e+002       2.369784e+000       
2.027810e+002       2.369784e+000       
2.077269e+002       2.369784e+000       
2.126728e+002       2.369784e+000       
2.176186e+002       2.369784e+000       
2.225645e+002       2.369784e+000       
2.275104e+002       2.369784e+000       
2.324563e+002       2.369784e+000       
2.374021e+002       2.369784e+000       
2.423480e+002       2.369784e+000       
2.472939e+002       2.369784e+000       
2.522398e+002       2.369784e+000       
2.571857e+002       2.369784e+000       
2.621316e+002       2.369784e+000       
2.670775e+002       2.369784e+000       
2.720233e+002       2.369784e+000       
2.769692e+002       2.369784e+000       
2.819151e+002       2.369784e+000       
2.868610e+002       2.369784e+000       
2.918069e+002       2.369784e+000       
2.967528e+002       2.369784e+000       
3.016987e+002       2.369784e+000       
3.066446e+002       2.369784e+000       
3.115905e+002       2.369784e+000       
3.165364e+002       2.369784e+000       
3.214823e+002       2.369784e+000       
3.264282e+002       2.369784e+000       
3.313741e+002       2.369784e+000       
3.363199e+002       2.369784e+000       
3.412658e+002       2.369784e+000       
3.462117e+002       2.369784e+000       
3.511576e+002       2.369784e+000       
3.561035e+002       2.369784e+000       
3.610494e+002       2.369784e+000       
3.659953e+002       2.369784e+000       
3.709412e+002       2.369784e+000       
3.758871e+002       2.369784e+000       
3.808330e+002       2.369784e+000       
3.857789e+002       2.369784e+000       
3.907248e+002       2.369784e+000       
3.956707e+002       2.369784e+000       
4.006165e+002       2.369784e+000       
4.055624e+002       2.369784e+000       
4.105083e+002       2.369784e+000       
4.154542e+002       2.369784e+000       
4.204001e+002       2.369784e+000       
4.253460e+002       2.369784e+000       
4.302919e+002       2.369784e+000       
4.352378e+002       2.369784e+000       
4.401837e+002       2.369784e+000       
4.451296e+002       2.369784e+000       
4.500755e+002       2.369784e+000       
4.550214e+002       2.369784e+000       
4.599673e+002       2.369784e+000       
4.649131e+002       2.369784e+000       
4.698590e+002       2.369784e+000       
4.748049e+002       2.369784e+000       
4.797508e+002       2.369784e+000       
4.846967e+002       2.369784e+000       
4.896426e+002       2.369784e+000       
4.945885e+002       2.369784e+000       
4.995344e+002       2.369784e+000       
5.044803e+002       2.369784e+000       
5.094262e+002       2.369784e+000       
5.143721e+002       2.369784e+000       
5.193179e+002       2.369784e+000       
5.242638e+002       2.369784e+000       
5.292097e+002       2.369784e+000       
5.341555e+002       2.369784e+000       
5.391014e+002       2.369784e+000       
5.440472e+002       2.369784e+000       
5.489931e+002       2.369784e+000       
5.539390e+002       2.369784e+000       
5.588848e+002       2.369784e+000       
5.638307e+002       2.369784e+000       
5.687766e+002       2.369784e+000       
5.737224e+002       2.369784e+000       
5.786683e+002       2.369784e+000       
5.836141e+002       2.369784e+000       
5.885600e+002       2.369784e+000       
5.935059e+002       2.369784e+000       
5.984517e+002       2.369784e+000       
6.033976e+002       2.369784e+000       
6.083434e+002       2.369784e+000       
6.132893e+002       2.369784e+000       
6.182352e+002       2.369784e+000       
6.231810e+002       2.369784e+000       
6.281269e+002       2.369784e+000       
6.330728e+002       2.369784e+000       
6.380186e+002       2.369784e+000       
6.429645e+002       2.369784e+000       
6.479103e+002       2.369784e+000       
6.528562e+002       2.369784e+000       
6.578021e+002       2.369784e+000       
6.627479e+002       2.369784e+000       
6.676938e+002       2.369784e+000       
6.726396e+002       2.369784e+000       
6.775855e+002       2.369784e+000       
6.825314e+002       2.369784e+000       
6.874772e+002       2.369784e+000       
6.924231e+002       2.369784e+000       
6.973690e+002       2.369784e+000       
7.023148e+002       2.369784e+000       
7.072607e+002       2.369784e+000       
7.122065e+002       2.369784e+000       
7.171524e+002       2.369784e+000       
7.220983e+002       2.369784e+000       
7.270441e+002       2.369784e+000       
7.319900e+002       2.369784e+000       
7.369359e+002       2.369784e+000       
7.418817e+002       2.369784e+000       
7.468276e+002       2.369784e+000       
7.517734e+002       2.369784e+000       
7.567193e+002       2.369784e+000       
7.616652e+002       2.369784e+000       
7.666110e+002       2.369784e+000       
7.715569e+002       2.369784e+000       
7.765027e+002       2.369784e+000       
7.814486e+002       2.369784e+000       
7.863945e+002       2.369784e+000       
7.913403e+002       2.369784e+000       
7.962862e+002       2.369784e+000       
8.012321e+002       2.369784e+000       
8.061779e+002       2.369784e+000       
8.111238e+002       2.369784e+000       
8.160696e+002       2.369784e+000       
8.210155e+002       2.369784e+000       
8.259614e+002       2.369784e+000       
8.309072e+002       2.369784e+000       
8.358531e+002       2.369784e+000       
8.407990e+002       2.369784e+000       
8.457448e+002       2.369784e+000       
8.506907e+002       2.369784e+000       
8.556365e+002       2.369784e+000       
8.605824e+002       2.369784e+000       
8.655283e+002       2.369784e+000       
8.704741e+002       2.369784e+000       
8.754200e+002       2.369784e+000       
8.803658e+002       2.369784e+000       
8.853117e+002       2.369784e+000       
8.902576e+002       2.369784e+000       
8.952034e+002       2.369784e+000       
9.001493e+002       2.369784e+000       
9.050952e+002       2.369784e+000       
9.100410e+002       2.369784e+000       
9.149869e+002       2.369784e+000       
9.199327e+002       2.344542e+000       
9.248786e+002       2.219779e+000       
9.298245e+002       2.072956e+000       
9.347703e+002       1.922733e+000       
9.397162e+002       1.789218e+000       
9.446620e+002       1.647024e+000       
9.496079e+002       1.490292e+000       
9.545538e+002       1.368493e+000       
9.594996e+002       1.260437e+000       
9.644455e+002       1.098715e+000       
9.693914e+002       9.546401e-001       
9.743372e+002       7.898076e-001       
9.792831e+002       5.978525e-001       
9.842289e+002       4.327306e-001       
9.891748e+002       2.703572e-001       
9.941207e+002       9.113164e-002       
9.990665e+002       -7.218204e-002      
1.004012e+003       -2.363636e-001      
1.008958e+003       -4.006899e-001      
1.013904e+003       -5.490320e-001      
1.018850e+003       -7.195060e-001      
1.023796e+003       -8.401470e-001      
1.028742e+003       -9.356905e-001      
1.033688e+003       -1.033910e+000      
1.038634e+003       -1.069640e+000      
1.043579e+003       -1.073907e+000      
1.048525e+003       -6.558585e-001      
1.053471e+003       -2.497441e-001      
1.058417e+003       -2.621843e-001      
1.063363e+003       -1.789363e-001      
1.068309e+003       -3.233004e-002      
1.073255e+003       2.755647e-002       
1.078201e+003       9.930456e-002       
1.083147e+003       1.390119e-001       
1.088093e+003       2.084455e-001       
1.093039e+003       2.642094e-001       
1.097985e+003       2.760710e-001       
1.102931e+003       2.813509e-001       
1.107876e+003       2.910427e-001       
1.112822e+003       2.970458e-001       
1.117768e+003       3.031935e-001       
1.122714e+003       3.109325e-001       
1.127660e+003       3.195394e-001       
1.132606e+003       3.246022e-001       
1.137552e+003       3.300990e-001       
1.142498e+003       3.340047e-001       
1.147444e+003       3.392845e-001       
1.152390e+003       3.429009e-001       
1.157336e+003       3.439858e-001       
1.162282e+003       3.445644e-001       
1.167228e+003       3.432625e-001       
1.172173e+003       3.449984e-001       
1.177119e+003       3.423946e-001       
1.182065e+003       3.418160e-001       
1.187011e+003       3.399355e-001       
1.191957e+003       3.376210e-001       
1.196903e+003       3.338600e-001       
1.201849e+003       3.314009e-001       
1.206795e+003       3.289418e-001       
1.211741e+003       3.246745e-001       
1.216687e+003       3.221431e-001       
1.221633e+003       3.188884e-001       
1.226579e+003       3.146935e-001       
1.231525e+003       3.087627e-001       
1.236470e+003       3.029042e-001       
1.241416e+003       3.011684e-001       
1.246362e+003       2.968288e-001       
1.251308e+003       2.916213e-001       
1.256254e+003       2.884389e-001       
1.261200e+003       2.820741e-001       
1.266146e+003       2.787471e-001       
1.271092e+003       2.746968e-001       
1.276038e+003       2.707912e-001       
1.280984e+003       2.657283e-001       
1.285930e+003       2.620396e-001       
1.290876e+003       2.603038e-001       
1.295822e+003       2.560365e-001       
1.300767e+003       2.543730e-001       
1.305713e+003       2.524202e-001       
1.310659e+003       2.474296e-001       
1.315605e+003       2.448982e-001       
1.320551e+003       2.413542e-001       
1.325497e+003       2.421498e-001       
1.330443e+003       2.370869e-001       
1.335389e+003       2.354957e-001       
1.340335e+003       2.363636e-001       
1.345281e+003       2.365806e-001       
1.350227e+003       2.347001e-001       
1.355173e+003       2.355681e-001       
1.360119e+003       2.373762e-001       
1.365064e+003       2.384611e-001       
1.370010e+003       2.428731e-001       
1.374956e+003       2.439580e-001       
1.379902e+003       2.483699e-001       
1.384848e+003       2.539390e-001       
1.389794e+003       2.587126e-001       
1.394740e+003       2.644264e-001       
1.399686e+003       2.693446e-001       
1.404632e+003       2.762157e-001       
1.409578e+003       2.833760e-001       
1.414524e+003       2.884389e-001       
1.419470e+003       2.980583e-001       
1.424416e+003       3.033382e-001       
1.429361e+003       3.118004e-001       
1.434307e+003       3.211305e-001       
1.439253e+003       3.285079e-001       
1.444199e+003       3.340047e-001       
1.449145e+003       3.405141e-001       
1.454091e+003       3.460833e-001       
1.459037e+003       3.513631e-001       
1.463983e+003       3.556304e-001       
1.468929e+003       3.602593e-001       
1.473875e+003       3.643819e-001       
1.478821e+003       3.642372e-001       
1.483767e+003       3.665517e-001       
1.488713e+003       3.659008e-001       
1.493658e+003       3.656115e-001       
1.498604e+003       3.631524e-001       
1.503550e+003       3.628631e-001       
1.508496e+003       3.575109e-001       
1.513442e+003       3.524480e-001       
1.518388e+003       3.470235e-001       
1.523334e+003       3.428286e-001       
1.528280e+003       3.393569e-001       
1.533226e+003       3.324859e-001       
1.538172e+003       3.249639e-001       
1.543118e+003       3.188161e-001       
1.548064e+003       3.119451e-001       
1.553010e+003       3.056526e-001       
1.557955e+003       2.965395e-001       
1.562901e+003       2.900301e-001       
1.567847e+003       2.831590e-001       
1.572793e+003       2.764327e-001       
1.577739e+003       2.702849e-001       
1.582685e+003       2.635585e-001       
1.587631e+003       2.593636e-001       
1.592577e+003       2.558195e-001       
1.597523e+003       2.499611e-001       
1.602469e+003       2.448982e-001       
1.607415e+003       2.406309e-001       
1.612361e+003       2.380272e-001       
1.617307e+003       2.356404e-001       
1.622252e+003       2.313731e-001       
1.627198e+003       2.315178e-001       
1.632144e+003       2.295649e-001       
1.637090e+003       2.287693e-001       
1.642036e+003       2.294926e-001       
1.646982e+003       2.302882e-001       
1.651928e+003       2.286247e-001       
1.656874e+003       2.310838e-001       
1.661820e+003       2.326027e-001       
1.666766e+003       2.340492e-001       
1.671712e+003       2.368699e-001       
1.676658e+003       2.401246e-001       
1.681604e+003       2.431624e-001       
1.686549e+003       2.473573e-001       
1.691495e+003       2.514076e-001       
1.696441e+003       2.571214e-001       
1.701387e+003       2.609547e-001       
1.706333e+003       2.658006e-001       
1.711279e+003       2.728163e-001       
1.716225e+003       2.762157e-001       
1.721171e+003       2.824358e-001       
1.726117e+003       2.880049e-001       
1.731063e+003       2.950206e-001       
1.736009e+003       3.010961e-001       
1.740955e+003       3.094859e-001       
1.745901e+003       3.157060e-001       
1.750846e+003       3.208413e-001       
1.755792e+003       3.288695e-001       
1.760738e+003       3.344387e-001       
1.765684e+003       3.402248e-001       
1.770630e+003       3.442751e-001       
1.775576e+003       3.496273e-001       
1.780522e+003       3.512185e-001       
1.785468e+003       3.558474e-001       
1.790414e+003       3.579448e-001       
1.795360e+003       3.575832e-001       
1.800306e+003       3.583788e-001       
1.805252e+003       3.572216e-001       
1.810198e+003       3.565706e-001       
1.815143e+003       3.519417e-001       
1.820089e+003       3.482531e-001       
1.825035e+003       3.460109e-001       
1.829981e+003       3.400801e-001       
1.834927e+003       3.352343e-001       
1.839873e+003       3.298821e-001       
1.844819e+003       3.235173e-001       
1.849765e+003       3.162847e-001       
1.854711e+003       3.094859e-001       
1.859657e+003       3.029765e-001       
1.864603e+003       2.948759e-001       
1.869549e+003       2.875710e-001       
1.874495e+003       2.821465e-001       
1.879440e+003       2.746968e-001       
1.884386e+003       2.685490e-001       
1.889332e+003       2.629076e-001       
1.894278e+003       2.577000e-001       
1.899224e+003       2.497441e-001       
1.904170e+003       2.469234e-001       
1.909116e+003       2.439580e-001       
1.914062e+003       2.399077e-001       
1.919008e+003       2.381718e-001       
1.923954e+003       2.366530e-001       
1.928900e+003       2.349894e-001       
1.933846e+003       2.336152e-001       
1.938792e+003       2.350618e-001       
1.943737e+003       2.373039e-001       
1.948683e+003       2.371593e-001       
1.953629e+003       2.386058e-001       
1.958575e+003       2.400523e-001       
1.963521e+003       2.433070e-001       
1.968467e+003       2.468510e-001       
1.973413e+003       2.514799e-001       
1.978359e+003       2.553132e-001       
1.983305e+003       2.621843e-001       
1.988251e+003       2.651497e-001       
1.993197e+003       2.707188e-001       
1.998143e+003       2.757094e-001       
2.003089e+003       2.820741e-001       
2.008034e+003       2.887282e-001       
2.012980e+003       2.913319e-001       
2.017926e+003       2.953099e-001       
2.022872e+003       2.982753e-001       
2.027818e+003       3.053633e-001       
2.032764e+003       3.084734e-001       
2.037710e+003       3.122344e-001       
2.042656e+003       3.157060e-001       
2.047602e+003       3.175865e-001       
2.052548e+003       3.223601e-001       
2.057493e+003       3.253978e-001       
2.062439e+003       3.286525e-001       
2.067385e+003       3.306777e-001       
2.072331e+003       3.332814e-001       
2.077277e+003       3.351619e-001       
2.082222e+003       3.375487e-001       
2.087168e+003       3.376210e-001       
2.092114e+003       3.360299e-001       
2.097060e+003       3.386336e-001       
2.102006e+003       3.366808e-001       
2.106951e+003       3.375487e-001       
2.111897e+003       3.343663e-001       
2.116843e+003       3.313286e-001       
2.121789e+003       3.287972e-001       
2.126735e+003       3.277846e-001       
2.131680e+003       3.226494e-001       
2.136626e+003       3.172972e-001       
2.141572e+003       3.106432e-001       
2.146518e+003       3.048570e-001       
2.151464e+003       2.987093e-001       
2.156409e+003       2.930678e-001       
2.161355e+003       2.869923e-001       
2.166301e+003       2.815678e-001       
2.171247e+003       2.753477e-001       
2.176193e+003       2.679704e-001       
2.181138e+003       2.633415e-001       
2.186084e+003       2.580617e-001       
2.191030e+003       2.543730e-001       
2.195976e+003       2.484422e-001       
2.200922e+003       2.460554e-001       
2.205867e+003       2.405586e-001       
2.210813e+003       2.369423e-001       
2.215759e+003       2.346278e-001       
2.220705e+003       2.332536e-001       
2.225651e+003       2.296373e-001       
2.230596e+003       2.314454e-001       
2.235542e+003       2.332536e-001       
2.240488e+003       2.333983e-001       
2.245434e+003       2.355681e-001       
2.250380e+003       2.393291e-001       
2.255325e+003       2.420775e-001       
2.260271e+003       2.468510e-001       
2.265217e+003       2.532881e-001       
2.270163e+003       2.592912e-001       
2.275109e+003       2.657283e-001       
2.280054e+003       2.715144e-001       
2.285000e+003       2.789641e-001       
2.289946e+003       2.873540e-001       
2.294892e+003       2.935018e-001       
2.299838e+003       3.015300e-001       
2.304783e+003       3.090520e-001       
2.309729e+003       3.164293e-001       
2.314675e+003       3.233727e-001       
2.319621e+003       3.280016e-001       
2.324567e+003       3.329198e-001       
2.329512e+003       3.384166e-001       
2.334458e+003       3.432625e-001       
2.339404e+003       3.464449e-001       
2.344350e+003       3.483977e-001       
2.349296e+003       3.499166e-001       
2.354241e+003       3.500612e-001       
2.359187e+003       3.513631e-001       
2.364133e+003       3.504952e-001       
2.369079e+003       3.502059e-001       
2.374025e+003       3.480361e-001       
2.378970e+003       3.444921e-001       
2.383916e+003       3.430455e-001       
2.388862e+003       3.381996e-001       
2.393808e+003       3.350173e-001       
2.398754e+003       3.315456e-001       
2.403699e+003       3.260488e-001       
2.408645e+003       3.214199e-001       
2.413591e+003       3.172972e-001       
2.418537e+003       3.112941e-001       
2.423483e+003       3.045677e-001       
2.428428e+003       2.979137e-001       
2.433374e+003       2.908980e-001       
2.438320e+003       2.846056e-001       
2.443266e+003       2.778068e-001       
2.448212e+003       2.728886e-001       
2.453157e+003       2.690553e-001       
2.458103e+003       2.637031e-001       
2.463049e+003       2.563981e-001       
2.467995e+003       2.552409e-001       
2.472941e+003       2.515523e-001       
2.477886e+003       2.459831e-001       
2.482832e+003       2.407756e-001       
2.487778e+003       2.394737e-001       
2.492724e+003       2.385335e-001       
2.497670e+003       2.373762e-001       
2.502615e+003       2.347001e-001       
2.507561e+003       2.350618e-001       
2.512507e+003       2.349894e-001       
2.517453e+003       2.382441e-001       
2.522399e+003       2.392567e-001       
2.527344e+003       2.435240e-001       
