Calculated Z (nm)   Deflection (V)      
Extend Data
0.000000e+000       2.456938e-001       
4.945879e+000       2.417158e-001       
9.891759e+000       2.411372e-001       
1.483764e+001       2.399800e-001       
1.978352e+001       2.368699e-001       
2.472940e+001       2.365806e-001       
2.967528e+001       2.354957e-001       
3.462115e+001       2.352064e-001       
3.956704e+001       2.344832e-001       
4.451292e+001       2.358574e-001       
4.945880e+001       2.370146e-001       
5.440468e+001       2.385335e-001       
5.935056e+001       2.422944e-001       
6.429644e+001       2.450429e-001       
6.924232e+001       2.469957e-001       
7.418819e+001       2.530711e-001       
7.913407e+001       2.576277e-001       
8.407995e+001       2.609547e-001       
8.902583e+001       2.659453e-001       
9.397170e+001       2.716591e-001       
9.891758e+001       2.767220e-001       
1.038635e+002       2.826527e-001       
1.088093e+002       2.880049e-001       
1.137552e+002       2.931401e-001       
1.187011e+002       2.982753e-001       
1.236470e+002       3.060143e-001       
1.285928e+002       3.105709e-001       
1.335387e+002       3.174419e-001       
1.384846e+002       3.204796e-001       
1.434305e+002       3.257595e-001       
1.483764e+002       3.306777e-001       
1.533222e+002       3.337877e-001       
1.582681e+002       3.376934e-001       
1.632140e+002       3.414544e-001       
1.681599e+002       3.441304e-001       
1.731057e+002       3.463726e-001       
1.780516e+002       3.461556e-001       
1.829975e+002       3.479638e-001       
1.879434e+002       3.499166e-001       
1.928893e+002       3.479638e-001       
1.978351e+002       3.495550e-001       
2.027810e+002       3.493380e-001       
2.077269e+002       3.488317e-001       
2.126728e+002       3.455770e-001       
2.176186e+002       3.430455e-001       
2.225645e+002       3.384166e-001       
2.275104e+002       3.353789e-001       
2.324563e+002       3.311840e-001       
2.374021e+002       3.253978e-001       
2.423480e+002       3.214922e-001       
2.472939e+002       3.128853e-001       
2.522398e+002       3.055803e-001       
2.571857e+002       2.984200e-001       
2.621316e+002       2.926338e-001       
2.670775e+002       2.852565e-001       
2.720233e+002       2.797597e-001       
2.769692e+002       2.704295e-001       
2.819151e+002       2.658730e-001       
2.868610e+002       2.583510e-001       
2.918069e+002       2.528541e-001       
2.967528e+002       2.489485e-001       
3.016987e+002       2.453322e-001       
3.066446e+002       2.398353e-001       
3.115905e+002       2.362913e-001       
3.165364e+002       2.354957e-001       
3.214823e+002       2.339769e-001       
3.264282e+002       2.322410e-001       
3.313741e+002       2.318794e-001       
3.363199e+002       2.332536e-001       
3.412658e+002       2.340492e-001       
3.462117e+002       2.349171e-001       
3.511576e+002       2.371593e-001       
3.561035e+002       2.401970e-001       
3.610494e+002       2.437410e-001       
3.659953e+002       2.467064e-001       
3.709412e+002       2.515523e-001       
3.758871e+002       2.545176e-001       
3.808330e+002       2.601591e-001       
3.857789e+002       2.647157e-001       
3.907248e+002       2.709358e-001       
3.956707e+002       2.754924e-001       
4.006165e+002       2.821465e-001       
4.055624e+002       2.881496e-001       
4.105083e+002       2.967564e-001       
4.154542e+002       3.009514e-001       
4.204001e+002       3.089797e-001       
4.253460e+002       3.133916e-001       
4.302919e+002       3.204073e-001       
4.352378e+002       3.227217e-001       
4.401837e+002       3.267720e-001       
4.451296e+002       3.300267e-001       
4.500755e+002       3.319795e-001       
4.550214e+002       3.355236e-001       
4.599673e+002       3.365361e-001       
4.649131e+002       3.394292e-001       
4.698590e+002       3.397185e-001       
4.748049e+002       3.369701e-001       
4.797508e+002       3.389229e-001       
4.846967e+002       3.366808e-001       
4.896426e+002       3.353789e-001       
4.945885e+002       3.338600e-001       
4.995344e+002       3.333538e-001       
5.044803e+002       3.286525e-001       
5.094262e+002       3.272060e-001       
5.143721e+002       3.248915e-001       
5.193179e+002       3.223601e-001       
5.242638e+002       3.188884e-001       
5.292097e+002       3.145488e-001       
5.341555e+002       3.104262e-001       
5.391014e+002       3.074608e-001       
5.440472e+002       3.025426e-001       
5.489931e+002       3.002281e-001       
5.539390e+002       2.946590e-001       
5.588848e+002       2.906087e-001       
5.638307e+002       2.838823e-001       
5.687766e+002       2.803383e-001       
5.737224e+002       2.748415e-001       
5.786683e+002       2.725270e-001       
5.836141e+002       2.651497e-001       
5.885600e+002       2.603761e-001       
5.935059e+002       2.539390e-001       
5.984517e+002       2.519139e-001       
6.033976e+002       2.471403e-001       
6.083434e+002       2.450429e-001       
6.132893e+002       2.391844e-001       
6.182352e+002       2.379548e-001       
6.231810e+002       2.365806e-001       
6.281269e+002       2.375932e-001       
6.330728e+002       2.354957e-001       
6.380186e+002       2.351341e-001       
6.429645e+002       2.347725e-001       
6.479103e+002       2.352788e-001       
6.528562e+002       2.364360e-001       
6.578021e+002       2.386781e-001       
6.627479e+002       2.413542e-001       
6.676938e+002       2.453322e-001       
6.726396e+002       2.503227e-001       
6.775855e+002       2.541560e-001       
6.825314e+002       2.611717e-001       
6.874772e+002       2.669578e-001       
6.924231e+002       2.705742e-001       
6.973690e+002       2.776622e-001       
7.023148e+002       2.863414e-001       
7.072607e+002       2.922722e-001       
7.122065e+002       2.994325e-001       
7.171524e+002       3.065929e-001       
7.220983e+002       3.123067e-001       
7.270441e+002       3.195394e-001       
7.319900e+002       3.248192e-001       
7.369359e+002       3.321965e-001       
7.418817e+002       3.372594e-001       
7.468276e+002       3.447091e-001       
7.517734e+002       3.474575e-001       
7.567193e+002       3.523757e-001       
7.616652e+002       3.539669e-001       
7.666110e+002       3.574386e-001       
7.715569e+002       3.585235e-001       
7.765027e+002       3.572216e-001       
7.814486e+002       3.578002e-001       
7.863945e+002       3.558474e-001       
7.913403e+002       3.545455e-001       
7.962862e+002       3.497719e-001       
8.012321e+002       3.463726e-001       
8.061779e+002       3.412374e-001       
8.111238e+002       3.371148e-001       
8.160696e+002       3.313286e-001       
8.210155e+002       3.240236e-001       
8.259614e+002       3.204796e-001       
8.309072e+002       3.120897e-001       
8.358531e+002       3.079671e-001       
8.407990e+002       2.990709e-001       
8.457448e+002       2.913319e-001       
8.506907e+002       2.838823e-001       
8.556365e+002       2.783131e-001       
8.605824e+002       2.727440e-001       
8.655283e+002       2.666686e-001       
8.704741e+002       2.621843e-001       
8.754200e+002       2.566875e-001       
8.803658e+002       2.521309e-001       
8.853117e+002       2.468510e-001       
8.902576e+002       2.440303e-001       
8.952034e+002       2.409926e-001       
9.001493e+002       2.369423e-001       
9.050952e+002       2.334706e-001       
9.100410e+002       2.299266e-001       
9.149869e+002       2.280461e-001       
9.199327e+002       2.298543e-001       
9.248786e+002       2.268889e-001       
9.298245e+002       2.260209e-001       
9.347703e+002       2.276121e-001       
9.397162e+002       2.274675e-001       
9.446620e+002       2.306498e-001       
9.496079e+002       2.302882e-001       
9.545538e+002       2.330366e-001       
9.594996e+002       2.352064e-001       
9.644455e+002       2.404863e-001       
9.693914e+002       2.431624e-001       
9.743372e+002       2.484422e-001       
9.792831e+002       2.522032e-001       
9.842289e+002       2.569768e-001       
9.891748e+002       2.648604e-001       
9.941207e+002       2.702126e-001       
9.990665e+002       2.757094e-001       
1.004012e+003       2.832313e-001       
1.008958e+003       2.873540e-001       
1.013904e+003       2.943697e-001       
1.018850e+003       3.015300e-001       
1.023796e+003       3.094859e-001       
1.028742e+003       3.185991e-001       
1.033688e+003       3.249639e-001       
1.038634e+003       3.332091e-001       
1.043579e+003       3.364638e-001       
1.048525e+003       3.434795e-001       
1.053471e+003       3.482531e-001       
1.058417e+003       3.530266e-001       
1.063363e+003       3.568600e-001       
1.068309e+003       3.585235e-001       
1.073255e+003       3.630077e-001       
1.078201e+003       3.659731e-001       
1.083147e+003       3.642372e-001       
1.088093e+003       3.648159e-001       
1.093039e+003       3.651052e-001       
1.097985e+003       3.617058e-001       
1.102931e+003       3.610549e-001       
1.107876e+003       3.566430e-001       
1.112822e+003       3.499889e-001       
1.117768e+003       3.467342e-001       
1.122714e+003       3.408757e-001       
1.127660e+003       3.335707e-001       
1.132606e+003       3.282909e-001       
1.137552e+003       3.209136e-001       
1.142498e+003       3.126683e-001       
1.147444e+003       3.067375e-001       
1.152390e+003       2.985646e-001       
1.157336e+003       2.898131e-001       
1.162282e+003       2.831590e-001       
1.167228e+003       2.746245e-001       
1.172173e+003       2.690553e-001       
1.177119e+003       2.613887e-001       
1.182065e+003       2.573384e-001       
1.187011e+003       2.525648e-001       
1.191957e+003       2.481529e-001       
1.196903e+003       2.435240e-001       
1.201849e+003       2.401246e-001       
1.206795e+003       2.383165e-001       
1.211741e+003       2.376655e-001       
1.216687e+003       2.341939e-001       
1.221633e+003       2.333259e-001       
1.226579e+003       2.335429e-001       
1.231525e+003       2.339769e-001       
1.236470e+003       2.347725e-001       
1.241416e+003       2.378102e-001       
1.246362e+003       2.382441e-001       
1.251308e+003       2.422221e-001       
1.256254e+003       2.444642e-001       
1.261200e+003       2.479359e-001       
1.266146e+003       2.499611e-001       
1.271092e+003       2.529265e-001       
1.276038e+003       2.568321e-001       
1.280984e+003       2.615333e-001       
1.285930e+003       2.647157e-001       
1.290876e+003       2.715867e-001       
1.295822e+003       2.712975e-001       
1.300767e+003       2.778068e-001       
1.305713e+003       2.824358e-001       
1.310659e+003       2.859074e-001       
1.315605e+003       2.911150e-001       
1.320551e+003       2.956716e-001       
1.325497e+003       2.994325e-001       
1.330443e+003       3.035552e-001       
1.335389e+003       3.079671e-001       
1.340335e+003       3.121620e-001       
1.345281e+003       3.161400e-001       
1.350227e+003       3.222154e-001       
1.355173e+003       3.270613e-001       
1.360119e+003       3.306777e-001       
1.365064e+003       3.331368e-001       
1.370010e+003       3.376210e-001       
1.374956e+003       3.405141e-001       
1.379902e+003       3.416713e-001       
1.384848e+003       3.449260e-001       
1.389794e+003       3.466619e-001       
1.394740e+003       3.460109e-001       
1.399686e+003       3.470958e-001       
1.404632e+003       3.478914e-001       
1.409578e+003       3.473128e-001       
1.414524e+003       3.446367e-001       
1.419470e+003       3.418160e-001       
1.424416e+003       3.368254e-001       
1.429361e+003       3.319072e-001       
1.434307e+003       3.280016e-001       
1.439253e+003       3.210582e-001       
1.444199e+003       3.167186e-001       
1.449145e+003       3.073162e-001       
1.454091e+003       3.007344e-001       
1.459037e+003       2.939357e-001       
1.463983e+003       2.888005e-001       
1.468929e+003       2.816402e-001       
1.473875e+003       2.744798e-001       
1.478821e+003       2.674641e-001       
1.483767e+003       2.624013e-001       
1.488713e+003       2.537944e-001       
1.493658e+003       2.242128e-001       
1.498604e+003       2.035273e-001       
1.503550e+003       1.561534e-001       
1.508496e+003       1.900022e-001       
1.513442e+003       3.114388e-001       
1.518388e+003       3.343663e-001       
1.523334e+003       4.062591e-001       
1.528280e+003       4.555136e-001       
1.533226e+003       4.377935e-001       
1.538172e+003       5.431735e-001       
1.543118e+003       6.256983e-001       
1.548064e+003       7.893013e-001       
1.553010e+003       9.623067e-001       
1.557955e+003       1.126850e+000       
1.562901e+003       1.255881e+000       
1.567847e+003       1.382163e+000       
1.572793e+003       1.513364e+000       
1.577739e+003       1.607895e+000       
1.582685e+003       1.656498e+000       
1.587631e+003       1.726366e+000       
1.592577e+003       1.763180e+000       
1.597523e+003       1.750668e+000       
1.602469e+003       1.910221e+000       
1.607415e+003       2.085396e+000       
1.612361e+003       2.245455e+000       
1.617307e+003       2.361901e+000       
1.622252e+003       2.369784e+000       
1.627198e+003       2.369784e+000       
1.632144e+003       2.369784e+000       
1.637090e+003       2.369784e+000       
1.642036e+003       2.369784e+000       
1.646982e+003       2.369784e+000       
1.651928e+003       2.369784e+000       
1.656874e+003       2.369784e+000       
1.661820e+003       2.369784e+000       
1.666766e+003       2.369784e+000       
1.671712e+003       2.369784e+000       
1.676658e+003       2.369784e+000       
1.681604e+003       2.369784e+000       
1.686549e+003       2.369784e+000       
1.691495e+003       2.369784e+000       
1.696441e+003       2.369784e+000       
1.701387e+003       2.369784e+000       
1.706333e+003       2.369784e+000       
1.711279e+003       2.369784e+000       
1.716225e+003       2.369784e+000       
1.721171e+003       2.369784e+000       
1.726117e+003       2.369784e+000       
1.731063e+003       2.369784e+000       
1.736009e+003       2.369784e+000       
1.740955e+003       2.369784e+000       
1.745901e+003       2.369784e+000       
1.750846e+003       2.369784e+000       
1.755792e+003       2.369784e+000       
1.760738e+003       2.369784e+000       
1.765684e+003       2.369784e+000       
1.770630e+003       2.369784e+000       
1.775576e+003       2.369784e+000       
1.780522e+003       2.369784e+000       
1.785468e+003       2.369784e+000       
1.790414e+003       2.369784e+000       
1.795360e+003       2.369784e+000       
1.800306e+003       2.369784e+000       
1.805252e+003       2.369784e+000       
1.810198e+003       2.369784e+000       
1.815143e+003       2.369784e+000       
1.820089e+003       2.369784e+000       
1.825035e+003       2.369784e+000       
1.829981e+003       2.369784e+000       
1.834927e+003       2.369784e+000       
1.839873e+003       2.369784e+000       
1.844819e+003       2.369784e+000       
1.849765e+003       2.369784e+000       
1.854711e+003       2.369784e+000       
1.859657e+003       2.369784e+000       
1.864603e+003       2.369784e+000       
1.869549e+003       2.369784e+000       
1.874495e+003       2.369784e+000       
1.879440e+003       2.369784e+000       
1.884386e+003       2.369784e+000       
1.889332e+003       2.369784e+000       
1.894278e+003       2.369784e+000       
1.899224e+003       2.369784e+000       
1.904170e+003       2.369784e+000       
1.909116e+003       2.369784e+000       
1.914062e+003       2.369784e+000       
1.919008e+003       2.369784e+000       
1.923954e+003       2.369784e+000       
1.928900e+003       2.369784e+000       
1.933846e+003       2.369784e+000       
1.938792e+003       2.369784e+000       
1.943737e+003       2.369784e+000       
1.948683e+003       2.369784e+000       
1.953629e+003       2.369784e+000       
1.958575e+003       2.369784e+000       
1.963521e+003       2.369784e+000       
1.968467e+003       2.369784e+000       
1.973413e+003       2.369784e+000       
1.978359e+003       2.369784e+000       
1.983305e+003       2.369784e+000       
1.988251e+003       2.369784e+000       
1.993197e+003       2.369784e+000       
1.998143e+003       2.369784e+000       
2.003089e+003       2.369784e+000       
2.008034e+003       2.369784e+000       
2.012980e+003       2.369784e+000       
2.017926e+003       2.369784e+000       
2.022872e+003       2.369784e+000       
2.027818e+003       2.369784e+000       
2.032764e+003       2.369784e+000       
2.037710e+003       2.369784e+000       
2.042656e+003       2.369784e+000       
2.047602e+003       2.369784e+000       
2.052548e+003       2.369784e+000       
2.057493e+003       2.369784e+000       
2.062439e+003       2.369784e+000       
2.067385e+003       2.369784e+000       
2.072331e+003       2.369784e+000       
2.077277e+003       2.369784e+000       
2.082222e+003       2.369784e+000       
2.087168e+003       2.369784e+000       
2.092114e+003       2.369784e+000       
2.097060e+003       2.369784e+000       
2.102006e+003       2.369784e+000       
2.106951e+003       2.369784e+000       
2.111897e+003       2.369784e+000       
2.116843e+003       2.369784e+000       
2.121789e+003       2.369784e+000       
2.126735e+003       2.369784e+000       
2.131680e+003       2.369784e+000       
2.136626e+003       2.369784e+000       
2.141572e+003       2.369784e+000       
2.146518e+003       2.369784e+000       
2.151464e+003       2.369784e+000       
2.156409e+003       2.369784e+000       
2.161355e+003       2.369784e+000       
2.166301e+003       2.369784e+000       
2.171247e+003       2.369784e+000       
2.176193e+003       2.369784e+000       
2.181138e+003       2.369784e+000       
2.186084e+003       2.369784e+000       
2.191030e+003       2.369784e+000       
2.195976e+003       2.369784e+000       
2.200922e+003       2.369784e+000       
2.205867e+003       2.369784e+000       
2.210813e+003       2.369784e+000       
2.215759e+003       2.369784e+000       
2.220705e+003       2.369784e+000       
2.225651e+003       2.369784e+000       
2.230596e+003       2.369784e+000       
2.235542e+003       2.369784e+000       
2.240488e+003       2.369784e+000       
2.245434e+003       2.369784e+000       
2.250380e+003       2.369784e+000       
2.255325e+003       2.369784e+000       
2.260271e+003       2.369784e+000       
2.265217e+003       2.369784e+000       
2.270163e+003       2.369784e+000       
2.275109e+003       2.369784e+000       
2.280054e+003       2.369784e+000       
2.285000e+003       2.369784e+000       
2.289946e+003       2.369784e+000       
2.294892e+003       2.369784e+000       
2.299838e+003       2.369784e+000       
2.304783e+003       2.369784e+000       
2.309729e+003       2.369784e+000       
2.314675e+003       2.369784e+000       
2.319621e+003       2.369784e+000       
2.324567e+003       2.369784e+000       
2.329512e+003       2.369784e+000       
2.334458e+003       2.369784e+000       
2.339404e+003       2.369784e+000       
2.344350e+003       2.369784e+000       
2.349296e+003       2.369784e+000       
2.354241e+003       2.369784e+000       
2.359187e+003       2.369784e+000       
2.364133e+003       2.369784e+000       
2.369079e+003       2.369784e+000       
2.374025e+003       2.369784e+000       
2.378970e+003       2.369784e+000       
2.383916e+003       2.369784e+000       
2.388862e+003       2.369784e+000       
2.393808e+003       2.369784e+000       
2.398754e+003       2.369784e+000       
2.403699e+003       2.369784e+000       
2.408645e+003       2.369784e+000       
2.413591e+003       2.369784e+000       
2.418537e+003       2.369784e+000       
2.423483e+003       2.369784e+000       
2.428428e+003       2.369784e+000       
2.433374e+003       2.369784e+000       
2.438320e+003       2.369784e+000       
2.443266e+003       2.369784e+000       
2.448212e+003       2.369784e+000       
2.453157e+003       2.369784e+000       
2.458103e+003       2.369784e+000       
2.463049e+003       2.369784e+000       
2.467995e+003       2.369784e+000       
2.472941e+003       2.369784e+000       
2.477886e+003       2.369784e+000       
2.482832e+003       2.369784e+000       
2.487778e+003       2.369784e+000       
2.492724e+003       2.369784e+000       
2.497670e+003       2.369784e+000       
2.502615e+003       2.369784e+000       
2.507561e+003       2.369784e+000       
2.512507e+003       2.369784e+000       
2.517453e+003       2.369784e+000       
2.522399e+003       2.369784e+000       
2.527344e+003       2.369784e+000       

Retract Data
0.000000e+000       2.369784e+000       
4.945879e+000       2.369784e+000       
9.891759e+000       2.369784e+000       
1.483764e+001       2.369784e+000       
1.978352e+001       2.369784e+000       
2.472940e+001       2.369784e+000       
2.967528e+001       2.369784e+000       
3.462115e+001       2.369784e+000       
3.956704e+001       2.369784e+000       
4.451292e+001       2.369784e+000       
4.945880e+001       2.369784e+000       
5.440468e+001       2.369784e+000       
5.935056e+001       2.369784e+000       
6.429644e+001       2.369784e+000       
6.924232e+001       2.369784e+000       
7.418819e+001       2.369784e+000       
7.913407e+001       2.369784e+000       
8.407995e+001       2.369784e+000       
8.902583e+001       2.369784e+000       
9.397170e+001       2.369784e+000       
9.891758e+001       2.369784e+000       
1.038635e+002       2.369784e+000       
1.088093e+002       2.369784e+000       
1.137552e+002       2.369784e+000       
1.187011e+002       2.369784e+000       
1.236470e+002       2.369784e+000       
1.285928e+002       2.369784e+000       
1.335387e+002       2.369784e+000       
1.384846e+002       2.369784e+000       
1.434305e+002       2.369784e+000       
1.483764e+002       2.369784e+000       
1.533222e+002       2.369784e+000       
1.582681e+002       2.369784e+000       
1.632140e+002       2.369784e+000       
1.681599e+002       2.369784e+000       
1.731057e+002       2.369784e+000       
1.780516e+002       2.369784e+000       
1.829975e+002       2.369784e+000       
1.879434e+002       2.369784e+000       
1.928893e+002       2.369784e+000       
1.978351e+002       2.369784e+000       
2.027810e+002       2.369784e+000       
2.077269e+002       2.369784e+000       
2.126728e+002       2.369784e+000       
2.176186e+002       2.369784e+000       
2.225645e+002       2.369784e+000       
2.275104e+002       2.369784e+000       
2.324563e+002       2.369784e+000       
2.374021e+002       2.369784e+000       
2.423480e+002       2.369784e+000       
2.472939e+002       2.369784e+000       
2.522398e+002       2.369784e+000       
2.571857e+002       2.369784e+000       
2.621316e+002       2.369784e+000       
2.670775e+002       2.369784e+000       
2.720233e+002       2.369784e+000       
2.769692e+002       2.369784e+000       
2.819151e+002       2.369784e+000       
2.868610e+002       2.369784e+000       
2.918069e+002       2.369784e+000       
2.967528e+002       2.369784e+000       
3.016987e+002       2.369784e+000       
3.066446e+002       2.369784e+000       
3.115905e+002       2.369784e+000       
3.165364e+002       2.369784e+000       
3.214823e+002       2.369784e+000       
3.264282e+002       2.369784e+000       
3.313741e+002       2.369784e+000       
3.363199e+002       2.369784e+000       
3.412658e+002       2.369784e+000       
3.462117e+002       2.369784e+000       
3.511576e+002       2.369784e+000       
3.561035e+002       2.369784e+000       
3.610494e+002       2.369784e+000       
3.659953e+002       2.369784e+000       
3.709412e+002       2.369784e+000       
3.758871e+002       2.369784e+000       
3.808330e+002       2.369784e+000       
3.857789e+002       2.369784e+000       
3.907248e+002       2.369784e+000       
3.956707e+002       2.369784e+000       
4.006165e+002       2.369784e+000       
4.055624e+002       2.369784e+000       
4.105083e+002       2.369784e+000       
4.154542e+002       2.369784e+000       
4.204001e+002       2.369784e+000       
4.253460e+002       2.369784e+000       
4.302919e+002       2.369784e+000       
4.352378e+002       2.369784e+000       
4.401837e+002       2.369784e+000       
4.451296e+002       2.369784e+000       
4.500755e+002       2.369784e+000       
4.550214e+002       2.369784e+000       
4.599673e+002       2.369784e+000       
4.649131e+002       2.369784e+000       
4.698590e+002       2.369784e+000       
4.748049e+002       2.369784e+000       
4.797508e+002       2.369784e+000       
4.846967e+002       2.369784e+000       
4.896426e+002       2.369784e+000       
4.945885e+002       2.369784e+000       
4.995344e+002       2.369784e+000       
5.044803e+002       2.369784e+000       
5.094262e+002       2.369784e+000       
5.143721e+002       2.369784e+000       
5.193179e+002       2.369784e+000       
5.242638e+002       2.369784e+000       
5.292097e+002       2.369784e+000       
5.341555e+002       2.369784e+000       
5.391014e+002       2.369784e+000       
5.440472e+002       2.369784e+000       
5.489931e+002       2.369784e+000       
5.539390e+002       2.369784e+000       
5.588848e+002       2.369784e+000       
5.638307e+002       2.369784e+000       
5.687766e+002       2.369784e+000       
5.737224e+002       2.369784e+000       
5.786683e+002       2.369784e+000       
5.836141e+002       2.369784e+000       
5.885600e+002       2.369784e+000       
5.935059e+002       2.369784e+000       
5.984517e+002       2.369784e+000       
6.033976e+002       2.369784e+000       
6.083434e+002       2.369784e+000       
6.132893e+002       2.369784e+000       
6.182352e+002       2.369784e+000       
6.231810e+002       2.369784e+000       
6.281269e+002       2.369784e+000       
6.330728e+002       2.369784e+000       
6.380186e+002       2.369784e+000       
6.429645e+002       2.369784e+000       
6.479103e+002       2.369784e+000       
6.528562e+002       2.369784e+000       
6.578021e+002       2.369784e+000       
6.627479e+002       2.369784e+000       
6.676938e+002       2.369784e+000       
6.726396e+002       2.369784e+000       
6.775855e+002       2.369784e+000       
6.825314e+002       2.369784e+000       
6.874772e+002       2.369784e+000       
6.924231e+002       2.369784e+000       
6.973690e+002       2.369784e+000       
7.023148e+002       2.369784e+000       
7.072607e+002       2.369784e+000       
7.122065e+002       2.369784e+000       
7.171524e+002       2.369784e+000       
7.220983e+002       2.369784e+000       
7.270441e+002       2.369784e+000       
7.319900e+002       2.369784e+000       
7.369359e+002       2.369784e+000       
7.418817e+002       2.369784e+000       
7.468276e+002       2.369784e+000       
7.517734e+002       2.369784e+000       
7.567193e+002       2.369784e+000       
7.616652e+002       2.369784e+000       
7.666110e+002       2.369784e+000       
7.715569e+002       2.369784e+000       
7.765027e+002       2.369784e+000       
7.814486e+002       2.369784e+000       
7.863945e+002       2.369784e+000       
7.913403e+002       2.369784e+000       
7.962862e+002       2.369784e+000       
8.012321e+002       2.369784e+000       
8.061779e+002       2.369784e+000       
8.111238e+002       2.369784e+000       
8.160696e+002       2.369784e+000       
8.210155e+002       2.369784e+000       
8.259614e+002       2.369784e+000       
8.309072e+002       2.369784e+000       
8.358531e+002       2.369784e+000       
8.407990e+002       2.369784e+000       
8.457448e+002       2.369784e+000       
8.506907e+002       2.369784e+000       
8.556365e+002       2.369784e+000       
8.605824e+002       2.369784e+000       
8.655283e+002       2.369784e+000       
8.704741e+002       2.369784e+000       
8.754200e+002       2.369784e+000       
8.803658e+002       2.369784e+000       
8.853117e+002       2.369784e+000       
8.902576e+002       2.369784e+000       
8.952034e+002       2.369784e+000       
9.001493e+002       2.369784e+000       
9.050952e+002       2.369784e+000       
9.100410e+002       2.369784e+000       
9.149869e+002       2.369784e+000       
9.199327e+002       2.318866e+000       
9.248786e+002       2.176093e+000       
9.298245e+002       2.012057e+000       
9.347703e+002       1.867186e+000       
9.397162e+002       1.731863e+000       
9.446620e+002       1.570285e+000       
9.496079e+002       1.408056e+000       
9.545538e+002       1.277145e+000       
9.594996e+002       1.161061e+000       
9.644455e+002       1.020023e+000       
9.693914e+002       8.563482e-001       
9.743372e+002       7.033772e-001       
9.792831e+002       5.376044e-001       
9.842289e+002       3.715422e-001       
9.891748e+002       2.137977e-001       
9.941207e+002       4.694003e-002       
9.990665e+002       -9.171025e-002      
1.004012e+003       -2.454768e-001      
1.008958e+003       -4.176144e-001      
1.013904e+003       -5.699344e-001      
1.018850e+003       -7.197230e-001      
1.023796e+003       -8.607600e-001      
1.028742e+003       -9.546401e-001      
1.033688e+003       -9.531212e-001      
1.038634e+003       -8.332036e-001      
1.043579e+003       -5.105542e-001      
1.048525e+003       -2.624736e-001      
1.053471e+003       -1.206409e-001      
1.058417e+003       -6.871036e-002      
1.063363e+003       -1.663514e-002      
1.068309e+003       1.851564e-002       
1.073255e+003       9.185491e-002       
1.078201e+003       1.649049e-001       
1.083147e+003       2.002726e-001       
1.088093e+003       2.522032e-001       
1.093039e+003       2.657283e-001       
1.097985e+003       2.726717e-001       
1.102931e+003       2.793981e-001       
1.107876e+003       2.849672e-001       
1.112822e+003       2.950206e-001       
1.117768e+003       2.990709e-001       
1.122714e+003       3.057249e-001       
1.127660e+003       3.118004e-001       
1.132606e+003       3.165740e-001       
1.137552e+003       3.256148e-001       
1.142498e+003       3.329198e-001       
1.147444e+003       3.344387e-001       
1.152390e+003       3.380550e-001       
1.157336e+003       3.429009e-001       
1.162282e+003       3.454323e-001       
1.167228e+003       3.465172e-001       
1.172173e+003       3.451430e-001       
1.177119e+003       3.476021e-001       
1.182065e+003       3.439135e-001       
1.187011e+003       3.435518e-001       
1.191957e+003       3.399355e-001       
1.196903e+003       3.367531e-001       
1.201849e+003       3.353066e-001       
1.206795e+003       3.300990e-001       
1.211741e+003       3.256148e-001       
1.216687e+003       3.242406e-001       
1.221633e+003       3.184545e-001       
1.226579e+003       3.162847e-001       
1.231525e+003       3.097753e-001       
1.236470e+003       3.081118e-001       
1.241416e+003       3.036998e-001       
1.246362e+003       2.987816e-001       
1.251308e+003       2.951653e-001       
1.256254e+003       2.885835e-001       
1.261200e+003       2.852565e-001       
1.266146e+003       2.824358e-001       
1.271092e+003       2.783131e-001       
1.276038e+003       2.712251e-001       
1.280984e+003       2.678981e-001       
1.285930e+003       2.662346e-001       
1.290876e+003       2.613164e-001       
1.295822e+003       2.580617e-001       
1.300767e+003       2.527095e-001       
1.305713e+003       2.495271e-001       
1.310659e+003       2.464171e-001       
1.315605e+003       2.452598e-001       
1.320551e+003       2.413542e-001       
1.325497e+003       2.388228e-001       
1.330443e+003       2.379548e-001       
1.335389e+003       2.369423e-001       
1.340335e+003       2.367976e-001       
1.345281e+003       2.363636e-001       
1.350227e+003       2.341215e-001       
1.355173e+003       2.352788e-001       
1.360119e+003       2.380272e-001       
1.365064e+003       2.406309e-001       
1.370010e+003       2.432347e-001       
1.374956e+003       2.472850e-001       
1.379902e+003       2.495271e-001       
1.384848e+003       2.548070e-001       
1.389794e+003       2.590742e-001       
1.394740e+003       2.644264e-001       
1.399686e+003       2.713698e-001       
1.404632e+003       2.813509e-001       
1.409578e+003       2.864861e-001       
1.414524e+003       2.915489e-001       
1.419470e+003       3.007344e-001       
1.424416e+003       3.077501e-001       
1.429361e+003       3.144042e-001       
1.434307e+003       3.223601e-001       
1.439253e+003       3.292311e-001       
1.444199e+003       3.363191e-001       
1.449145e+003       3.424669e-001       
1.454091e+003       3.473128e-001       
1.459037e+003       3.511461e-001       
1.463983e+003       3.582341e-001       
1.468929e+003       3.598253e-001       
1.473875e+003       3.621398e-001       
1.478821e+003       3.661901e-001       
1.483767e+003       3.662624e-001       
1.488713e+003       3.647436e-001       
1.493658e+003       3.646712e-001       
1.498604e+003       3.658285e-001       
1.503550e+003       3.621398e-001       
1.508496e+003       3.592467e-001       
1.513442e+003       3.546178e-001       
1.518388e+003       3.515801e-001       
1.523334e+003       3.467342e-001       
1.528280e+003       3.400801e-001       
1.533226e+003       3.346556e-001       
1.538172e+003       3.266274e-001       
1.543118e+003       3.214199e-001       
1.548064e+003       3.138979e-001       
1.553010e+003       3.080394e-001       
1.557955e+003       3.000112e-001       
1.562901e+003       2.928508e-001       
1.567847e+003       2.872093e-001       
1.572793e+003       2.798320e-001       
1.577739e+003       2.723823e-001       
1.582685e+003       2.634138e-001       
1.587631e+003       2.593636e-001       
1.592577e+003       2.533604e-001       
1.597523e+003       2.523479e-001       
1.602469e+003       2.439580e-001       
1.607415e+003       2.399800e-001       
1.612361e+003       2.381718e-001       
1.617307e+003       2.340492e-001       
1.622252e+003       2.326027e-001       
1.627198e+003       2.289863e-001       
1.632144e+003       2.284077e-001       
1.637090e+003       2.270335e-001       
1.642036e+003       2.265272e-001       
1.646982e+003       2.276121e-001       
1.651928e+003       2.293480e-001       
1.656874e+003       2.300712e-001       
1.661820e+003       2.302159e-001       
1.666766e+003       2.326027e-001       
1.671712e+003       2.378825e-001       
1.676658e+003       2.389674e-001       
1.681604e+003       2.408479e-001       
1.686549e+003       2.446089e-001       
1.691495e+003       2.480083e-001       
1.696441e+003       2.524925e-001       
1.701387e+003       2.577000e-001       
1.706333e+003       2.647881e-001       
1.711279e+003       2.705019e-001       
1.716225e+003       2.767943e-001       
1.721171e+003       2.828697e-001       
1.726117e+003       2.906087e-001       
1.731063e+003       2.953099e-001       
1.736009e+003       3.009514e-001       
1.740955e+003       3.074608e-001       
1.745901e+003       3.159954e-001       
1.750846e+003       3.196117e-001       
1.755792e+003       3.272783e-001       
1.760738e+003       3.321965e-001       
1.765684e+003       3.395015e-001       
1.770630e+003       3.434072e-001       
1.775576e+003       3.499889e-001       
1.780522e+003       3.517971e-001       
1.785468e+003       3.564983e-001       
1.790414e+003       3.556304e-001       
1.795360e+003       3.583065e-001       
1.800306e+003       3.591021e-001       
1.805252e+003       3.603316e-001       
1.810198e+003       3.571492e-001       
1.815143e+003       3.521587e-001       
1.820089e+003       3.511461e-001       
1.825035e+003       3.460109e-001       
1.829981e+003       3.415990e-001       
1.834927e+003       3.327028e-001       
1.839873e+003       3.277846e-001       
1.844819e+003       3.202626e-001       
1.849765e+003       3.126683e-001       
1.854711e+003       3.066652e-001       
1.859657e+003       2.978413e-001       
1.864603e+003       2.916936e-001       
1.869549e+003       2.846056e-001       
1.874495e+003       2.786748e-001       
1.879440e+003       2.725993e-001       
1.884386e+003       2.644264e-001       
1.889332e+003       2.596529e-001       
1.894278e+003       2.571937e-001       
1.899224e+003       2.486592e-001       
1.904170e+003       2.480083e-001       
1.909116e+003       2.420051e-001       
1.914062e+003       2.393291e-001       
1.919008e+003       2.352064e-001       
1.923954e+003       2.331090e-001       
1.928900e+003       2.331813e-001       
1.933846e+003       2.336152e-001       
1.938792e+003       2.333259e-001       
1.943737e+003       2.355681e-001       
1.948683e+003       2.369423e-001       
1.953629e+003       2.380272e-001       
1.958575e+003       2.423668e-001       
1.963521e+003       2.442473e-001       
1.968467e+003       2.477189e-001       
1.973413e+003       2.516246e-001       
1.978359e+003       2.540114e-001       
1.983305e+003       2.567598e-001       
1.988251e+003       2.625459e-001       
1.993197e+003       2.689830e-001       
1.998143e+003       2.738289e-001       
2.003089e+003       2.780962e-001       
2.008034e+003       2.859798e-001       
2.012980e+003       2.888005e-001       
2.017926e+003       2.945143e-001       
2.022872e+003       3.010237e-001       
2.027818e+003       3.037722e-001       
2.032764e+003       3.051463e-001       
2.037710e+003       3.130299e-001       
2.042656e+003       3.141872e-001       
2.047602e+003       3.183098e-001       
2.052548e+003       3.221431e-001       
2.057493e+003       3.259764e-001       
2.062439e+003       3.278569e-001       
2.067385e+003       3.298821e-001       
2.072331e+003       3.318349e-001       
2.077277e+003       3.351619e-001       
2.082222e+003       3.376934e-001       
2.087168e+003       3.369701e-001       
2.092114e+003       3.393569e-001       
2.097060e+003       3.376934e-001       
2.102006e+003       3.362468e-001       
2.106951e+003       3.368978e-001       
2.111897e+003       3.346556e-001       
2.116843e+003       3.325582e-001       
2.121789e+003       3.288695e-001       
2.126735e+003       3.240236e-001       
2.131680e+003       3.194670e-001       
2.136626e+003       3.146935e-001       
2.141572e+003       3.099922e-001       
2.146518e+003       3.044231e-001       
2.151464e+003       2.993602e-001       
2.156409e+003       2.927785e-001       
2.161355e+003       2.847502e-001       
2.166301e+003       2.812062e-001       
2.171247e+003       2.707188e-001       
2.176193e+003       2.682597e-001       
2.181138e+003       2.613164e-001       
2.186084e+003       2.561089e-001       
2.191030e+003       2.479359e-001       
2.195976e+003       2.449705e-001       
2.200922e+003       2.415712e-001       
2.205867e+003       2.388951e-001       
2.210813e+003       2.345555e-001       
2.215759e+003       2.321687e-001       
2.220705e+003       2.299266e-001       
2.225651e+003       2.289140e-001       
2.230596e+003       2.287693e-001       
2.235542e+003       2.294203e-001       
2.240488e+003       2.313008e-001       
2.245434e+003       2.328920e-001       
2.250380e+003       2.363636e-001       
2.255325e+003       2.397630e-001       
2.260271e+003       2.459831e-001       
2.265217e+003       2.491655e-001       
2.270163e+003       2.556749e-001       
2.275109e+003       2.607377e-001       
2.280054e+003       2.678981e-001       
2.285000e+003       2.771559e-001       
2.289946e+003       2.840993e-001       
2.294892e+003       2.919106e-001       
2.299838e+003       2.981307e-001       
2.304783e+003       3.049294e-001       
2.309729e+003       3.123067e-001       
2.314675e+003       3.196840e-001       
2.319621e+003       3.250362e-001       
2.324567e+003       3.329198e-001       
2.329512e+003       3.361745e-001       
2.334458e+003       3.398632e-001       
2.339404e+003       3.435518e-001       
2.344350e+003       3.463726e-001       
2.349296e+003       3.478191e-001       
2.354241e+003       3.480361e-001       
2.359187e+003       3.479638e-001       
2.364133e+003       3.483977e-001       
2.369079e+003       3.453600e-001       
2.374025e+003       3.445644e-001       
2.378970e+003       3.401525e-001       
2.383916e+003       3.382720e-001       
2.388862e+003       3.367531e-001       
2.393808e+003       3.324135e-001       
2.398754e+003       3.278569e-001       
2.403699e+003       3.235173e-001       
2.408645e+003       3.186714e-001       
2.413591e+003       3.119451e-001       
2.418537e+003       3.069545e-001       
2.423483e+003       3.016747e-001       
2.428428e+003       2.932848e-001       
2.433374e+003       2.877879e-001       
2.438320e+003       2.809169e-001       
2.443266e+003       2.751308e-001       
2.448212e+003       2.672472e-001       
2.453157e+003       2.640648e-001       
2.458103e+003       2.561812e-001       
2.463049e+003       2.511183e-001       
2.467995e+003       2.470680e-001       
2.472941e+003       2.425838e-001       
2.477886e+003       2.385335e-001       
2.482832e+003       2.379548e-001       
2.487778e+003       2.359297e-001       
2.492724e+003       2.344108e-001       
2.497670e+003       2.328920e-001       
2.502615e+003       2.333259e-001       
2.507561e+003       2.331813e-001       
2.512507e+003       2.327473e-001       
2.517453e+003       2.334706e-001       
2.522399e+003       2.373762e-001       
2.527344e+003       2.424391e-001       
