Calculated Z (nm)   Deflection (V)      
Extend Data
0.000000e+000       2.436687e-001       
4.945879e+000       2.408479e-001       
9.891759e+000       2.387504e-001       
1.483764e+001       2.351341e-001       
1.978352e+001       2.322410e-001       
2.472940e+001       2.318071e-001       
2.967528e+001       2.328920e-001       
3.462115e+001       2.319517e-001       
3.956704e+001       2.318794e-001       
4.451292e+001       2.328196e-001       
4.945880e+001       2.353511e-001       
5.440468e+001       2.370869e-001       
5.935056e+001       2.388951e-001       
6.429644e+001       2.418605e-001       
6.924232e+001       2.440303e-001       
7.418819e+001       2.476466e-001       
7.913407e+001       2.516969e-001       
8.407995e+001       2.576277e-001       
8.902583e+001       2.620396e-001       
9.397170e+001       2.691276e-001       
9.891758e+001       2.744075e-001       
1.038635e+002       2.795427e-001       
1.088093e+002       2.852565e-001       
1.137552e+002       2.908980e-001       
1.187011e+002       2.966118e-001       
1.236470e+002       3.020363e-001       
1.285928e+002       3.084734e-001       
1.335387e+002       3.110771e-001       
1.384846e+002       3.204796e-001       
1.434305e+002       3.227940e-001       
1.483764e+002       3.288695e-001       
1.533222e+002       3.327028e-001       
1.582681e+002       3.355959e-001       
1.632140e+002       3.380550e-001       
1.681599e+002       3.419606e-001       
1.731057e+002       3.423223e-001       
1.780516e+002       3.436965e-001       
1.829975e+002       3.460109e-001       
1.879434e+002       3.470958e-001       
1.928893e+002       3.465895e-001       
1.978351e+002       3.473128e-001       
2.027810e+002       3.465172e-001       
2.077269e+002       3.444921e-001       
2.126728e+002       3.434795e-001       
2.176186e+002       3.379104e-001       
2.225645e+002       3.359575e-001       
2.275104e+002       3.325582e-001       
2.324563e+002       3.274230e-001       
2.374021e+002       3.238066e-001       
2.423480e+002       3.188884e-001       
2.472939e+002       3.118727e-001       
2.522398e+002       3.063036e-001       
2.571857e+002       2.997942e-001       
2.621316e+002       2.936464e-001       
2.670775e+002       2.838823e-001       
2.720233e+002       2.772282e-001       
2.769692e+002       2.712251e-001       
2.819151e+002       2.648604e-001       
2.868610e+002       2.577000e-001       
2.918069e+002       2.529265e-001       
2.967528e+002       2.480806e-001       
3.016987e+002       2.401246e-001       
3.066446e+002       2.365083e-001       
3.115905e+002       2.333259e-001       
3.165364e+002       2.300712e-001       
3.214823e+002       2.295649e-001       
3.264282e+002       2.294926e-001       
3.313741e+002       2.283354e-001       
3.363199e+002       2.284800e-001       
3.412658e+002       2.285524e-001       
3.462117e+002       2.299989e-001       
3.511576e+002       2.295649e-001       
3.561035e+002       2.339769e-001       
3.610494e+002       2.389674e-001       
3.659953e+002       2.407033e-001       
3.709412e+002       2.468510e-001       
3.758871e+002       2.495994e-001       
3.808330e+002       2.545900e-001       
3.857789e+002       2.600145e-001       
3.907248e+002       2.679704e-001       
3.956707e+002       2.732503e-001       
4.006165e+002       2.792534e-001       
4.055624e+002       2.835207e-001       
4.105083e+002       2.921275e-001       
4.154542e+002       2.980583e-001       
4.204001e+002       3.042061e-001       
4.253460e+002       3.070992e-001       
4.302919e+002       3.136086e-001       
4.352378e+002       3.202626e-001       
4.401837e+002       3.229387e-001       
4.451296e+002       3.272060e-001       
4.500755e+002       3.317626e-001       
4.550214e+002       3.317626e-001       
4.599673e+002       3.331368e-001       
4.649131e+002       3.363191e-001       
4.698590e+002       3.358129e-001       
4.748049e+002       3.355236e-001       
4.797508e+002       3.351619e-001       
4.846967e+002       3.345833e-001       
4.896426e+002       3.331368e-001       
4.945885e+002       3.287249e-001       
4.995344e+002       3.294481e-001       
5.044803e+002       3.272783e-001       
5.094262e+002       3.227217e-001       
5.143721e+002       3.210582e-001       
5.193179e+002       3.185268e-001       
5.242638e+002       3.148381e-001       
5.292097e+002       3.116558e-001       
5.341555e+002       3.067375e-001       
5.391014e+002       3.033382e-001       
5.440472e+002       2.993602e-001       
5.489931e+002       2.958162e-001       
5.539390e+002       2.901024e-001       
5.588848e+002       2.856905e-001       
5.638307e+002       2.822188e-001       
5.687766e+002       2.791087e-001       
5.737224e+002       2.736119e-001       
5.786683e+002       2.697063e-001       
5.836141e+002       2.631245e-001       
5.885600e+002       2.578447e-001       
5.935059e+002       2.540837e-001       
5.984517e+002       2.478636e-001       
6.033976e+002       2.451875e-001       
6.083434e+002       2.409202e-001       
6.132893e+002       2.386058e-001       
6.182352e+002       2.361467e-001       
6.231810e+002       2.349894e-001       
6.281269e+002       2.348448e-001       
6.330728e+002       2.306498e-001       
6.380186e+002       2.305775e-001       
6.429645e+002       2.308668e-001       
6.479103e+002       2.324580e-001       
6.528562e+002       2.347725e-001       
6.578021e+002       2.360020e-001       
6.627479e+002       2.388951e-001       
6.676938e+002       2.441749e-001       
6.726396e+002       2.454045e-001       
6.775855e+002       2.514076e-001       
6.825314e+002       2.565428e-001       
6.874772e+002       2.636308e-001       
6.924231e+002       2.697063e-001       
6.973690e+002       2.746245e-001       
7.023148e+002       2.809892e-001       
7.072607e+002       2.890175e-001       
7.122065e+002       2.960332e-001       
7.171524e+002       3.005898e-001       
7.220983e+002       3.092690e-001       
7.270441e+002       3.141872e-001       
7.319900e+002       3.208413e-001       
7.369359e+002       3.271337e-001       
7.418817e+002       3.337154e-001       
7.468276e+002       3.394292e-001       
7.517734e+002       3.450707e-001       
7.567193e+002       3.499166e-001       
7.616652e+002       3.523757e-001       
7.666110e+002       3.565706e-001       
7.715569e+002       3.577279e-001       
7.765027e+002       3.578002e-001       
7.814486e+002       3.583065e-001       
7.863945e+002       3.542562e-001       
7.913403e+002       3.530990e-001       
7.962862e+002       3.503505e-001       
8.012321e+002       3.451430e-001       
8.061779e+002       3.408034e-001       
8.111238e+002       3.355959e-001       
8.160696e+002       3.281462e-001       
8.210155e+002       3.227217e-001       
8.259614e+002       3.163570e-001       
8.309072e+002       3.094859e-001       
8.358531e+002       3.013130e-001       
8.407990e+002       2.954546e-001       
8.457448e+002       2.907533e-001       
8.506907e+002       2.843163e-001       
8.556365e+002       2.779515e-001       
8.605824e+002       2.712251e-001       
8.655283e+002       2.651497e-001       
8.704741e+002       2.585680e-001       
8.754200e+002       2.549516e-001       
8.803658e+002       2.497441e-001       
8.853117e+002       2.452598e-001       
8.902576e+002       2.407033e-001       
8.952034e+002       2.372316e-001       
9.001493e+002       2.354234e-001       
9.050952e+002       2.314454e-001       
9.100410e+002       2.293480e-001       
9.149869e+002       2.279014e-001       
9.199327e+002       2.242851e-001       
9.248786e+002       2.255870e-001       
9.298245e+002       2.265996e-001       
9.347703e+002       2.262379e-001       
9.397162e+002       2.261656e-001       
9.446620e+002       2.273228e-001       
9.496079e+002       2.279014e-001       
9.545538e+002       2.300712e-001       
9.594996e+002       2.345555e-001       
9.644455e+002       2.383888e-001       
9.693914e+002       2.423668e-001       
9.743372e+002       2.470680e-001       
9.792831e+002       2.510460e-001       
9.842289e+002       2.574831e-001       
9.891748e+002       2.621843e-001       
9.941207e+002       2.676088e-001       
9.990665e+002       2.741182e-001       
1.004012e+003       2.825081e-001       
1.008958e+003       2.883666e-001       
1.013904e+003       2.955992e-001       
1.018850e+003       3.013854e-001       
1.023796e+003       3.095583e-001       
1.028742e+003       3.172972e-001       
1.033688e+003       3.220708e-001       
1.038634e+003       3.290142e-001       
1.043579e+003       3.345110e-001       
1.048525e+003       3.406588e-001       
1.053471e+003       3.462279e-001       
1.058417e+003       3.512908e-001       
1.063363e+003       3.541839e-001       
1.068309e+003       3.606932e-001       
1.073255e+003       3.624291e-001       
1.078201e+003       3.643096e-001       
1.083147e+003       3.645989e-001       
1.088093e+003       3.632247e-001       
1.093039e+003       3.653222e-001       
1.097985e+003       3.635863e-001       
1.102931e+003       3.604763e-001       
1.107876e+003       3.562090e-001       
1.112822e+003       3.523757e-001       
1.117768e+003       3.471681e-001       
1.122714e+003       3.416713e-001       
1.127660e+003       3.354512e-001       
1.132606e+003       3.266997e-001       
1.137552e+003       3.188161e-001       
1.142498e+003       3.125237e-001       
1.147444e+003       3.046401e-001       
1.152390e+003       2.974797e-001       
1.157336e+003       2.890175e-001       
1.162282e+003       2.814955e-001       
1.167228e+003       2.736842e-001       
1.172173e+003       2.685490e-001       
1.177119e+003       2.608824e-001       
1.182065e+003       2.531435e-001       
1.187011e+003       2.485145e-001       
1.191957e+003       2.451152e-001       
1.196903e+003       2.414265e-001       
1.201849e+003       2.396184e-001       
1.206795e+003       2.370869e-001       
1.211741e+003       2.360020e-001       
1.216687e+003       2.333983e-001       
1.221633e+003       2.325303e-001       
1.226579e+003       2.344108e-001       
1.231525e+003       2.361467e-001       
1.236470e+003       2.366530e-001       
1.241416e+003       2.363636e-001       
1.246362e+003       2.387504e-001       
1.251308e+003       2.404863e-001       
1.256254e+003       2.437410e-001       
1.261200e+003       2.471403e-001       
1.266146e+003       2.502504e-001       
1.271092e+003       2.524925e-001       
1.276038e+003       2.573384e-001       
1.280984e+003       2.600145e-001       
1.285930e+003       2.653667e-001       
1.290876e+003       2.681874e-001       
1.295822e+003       2.742628e-001       
1.300767e+003       2.761433e-001       
1.305713e+003       2.793981e-001       
1.310659e+003       2.848949e-001       
1.315605e+003       2.873540e-001       
1.320551e+003       2.944420e-001       
1.325497e+003       2.978413e-001       
1.330443e+003       3.031212e-001       
1.335389e+003       3.077501e-001       
1.340335e+003       3.122344e-001       
1.345281e+003       3.163570e-001       
1.350227e+003       3.201180e-001       
1.355173e+003       3.239513e-001       
1.360119e+003       3.285802e-001       
1.365064e+003       3.335707e-001       
1.370010e+003       3.387783e-001       
1.374956e+003       3.408757e-001       
1.379902e+003       3.408757e-001       
1.384848e+003       3.436965e-001       
1.389794e+003       3.453600e-001       
1.394740e+003       3.461556e-001       
1.399686e+003       3.464449e-001       
1.404632e+003       3.457940e-001       
1.409578e+003       3.421776e-001       
1.414524e+003       3.395739e-001       
1.419470e+003       3.386336e-001       
1.424416e+003       3.363915e-001       
1.429361e+003       3.348726e-001       
1.434307e+003       3.261934e-001       
1.439253e+003       3.211305e-001       
1.444199e+003       3.144042e-001       
1.449145e+003       3.065206e-001       
1.454091e+003       3.015300e-001       
1.459037e+003       2.950929e-001       
1.463983e+003       2.877879e-001       
1.468929e+003       2.792534e-001       
1.473875e+003       2.729610e-001       
1.478821e+003       2.680427e-001       
1.483767e+003       2.604485e-001       
1.488713e+003       2.119896e-001       
1.493658e+003       2.423668e-001       
1.498604e+003       2.887282e-001       
1.503550e+003       1.996217e-001       
1.508496e+003       2.892345e-001       
1.513442e+003       4.330200e-001       
1.518388e+003       5.535162e-001       
1.523334e+003       5.749972e-001       
1.528280e+003       6.294593e-001       
1.533226e+003       6.719874e-001       
1.538172e+003       7.550184e-001       
1.543118e+003       8.633638e-001       
1.548064e+003       1.001869e+000       
1.553010e+003       1.143196e+000       
1.557955e+003       1.270925e+000       
1.562901e+003       1.385490e+000       
1.567847e+003       1.416374e+000       
1.572793e+003       1.419050e+000       
1.577739e+003       1.472861e+000       
1.582685e+003       1.569128e+000       
1.587631e+003       1.683838e+000       
1.592577e+003       1.768822e+000       
1.597523e+003       1.766507e+000       
1.602469e+003       1.897491e+000       
1.607415e+003       2.065650e+000       
1.612361e+003       2.219200e+000       
1.617307e+003       2.340420e+000       
1.622252e+003       2.369784e+000       
1.627198e+003       2.369784e+000       
1.632144e+003       2.369784e+000       
1.637090e+003       2.369784e+000       
1.642036e+003       2.369784e+000       
1.646982e+003       2.369784e+000       
1.651928e+003       2.369784e+000       
1.656874e+003       2.369784e+000       
1.661820e+003       2.369784e+000       
1.666766e+003       2.369784e+000       
1.671712e+003       2.369784e+000       
1.676658e+003       2.369784e+000       
1.681604e+003       2.369784e+000       
1.686549e+003       2.369784e+000       
1.691495e+003       2.369784e+000       
1.696441e+003       2.369784e+000       
1.701387e+003       2.369784e+000       
1.706333e+003       2.369784e+000       
1.711279e+003       2.369784e+000       
1.716225e+003       2.369784e+000       
1.721171e+003       2.369784e+000       
1.726117e+003       2.369784e+000       
1.731063e+003       2.369784e+000       
1.736009e+003       2.369784e+000       
1.740955e+003       2.369784e+000       
1.745901e+003       2.369784e+000       
1.750846e+003       2.369784e+000       
1.755792e+003       2.369784e+000       
1.760738e+003       2.369784e+000       
1.765684e+003       2.369784e+000       
1.770630e+003       2.369784e+000       
1.775576e+003       2.369784e+000       
1.780522e+003       2.369784e+000       
1.785468e+003       2.369784e+000       
1.790414e+003       2.369784e+000       
1.795360e+003       2.369784e+000       
1.800306e+003       2.369784e+000       
1.805252e+003       2.369784e+000       
1.810198e+003       2.369784e+000       
1.815143e+003       2.369784e+000       
1.820089e+003       2.369784e+000       
1.825035e+003       2.369784e+000       
1.829981e+003       2.369784e+000       
1.834927e+003       2.369784e+000       
1.839873e+003       2.369784e+000       
1.844819e+003       2.369784e+000       
1.849765e+003       2.369784e+000       
1.854711e+003       2.369784e+000       
1.859657e+003       2.369784e+000       
1.864603e+003       2.369784e+000       
1.869549e+003       2.369784e+000       
1.874495e+003       2.369784e+000       
1.879440e+003       2.369784e+000       
1.884386e+003       2.369784e+000       
1.889332e+003       2.369784e+000       
1.894278e+003       2.369784e+000       
1.899224e+003       2.369784e+000       
1.904170e+003       2.369784e+000       
1.909116e+003       2.369784e+000       
1.914062e+003       2.369784e+000       
1.919008e+003       2.369784e+000       
1.923954e+003       2.369784e+000       
1.928900e+003       2.369784e+000       
1.933846e+003       2.369784e+000       
1.938792e+003       2.369784e+000       
1.943737e+003       2.369784e+000       
1.948683e+003       2.369784e+000       
1.953629e+003       2.369784e+000       
1.958575e+003       2.369784e+000       
1.963521e+003       2.369784e+000       
1.968467e+003       2.369784e+000       
1.973413e+003       2.369784e+000       
1.978359e+003       2.369784e+000       
1.983305e+003       2.369784e+000       
1.988251e+003       2.369784e+000       
1.993197e+003       2.369784e+000       
1.998143e+003       2.369784e+000       
2.003089e+003       2.369784e+000       
2.008034e+003       2.369784e+000       
2.012980e+003       2.369784e+000       
2.017926e+003       2.369784e+000       
2.022872e+003       2.369784e+000       
2.027818e+003       2.369784e+000       
2.032764e+003       2.369784e+000       
2.037710e+003       2.369784e+000       
2.042656e+003       2.369784e+000       
2.047602e+003       2.369784e+000       
2.052548e+003       2.369784e+000       
2.057493e+003       2.369784e+000       
2.062439e+003       2.369784e+000       
2.067385e+003       2.369784e+000       
2.072331e+003       2.369784e+000       
2.077277e+003       2.369784e+000       
2.082222e+003       2.369784e+000       
2.087168e+003       2.369784e+000       
2.092114e+003       2.369784e+000       
2.097060e+003       2.369784e+000       
2.102006e+003       2.369784e+000       
2.106951e+003       2.369784e+000       
2.111897e+003       2.369784e+000       
2.116843e+003       2.369784e+000       
2.121789e+003       2.369784e+000       
2.126735e+003       2.369784e+000       
2.131680e+003       2.369784e+000       
2.136626e+003       2.369784e+000       
2.141572e+003       2.369784e+000       
2.146518e+003       2.369784e+000       
2.151464e+003       2.369784e+000       
2.156409e+003       2.369784e+000       
2.161355e+003       2.369784e+000       
2.166301e+003       2.369784e+000       
2.171247e+003       2.369784e+000       
2.176193e+003       2.369784e+000       
2.181138e+003       2.369784e+000       
2.186084e+003       2.369784e+000       
2.191030e+003       2.369784e+000       
2.195976e+003       2.369784e+000       
2.200922e+003       2.369784e+000       
2.205867e+003       2.369784e+000       
2.210813e+003       2.369784e+000       
2.215759e+003       2.369784e+000       
2.220705e+003       2.369784e+000       
2.225651e+003       2.369784e+000       
2.230596e+003       2.369784e+000       
2.235542e+003       2.369784e+000       
2.240488e+003       2.369784e+000       
2.245434e+003       2.369784e+000       
2.250380e+003       2.369784e+000       
2.255325e+003       2.369784e+000       
2.260271e+003       2.369784e+000       
2.265217e+003       2.369784e+000       
2.270163e+003       2.369784e+000       
2.275109e+003       2.369784e+000       
2.280054e+003       2.369784e+000       
2.285000e+003       2.369784e+000       
2.289946e+003       2.369784e+000       
2.294892e+003       2.369784e+000       
2.299838e+003       2.369784e+000       
2.304783e+003       2.369784e+000       
2.309729e+003       2.369784e+000       
2.314675e+003       2.369784e+000       
2.319621e+003       2.369784e+000       
2.324567e+003       2.369784e+000       
2.329512e+003       2.369784e+000       
2.334458e+003       2.369784e+000       
2.339404e+003       2.369784e+000       
2.344350e+003       2.369784e+000       
2.349296e+003       2.369784e+000       
2.354241e+003       2.369784e+000       
2.359187e+003       2.369784e+000       
2.364133e+003       2.369784e+000       
2.369079e+003       2.369784e+000       
2.374025e+003       2.369784e+000       
2.378970e+003       2.369784e+000       
2.383916e+003       2.369784e+000       
2.388862e+003       2.369784e+000       
2.393808e+003       2.369784e+000       
2.398754e+003       2.369784e+000       
2.403699e+003       2.369784e+000       
2.408645e+003       2.369784e+000       
2.413591e+003       2.369784e+000       
2.418537e+003       2.369784e+000       
2.423483e+003       2.369784e+000       
2.428428e+003       2.369784e+000       
2.433374e+003       2.369784e+000       
2.438320e+003       2.369784e+000       
2.443266e+003       2.369784e+000       
2.448212e+003       2.369784e+000       
2.453157e+003       2.369784e+000       
2.458103e+003       2.369784e+000       
2.463049e+003       2.369784e+000       
2.467995e+003       2.369784e+000       
2.472941e+003       2.369784e+000       
2.477886e+003       2.369784e+000       
2.482832e+003       2.369784e+000       
2.487778e+003       2.369784e+000       
2.492724e+003       2.369784e+000       
2.497670e+003       2.369784e+000       
2.502615e+003       2.369784e+000       
2.507561e+003       2.369784e+000       
2.512507e+003       2.369784e+000       
2.517453e+003       2.369784e+000       
2.522399e+003       2.369784e+000       
2.527344e+003       2.369784e+000       

Retract Data
0.000000e+000       2.369784e+000       
4.945879e+000       2.369784e+000       
9.891759e+000       2.369784e+000       
1.483764e+001       2.369784e+000       
1.978352e+001       2.369784e+000       
2.472940e+001       2.369784e+000       
2.967528e+001       2.369784e+000       
3.462115e+001       2.369784e+000       
3.956704e+001       2.369784e+000       
4.451292e+001       2.369784e+000       
4.945880e+001       2.369784e+000       
5.440468e+001       2.369784e+000       
5.935056e+001       2.369784e+000       
6.429644e+001       2.369784e+000       
6.924232e+001       2.369784e+000       
7.418819e+001       2.369784e+000       
7.913407e+001       2.369784e+000       
8.407995e+001       2.369784e+000       
8.902583e+001       2.369784e+000       
9.397170e+001       2.369784e+000       
9.891758e+001       2.369784e+000       
1.038635e+002       2.369784e+000       
1.088093e+002       2.369784e+000       
1.137552e+002       2.369784e+000       
1.187011e+002       2.369784e+000       
1.236470e+002       2.369784e+000       
1.285928e+002       2.369784e+000       
1.335387e+002       2.369784e+000       
1.384846e+002       2.369784e+000       
1.434305e+002       2.369784e+000       
1.483764e+002       2.369784e+000       
1.533222e+002       2.369784e+000       
1.582681e+002       2.369784e+000       
1.632140e+002       2.369784e+000       
1.681599e+002       2.369784e+000       
1.731057e+002       2.369784e+000       
1.780516e+002       2.369784e+000       
1.829975e+002       2.369784e+000       
1.879434e+002       2.369784e+000       
1.928893e+002       2.369784e+000       
1.978351e+002       2.369784e+000       
2.027810e+002       2.369784e+000       
2.077269e+002       2.369784e+000       
2.126728e+002       2.369784e+000       
2.176186e+002       2.369784e+000       
2.225645e+002       2.369784e+000       
2.275104e+002       2.369784e+000       
2.324563e+002       2.369784e+000       
2.374021e+002       2.369784e+000       
2.423480e+002       2.369784e+000       
2.472939e+002       2.369784e+000       
2.522398e+002       2.369784e+000       
2.571857e+002       2.369784e+000       
2.621316e+002       2.369784e+000       
2.670775e+002       2.369784e+000       
2.720233e+002       2.369784e+000       
2.769692e+002       2.369784e+000       
2.819151e+002       2.369784e+000       
2.868610e+002       2.369784e+000       
2.918069e+002       2.369784e+000       
2.967528e+002       2.369784e+000       
3.016987e+002       2.369784e+000       
3.066446e+002       2.369784e+000       
3.115905e+002       2.369784e+000       
3.165364e+002       2.369784e+000       
3.214823e+002       2.369784e+000       
3.264282e+002       2.369784e+000       
3.313741e+002       2.369784e+000       
3.363199e+002       2.369784e+000       
3.412658e+002       2.369784e+000       
3.462117e+002       2.369784e+000       
3.511576e+002       2.369784e+000       
3.561035e+002       2.369784e+000       
3.610494e+002       2.369784e+000       
3.659953e+002       2.369784e+000       
3.709412e+002       2.369784e+000       
3.758871e+002       2.369784e+000       
3.808330e+002       2.369784e+000       
3.857789e+002       2.369784e+000       
3.907248e+002       2.369784e+000       
3.956707e+002       2.369784e+000       
4.006165e+002       2.369784e+000       
4.055624e+002       2.369784e+000       
4.105083e+002       2.369784e+000       
4.154542e+002       2.369784e+000       
4.204001e+002       2.369784e+000       
4.253460e+002       2.369784e+000       
4.302919e+002       2.369784e+000       
4.352378e+002       2.369784e+000       
4.401837e+002       2.369784e+000       
4.451296e+002       2.369784e+000       
4.500755e+002       2.369784e+000       
4.550214e+002       2.369784e+000       
4.599673e+002       2.369784e+000       
4.649131e+002       2.369784e+000       
4.698590e+002       2.369784e+000       
4.748049e+002       2.369784e+000       
4.797508e+002       2.369784e+000       
4.846967e+002       2.369784e+000       
4.896426e+002       2.369784e+000       
4.945885e+002       2.369784e+000       
4.995344e+002       2.369784e+000       
5.044803e+002       2.369784e+000       
5.094262e+002       2.369784e+000       
5.143721e+002       2.369784e+000       
5.193179e+002       2.369784e+000       
5.242638e+002       2.369784e+000       
5.292097e+002       2.369784e+000       
5.341555e+002       2.369784e+000       
5.391014e+002       2.369784e+000       
5.440472e+002       2.369784e+000       
5.489931e+002       2.369784e+000       
5.539390e+002       2.369784e+000       
5.588848e+002       2.369784e+000       
5.638307e+002       2.369784e+000       
5.687766e+002       2.369784e+000       
5.737224e+002       2.369784e+000       
5.786683e+002       2.369784e+000       
5.836141e+002       2.369784e+000       
5.885600e+002       2.369784e+000       
5.935059e+002       2.369784e+000       
5.984517e+002       2.369784e+000       
6.033976e+002       2.369784e+000       
6.083434e+002       2.369784e+000       
6.132893e+002       2.369784e+000       
6.182352e+002       2.369784e+000       
6.231810e+002       2.369784e+000       
6.281269e+002       2.369784e+000       
6.330728e+002       2.369784e+000       
6.380186e+002       2.369784e+000       
6.429645e+002       2.369784e+000       
6.479103e+002       2.369784e+000       
6.528562e+002       2.369784e+000       
6.578021e+002       2.369784e+000       
6.627479e+002       2.369784e+000       
6.676938e+002       2.369784e+000       
6.726396e+002       2.369784e+000       
6.775855e+002       2.369784e+000       
6.825314e+002       2.369784e+000       
6.874772e+002       2.369784e+000       
6.924231e+002       2.369784e+000       
6.973690e+002       2.369784e+000       
7.023148e+002       2.369784e+000       
7.072607e+002       2.369784e+000       
7.122065e+002       2.369784e+000       
7.171524e+002       2.369784e+000       
7.220983e+002       2.369784e+000       
7.270441e+002       2.369784e+000       
7.319900e+002       2.369784e+000       
7.369359e+002       2.369784e+000       
7.418817e+002       2.369784e+000       
7.468276e+002       2.369784e+000       
7.517734e+002       2.369784e+000       
7.567193e+002       2.369784e+000       
7.616652e+002       2.369784e+000       
7.666110e+002       2.369784e+000       
7.715569e+002       2.369784e+000       
7.765027e+002       2.369784e+000       
7.814486e+002       2.369784e+000       
7.863945e+002       2.369784e+000       
7.913403e+002       2.369784e+000       
7.962862e+002       2.369784e+000       
8.012321e+002       2.369784e+000       
8.061779e+002       2.369784e+000       
8.111238e+002       2.369784e+000       
8.160696e+002       2.369784e+000       
8.210155e+002       2.369784e+000       
8.259614e+002       2.369784e+000       
8.309072e+002       2.369784e+000       
8.358531e+002       2.369784e+000       
8.407990e+002       2.369784e+000       
8.457448e+002       2.369784e+000       
8.506907e+002       2.369784e+000       
8.556365e+002       2.369784e+000       
8.605824e+002       2.369784e+000       
8.655283e+002       2.369784e+000       
8.704741e+002       2.369784e+000       
8.754200e+002       2.369784e+000       
8.803658e+002       2.369784e+000       
8.853117e+002       2.369784e+000       
8.902576e+002       2.369784e+000       
8.952034e+002       2.369784e+000       
9.001493e+002       2.369784e+000       
9.050952e+002       2.369784e+000       
9.100410e+002       2.369784e+000       
9.149869e+002       2.368338e+000       
9.199327e+002       2.293046e+000       
9.248786e+002       2.154757e+000       
9.298245e+002       1.993541e+000       
9.347703e+002       1.837387e+000       
9.397162e+002       1.702064e+000       
9.446620e+002       1.541933e+000       
9.496079e+002       1.367915e+000       
9.545538e+002       1.197152e+000       
9.594996e+002       1.067181e+000       
9.644455e+002       9.602093e-001       
9.693914e+002       8.134584e-001       
9.743372e+002       6.428397e-001       
9.792831e+002       4.947146e-001       
9.842289e+002       3.197563e-001       
9.891748e+002       1.448704e-001       
9.941207e+002       -1.844331e-002      
9.990665e+002       -1.561534e-001      
1.004012e+003       -2.919829e-001      
1.008958e+003       -4.683154e-001      
1.013904e+003       -6.011072e-001      
1.018850e+003       -7.359965e-001      
1.023796e+003       -8.652443e-001      
1.028742e+003       -9.471182e-001      
1.033688e+003       -9.795928e-001      
1.038634e+003       -9.320742e-001      
1.043579e+003       -9.892846e-001      
1.048525e+003       -6.632358e-001      
1.053471e+003       -3.700957e-001      
1.058417e+003       -9.402471e-002      
1.063363e+003       -1.489930e-002      
1.068309e+003       8.693670e-002       
1.073255e+003       1.186158e-001       
1.078201e+003       1.513798e-001       
1.083147e+003       1.877601e-001       
1.088093e+003       2.160399e-001       
1.093039e+003       2.339769e-001       
1.097985e+003       2.595805e-001       
1.102931e+003       2.745522e-001       
1.107876e+003       2.808446e-001       
1.112822e+003       2.879326e-001       
1.117768e+003       2.950929e-001       
1.122714e+003       3.013130e-001       
1.127660e+003       3.068822e-001       
1.132606e+003       3.086180e-001       
1.137552e+003       3.159230e-001       
1.142498e+003       3.204796e-001       
1.147444e+003       3.264104e-001       
1.152390e+003       3.284355e-001       
1.157336e+003       3.320519e-001       
1.162282e+003       3.357405e-001       
1.167228e+003       3.392122e-001       
1.172173e+003       3.358129e-001       
1.177119e+003       3.369701e-001       
1.182065e+003       3.364638e-001       
1.187011e+003       3.334984e-001       
1.191957e+003       3.313286e-001       
1.196903e+003       3.264104e-001       
1.201849e+003       3.239513e-001       
1.206795e+003       3.217092e-001       
1.211741e+003       3.192500e-001       
1.216687e+003       3.150551e-001       
1.221633e+003       3.129576e-001       
1.226579e+003       3.075331e-001       
1.231525e+003       3.023256e-001       
1.236470e+003       2.965395e-001       
1.241416e+003       2.941527e-001       
1.246362e+003       2.891622e-001       
1.251308e+003       2.846779e-001       
1.256254e+003       2.822188e-001       
1.261200e+003       2.760710e-001       
1.266146e+003       2.716591e-001       
1.271092e+003       2.671025e-001       
1.276038e+003       2.644987e-001       
1.280984e+003       2.625459e-001       
1.285930e+003       2.602315e-001       
1.290876e+003       2.556749e-001       
1.295822e+003       2.525648e-001       
1.300767e+003       2.499611e-001       
1.305713e+003       2.459108e-001       
1.310659e+003       2.423668e-001       
1.315605e+003       2.406309e-001       
1.320551e+003       2.370869e-001       
1.325497e+003       2.347001e-001       
1.330443e+003       2.326750e-001       
1.335389e+003       2.336876e-001       
1.340335e+003       2.320241e-001       
1.345281e+003       2.328196e-001       
1.350227e+003       2.309391e-001       
1.355173e+003       2.339046e-001       
1.360119e+003       2.338322e-001       
1.365064e+003       2.380272e-001       
1.370010e+003       2.388228e-001       
1.374956e+003       2.426561e-001       
1.379902e+003       2.479359e-001       
1.384848e+003       2.512630e-001       
1.389794e+003       2.572661e-001       
1.394740e+003       2.628352e-001       
1.399686e+003       2.691276e-001       
1.404632e+003       2.754201e-001       
1.409578e+003       2.830867e-001       
1.414524e+003       2.885112e-001       
1.419470e+003       2.971181e-001       
1.424416e+003       3.049294e-001       
1.429361e+003       3.103539e-001       
1.434307e+003       3.206243e-001       
1.439253e+003       3.255425e-001       
1.444199e+003       3.331368e-001       
1.449145e+003       3.385613e-001       
1.454091e+003       3.457940e-001       
1.459037e+003       3.496996e-001       
1.463983e+003       3.541115e-001       
1.468929e+003       3.574386e-001       
1.473875e+003       3.602593e-001       
1.478821e+003       3.632247e-001       
1.483767e+003       3.640926e-001       
1.488713e+003       3.630800e-001       
1.493658e+003       3.614165e-001       
1.498604e+003       3.603316e-001       
1.503550e+003       3.590297e-001       
1.508496e+003       3.527373e-001       
1.513442e+003       3.496996e-001       
1.518388e+003       3.442028e-001       
1.523334e+003       3.396462e-001       
1.528280e+003       3.348003e-001       
1.533226e+003       3.294481e-001       
1.538172e+003       3.213475e-001       
1.543118e+003       3.149104e-001       
1.548064e+003       3.080394e-001       
1.553010e+003       3.021086e-001       
1.557955e+003       2.942250e-001       
1.562901e+003       2.865584e-001       
1.567847e+003       2.810616e-001       
1.572793e+003       2.741182e-001       
1.577739e+003       2.659453e-001       
1.582685e+003       2.604485e-001       
1.587631e+003       2.553132e-001       
1.592577e+003       2.478636e-001       
1.597523e+003       2.430177e-001       
1.602469e+003       2.412096e-001       
1.607415e+003       2.363636e-001       
1.612361e+003       2.326027e-001       
1.617307e+003       2.297819e-001       
1.622252e+003       2.278291e-001       
1.627198e+003       2.262379e-001       
1.632144e+003       2.254423e-001       
1.637090e+003       2.238511e-001       
1.642036e+003       2.245021e-001       
1.646982e+003       2.241405e-001       
1.651928e+003       2.247191e-001       
1.656874e+003       2.255870e-001       
1.661820e+003       2.268165e-001       
1.666766e+003       2.279014e-001       
1.671712e+003       2.306498e-001       
1.676658e+003       2.352064e-001       
1.681604e+003       2.372316e-001       
1.686549e+003       2.426561e-001       
1.691495e+003       2.452598e-001       
1.696441e+003       2.518416e-001       
1.701387e+003       2.561089e-001       
1.706333e+003       2.607377e-001       
1.711279e+003       2.667409e-001       
1.716225e+003       2.741182e-001       
1.721171e+003       2.809892e-001       
1.726117e+003       2.862691e-001       
1.731063e+003       2.939357e-001       
1.736009e+003       3.005174e-001       
1.740955e+003       3.070268e-001       
1.745901e+003       3.128130e-001       
1.750846e+003       3.190331e-001       
1.755792e+003       3.251809e-001       
1.760738e+003       3.307500e-001       
1.765684e+003       3.368254e-001       
1.770630e+003       3.415267e-001       
1.775576e+003       3.455046e-001       
1.780522e+003       3.491933e-001       
1.785468e+003       3.533882e-001       
1.790414e+003       3.544008e-001       
1.795360e+003       3.556304e-001       
1.800306e+003       3.567876e-001       
1.805252e+003       3.536052e-001       
1.810198e+003       3.514354e-001       
1.815143e+003       3.507122e-001       
1.820089e+003       3.451430e-001       
1.825035e+003       3.418160e-001       
1.829981e+003       3.350173e-001       
1.834927e+003       3.295928e-001       
1.839873e+003       3.229387e-001       
1.844819e+003       3.159230e-001       
1.849765e+003       3.070268e-001       
1.854711e+003       3.003728e-001       
1.859657e+003       2.937187e-001       
1.864603e+003       2.848949e-001       
1.869549e+003       2.803383e-001       
1.874495e+003       2.743352e-001       
1.879440e+003       2.690553e-001       
1.884386e+003       2.616780e-001       
1.889332e+003       2.551686e-001       
1.894278e+003       2.494548e-001       
1.899224e+003       2.449705e-001       
1.904170e+003       2.414989e-001       
1.909116e+003       2.380995e-001       
1.914062e+003       2.359297e-001       
1.919008e+003       2.326027e-001       
1.923954e+003       2.322410e-001       
1.928900e+003       2.319517e-001       
1.933846e+003       2.302882e-001       
1.938792e+003       2.306498e-001       
1.943737e+003       2.317348e-001       
1.948683e+003       2.326027e-001       
1.953629e+003       2.365083e-001       
1.958575e+003       2.391844e-001       
1.963521e+003       2.409202e-001       
1.968467e+003       2.427284e-001       
1.973413e+003       2.475743e-001       
1.978359e+003       2.543007e-001       
1.983305e+003       2.578447e-001       
1.988251e+003       2.647881e-001       
1.993197e+003       2.686214e-001       
1.998143e+003       2.724547e-001       
2.003089e+003       2.787471e-001       
2.008034e+003       2.832313e-001       
2.012980e+003       2.877879e-001       
2.017926e+003       2.932124e-001       
2.022872e+003       2.971181e-001       
2.027818e+003       3.020363e-001       
2.032764e+003       3.054357e-001       
2.037710e+003       3.093413e-001       
2.042656e+003       3.125960e-001       
2.047602e+003       3.149828e-001       
2.052548e+003       3.197563e-001       
2.057493e+003       3.240236e-001       
2.062439e+003       3.237343e-001       
2.067385e+003       3.264827e-001       
2.072331e+003       3.311116e-001       
2.077277e+003       3.342940e-001       
2.082222e+003       3.331368e-001       
2.087168e+003       3.345110e-001       
2.092114e+003       3.345833e-001       
2.097060e+003       3.343663e-001       
2.102006e+003       3.321965e-001       
2.106951e+003       3.327028e-001       
2.111897e+003       3.304607e-001       
2.116843e+003       3.277846e-001       
2.121789e+003       3.209136e-001       
2.126735e+003       3.196117e-001       
2.131680e+003       3.165740e-001       
2.136626e+003       3.112218e-001       
2.141572e+003       3.064482e-001       
2.146518e+003       3.000835e-001       
2.151464e+003       2.947313e-001       
2.156409e+003       2.880049e-001       
2.161355e+003       2.814955e-001       
2.166301e+003       2.733949e-001       
2.171247e+003       2.681151e-001       
2.176193e+003       2.628352e-001       
2.181138e+003       2.552409e-001       
2.186084e+003       2.522755e-001       
2.191030e+003       2.469957e-001       
2.195976e+003       2.419328e-001       
2.200922e+003       2.397630e-001       
2.205867e+003       2.349171e-001       
2.210813e+003       2.324580e-001       
2.215759e+003       2.299989e-001       
2.220705e+003       2.279738e-001       
2.225651e+003       2.291310e-001       
2.230596e+003       2.272505e-001       
2.235542e+003       2.292756e-001       
2.240488e+003       2.316624e-001       
2.245434e+003       2.334706e-001       
2.250380e+003       2.365083e-001       
2.255325e+003       2.412819e-001       
2.260271e+003       2.462724e-001       
2.265217e+003       2.512630e-001       
2.270163e+003       2.579170e-001       
2.275109e+003       2.631245e-001       
2.280054e+003       2.724547e-001       
2.285000e+003       2.797597e-001       
2.289946e+003       2.835207e-001       
2.294892e+003       2.918382e-001       
2.299838e+003       2.994325e-001       
2.304783e+003       3.055803e-001       
2.309729e+003       3.122344e-001       
2.314675e+003       3.204073e-001       
2.319621e+003       3.239513e-001       
2.324567e+003       3.302437e-001       
2.329512e+003       3.350173e-001       
2.334458e+003       3.380550e-001       
2.339404e+003       3.408757e-001       
2.344350e+003       3.443474e-001       
2.349296e+003       3.470235e-001       
2.354241e+003       3.474575e-001       
2.359187e+003       3.476745e-001       
2.364133e+003       3.454323e-001       
2.369079e+003       3.426116e-001       
2.374025e+003       3.438411e-001       
2.378970e+003       3.402971e-001       
2.383916e+003       3.377657e-001       
2.388862e+003       3.330645e-001       
2.393808e+003       3.307500e-001       
2.398754e+003       3.261934e-001       
2.403699e+003       3.207689e-001       
2.408645e+003       3.156337e-001       
2.413591e+003       3.105709e-001       
2.418537e+003       3.054357e-001       
2.423483e+003       2.972627e-001       
2.428428e+003       2.926338e-001       
2.433374e+003       2.866307e-001       
2.438320e+003       2.794704e-001       
2.443266e+003       2.728886e-001       
2.448212e+003       2.703572e-001       
2.453157e+003       2.616780e-001       
2.458103e+003       2.569045e-001       
2.463049e+003       2.505397e-001       
2.467995e+003       2.476466e-001       
2.472941e+003       2.427284e-001       
2.477886e+003       2.399077e-001       
2.482832e+003       2.379548e-001       
2.487778e+003       2.353511e-001       
2.492724e+003       2.324580e-001       
2.497670e+003       2.331813e-001       
2.502615e+003       2.311561e-001       
2.507561e+003       2.319517e-001       
2.512507e+003       2.327473e-001       
2.517453e+003       2.342662e-001       
2.522399e+003       2.416435e-001       
2.527344e+003       2.428731e-001       
