Calculated Z (nm)   Deflection (V)      
Extend Data
0.000000e+000       2.511183e-001       
4.945879e+000       2.501057e-001       
9.891759e+000       2.462724e-001       
1.483764e+001       2.433070e-001       
1.978352e+001       2.414989e-001       
2.472940e+001       2.416435e-001       
2.967528e+001       2.412819e-001       
3.462115e+001       2.402693e-001       
3.956704e+001       2.413542e-001       
4.451292e+001       2.417158e-001       
4.945880e+001       2.436687e-001       
5.440468e+001       2.434517e-001       
5.935056e+001       2.461278e-001       
6.429644e+001       2.483699e-001       
6.924232e+001       2.540837e-001       
7.418819e+001       2.569768e-001       
7.913407e+001       2.595082e-001       
8.407995e+001       2.654390e-001       
8.902583e+001       2.700679e-001       
9.397170e+001       2.752754e-001       
9.891758e+001       2.815678e-001       
1.038635e+002       2.855458e-001       
1.088093e+002       2.911873e-001       
1.137552e+002       2.961778e-001       
1.187011e+002       3.015300e-001       
1.236470e+002       3.055803e-001       
1.285928e+002       3.098476e-001       
1.335387e+002       3.164293e-001       
1.384846e+002       3.212752e-001       
1.434305e+002       3.256148e-001       
1.483764e+002       3.286525e-001       
1.533222e+002       3.350173e-001       
1.582681e+002       3.377657e-001       
1.632140e+002       3.426116e-001       
1.681599e+002       3.450707e-001       
1.731057e+002       3.465172e-001       
1.780516e+002       3.492656e-001       
1.829975e+002       3.515078e-001       
1.879434e+002       3.516524e-001       
1.928893e+002       3.517247e-001       
1.978351e+002       3.515801e-001       
2.027810e+002       3.513631e-001       
2.077269e+002       3.521587e-001       
2.126728e+002       3.481084e-001       
2.176186e+002       3.467342e-001       
2.225645e+002       3.421053e-001       
2.275104e+002       3.368254e-001       
2.324563e+002       3.343663e-001       
2.374021e+002       3.286525e-001       
2.423480e+002       3.221431e-001       
2.472939e+002       3.165740e-001       
2.522398e+002       3.108602e-001       
2.571857e+002       3.027596e-001       
2.621316e+002       2.964672e-001       
2.670775e+002       2.875710e-001       
2.720233e+002       2.820018e-001       
2.769692e+002       2.755647e-001       
2.819151e+002       2.685490e-001       
2.868610e+002       2.635585e-001       
2.918069e+002       2.562535e-001       
2.967528e+002       2.522032e-001       
3.016987e+002       2.482252e-001       
3.066446e+002       2.438856e-001       
3.115905e+002       2.410649e-001       
3.165364e+002       2.402693e-001       
3.214823e+002       2.372316e-001       
3.264282e+002       2.360020e-001       
3.313741e+002       2.357850e-001       
3.363199e+002       2.344832e-001       
3.412658e+002       2.367976e-001       
3.462117e+002       2.353511e-001       
3.511576e+002       2.397630e-001       
3.561035e+002       2.432347e-001       
3.610494e+002       2.464171e-001       
3.659953e+002       2.483699e-001       
3.709412e+002       2.520585e-001       
3.758871e+002       2.577724e-001       
3.808330e+002       2.627629e-001       
3.857789e+002       2.675365e-001       
3.907248e+002       2.738289e-001       
3.956707e+002       2.780238e-001       
4.006165e+002       2.836653e-001       
4.055624e+002       2.905363e-001       
4.105083e+002       2.965395e-001       
4.154542e+002       3.018917e-001       
4.204001e+002       3.089797e-001       
4.253460e+002       3.125960e-001       
4.302919e+002       3.167186e-001       
4.352378e+002       3.227940e-001       
4.401837e+002       3.278569e-001       
4.451296e+002       3.319072e-001       
4.500755e+002       3.340047e-001       
4.550214e+002       3.358129e-001       
4.599673e+002       3.392122e-001       
4.649131e+002       3.400078e-001       
4.698590e+002       3.405141e-001       
4.748049e+002       3.402248e-001       
4.797508e+002       3.387059e-001       
4.846967e+002       3.374040e-001       
4.896426e+002       3.376934e-001       
4.945885e+002       3.347280e-001       
4.995344e+002       3.327028e-001       
5.044803e+002       3.337877e-001       
5.094262e+002       3.290865e-001       
5.143721e+002       3.262658e-001       
5.193179e+002       3.226494e-001       
5.242638e+002       3.203349e-001       
5.292097e+002       3.152721e-001       
5.341555e+002       3.137532e-001       
5.391014e+002       3.104262e-001       
5.440472e+002       3.072438e-001       
5.489931e+002       3.013854e-001       
5.539390e+002       2.977690e-001       
5.588848e+002       2.940804e-001       
5.638307e+002       2.877156e-001       
5.687766e+002       2.814232e-001       
5.737224e+002       2.794704e-001       
5.786683e+002       2.732503e-001       
5.836141e+002       2.678981e-001       
5.885600e+002       2.640648e-001       
5.935059e+002       2.590019e-001       
5.984517e+002       2.550240e-001       
6.033976e+002       2.514076e-001       
6.083434e+002       2.452598e-001       
6.132893e+002       2.419328e-001       
6.182352e+002       2.421498e-001       
6.231810e+002       2.412096e-001       
6.281269e+002       2.370869e-001       
6.330728e+002       2.371593e-001       
6.380186e+002       2.373039e-001       
6.429645e+002       2.379548e-001       
6.479103e+002       2.380995e-001       
6.528562e+002       2.401246e-001       
6.578021e+002       2.417882e-001       
6.627479e+002       2.456215e-001       
6.676938e+002       2.481529e-001       
6.726396e+002       2.506120e-001       
6.775855e+002       2.538667e-001       
6.825314e+002       2.604485e-001       
6.874772e+002       2.677535e-001       
6.924231e+002       2.727440e-001       
6.973690e+002       2.799043e-001       
7.023148e+002       2.871370e-001       
7.072607e+002       2.927785e-001       
7.122065e+002       3.001558e-001       
7.171524e+002       3.064482e-001       
7.220983e+002       3.125960e-001       
7.270441e+002       3.188161e-001       
7.319900e+002       3.261211e-001       
7.369359e+002       3.329921e-001       
7.418817e+002       3.392845e-001       
7.468276e+002       3.437688e-001       
7.517734e+002       3.504952e-001       
7.567193e+002       3.536776e-001       
7.616652e+002       3.576555e-001       
7.666110e+002       3.600423e-001       
7.715569e+002       3.612719e-001       
7.765027e+002       3.606209e-001       
7.814486e+002       3.621398e-001       
7.863945e+002       3.590297e-001       
7.913403e+002       3.577279e-001       
7.962862e+002       3.541115e-001       
8.012321e+002       3.499166e-001       
8.061779e+002       3.444921e-001       
8.111238e+002       3.412374e-001       
8.160696e+002       3.345833e-001       
8.210155e+002       3.314733e-001       
8.259614e+002       3.261211e-001       
8.309072e+002       3.172972e-001       
8.358531e+002       3.099922e-001       
8.407990e+002       3.030489e-001       
8.457448e+002       2.984923e-001       
8.506907e+002       2.915489e-001       
8.556365e+002       2.865584e-001       
8.605824e+002       2.801213e-001       
8.655283e+002       2.733949e-001       
8.704741e+002       2.684044e-001       
8.754200e+002       2.632692e-001       
8.803658e+002       2.589296e-001       
8.853117e+002       2.545900e-001       
8.902576e+002       2.513353e-001       
8.952034e+002       2.449705e-001       
9.001493e+002       2.454045e-001       
9.050952e+002       2.420051e-001       
9.100410e+002       2.391844e-001       
9.149869e+002       2.377379e-001       
9.199327e+002       2.339769e-001       
9.248786e+002       2.328920e-001       
9.298245e+002       2.343385e-001       
9.347703e+002       2.320241e-001       
9.397162e+002       2.330366e-001       
9.446620e+002       2.362190e-001       
9.496079e+002       2.370146e-001       
9.545538e+002       2.385335e-001       
9.594996e+002       2.416435e-001       
9.644455e+002       2.450429e-001       
9.693914e+002       2.479359e-001       
9.743372e+002       2.503227e-001       
9.792831e+002       2.566875e-001       
9.842289e+002       2.630522e-001       
9.891748e+002       2.679704e-001       
9.941207e+002       2.734672e-001       
9.990665e+002       2.799043e-001       
1.004012e+003       2.867754e-001       
1.008958e+003       2.940080e-001       
1.013904e+003       3.017470e-001       
1.018850e+003       3.067375e-001       
1.023796e+003       3.136086e-001       
1.028742e+003       3.212752e-001       
1.033688e+003       3.283632e-001       
1.038634e+003       3.374040e-001       
1.043579e+003       3.422500e-001       
1.048525e+003       3.483977e-001       
1.053471e+003       3.533159e-001       
1.058417e+003       3.580172e-001       
1.063363e+003       3.607656e-001       
1.068309e+003       3.642372e-001       
1.073255e+003       3.703127e-001       
1.078201e+003       3.703850e-001       
1.083147e+003       3.708190e-001       
1.088093e+003       3.723378e-001       
1.093039e+003       3.703850e-001       
1.097985e+003       3.707467e-001       
1.102931e+003       3.656838e-001       
1.107876e+003       3.629354e-001       
1.112822e+003       3.578002e-001       
1.117768e+003       3.520864e-001       
1.122714e+003       3.483977e-001       
1.127660e+003       3.410204e-001       
1.132606e+003       3.342940e-001       
1.137552e+003       3.253255e-001       
1.142498e+003       3.184545e-001       
1.147444e+003       3.114388e-001       
1.152390e+003       3.037722e-001       
1.157336e+003       2.948036e-001       
1.162282e+003       2.876433e-001       
1.167228e+003       2.814955e-001       
1.172173e+003       2.756371e-001       
1.177119e+003       2.686214e-001       
1.182065e+003       2.634138e-001       
1.187011e+003       2.584956e-001       
1.191957e+003       2.537221e-001       
1.196903e+003       2.491655e-001       
1.201849e+003       2.459831e-001       
1.206795e+003       2.450429e-001       
1.211741e+003       2.425114e-001       
1.216687e+003       2.404139e-001       
1.221633e+003       2.413542e-001       
1.226579e+003       2.423668e-001       
1.231525e+003       2.422221e-001       
1.236470e+003       2.421498e-001       
1.241416e+003       2.459831e-001       
1.246362e+003       2.450429e-001       
1.251308e+003       2.467787e-001       
1.256254e+003       2.506844e-001       
1.261200e+003       2.532158e-001       
1.266146e+003       2.549516e-001       
1.271092e+003       2.581340e-001       
1.276038e+003       2.626906e-001       
1.280984e+003       2.673918e-001       
1.285930e+003       2.731056e-001       
1.290876e+003       2.738289e-001       
1.295822e+003       2.808446e-001       
1.300767e+003       2.826527e-001       
1.305713e+003       2.874263e-001       
1.310659e+003       2.901024e-001       
1.315605e+003       2.948036e-001       
1.320551e+003       2.988539e-001       
1.325497e+003       3.052910e-001       
1.330443e+003       3.070992e-001       
1.335389e+003       3.130299e-001       
1.340335e+003       3.188884e-001       
1.345281e+003       3.204073e-001       
1.350227e+003       3.255425e-001       
1.355173e+003       3.311840e-001       
1.360119e+003       3.348003e-001       
1.365064e+003       3.381996e-001       
1.370010e+003       3.424669e-001       
1.374956e+003       3.451430e-001       
1.379902e+003       3.489763e-001       
1.384848e+003       3.515801e-001       
1.389794e+003       3.515801e-001       
1.394740e+003       3.520864e-001       
1.399686e+003       3.528096e-001       
1.404632e+003       3.514354e-001       
1.409578e+003       3.502059e-001       
1.414524e+003       3.470235e-001       
1.419470e+003       3.460109e-001       
1.424416e+003       3.397909e-001       
1.429361e+003       3.371148e-001       
1.434307e+003       3.323412e-001       
1.439253e+003       3.264827e-001       
1.444199e+003       3.213475e-001       
1.449145e+003       3.153444e-001       
1.454091e+003       3.063036e-001       
1.459037e+003       3.008791e-001       
1.463983e+003       2.934294e-001       
1.468929e+003       2.859074e-001       
1.473875e+003       2.799767e-001       
1.478821e+003       2.724547e-001       
1.483767e+003       2.689107e-001       
1.488713e+003       2.626906e-001       
1.493658e+003       2.436687e-001       
1.498604e+003       1.947035e-001       
1.503550e+003       2.101091e-001       
1.508496e+003       1.743073e-001       
1.513442e+003       2.176310e-001       
1.518388e+003       2.938634e-001       
1.523334e+003       3.237343e-001       
1.528280e+003       3.324135e-001       
1.533226e+003       3.214922e-001       
1.538172e+003       3.748693e-001       
1.543118e+003       5.270447e-001       
1.548064e+003       6.964338e-001       
1.553010e+003       8.515745e-001       
1.557955e+003       1.013080e+000       
1.562901e+003       1.189774e+000       
1.567847e+003       1.317720e+000       
1.572793e+003       1.453477e+000       
1.577739e+003       1.535279e+000       
1.582685e+003       1.533181e+000       
1.587631e+003       1.544826e+000       
1.592577e+003       1.704523e+000       
1.597523e+003       1.852865e+000       
1.602469e+003       2.021965e+000       
1.607415e+003       2.181518e+000       
1.612361e+003       2.328775e+000       
1.617307e+003       2.369784e+000       
1.622252e+003       2.369784e+000       
1.627198e+003       2.369784e+000       
1.632144e+003       2.369784e+000       
1.637090e+003       2.369784e+000       
1.642036e+003       2.369784e+000       
1.646982e+003       2.369784e+000       
1.651928e+003       2.369784e+000       
1.656874e+003       2.369784e+000       
1.661820e+003       2.369784e+000       
1.666766e+003       2.369784e+000       
1.671712e+003       2.369784e+000       
1.676658e+003       2.369784e+000       
1.681604e+003       2.369784e+000       
1.686549e+003       2.369784e+000       
1.691495e+003       2.369784e+000       
1.696441e+003       2.369784e+000       
1.701387e+003       2.369784e+000       
1.706333e+003       2.369784e+000       
1.711279e+003       2.369784e+000       
1.716225e+003       2.369784e+000       
1.721171e+003       2.369784e+000       
1.726117e+003       2.369784e+000       
1.731063e+003       2.369784e+000       
1.736009e+003       2.369784e+000       
1.740955e+003       2.369784e+000       
1.745901e+003       2.369784e+000       
1.750846e+003       2.369784e+000       
1.755792e+003       2.369784e+000       
1.760738e+003       2.369784e+000       
1.765684e+003       2.369784e+000       
1.770630e+003       2.369784e+000       
1.775576e+003       2.369784e+000       
1.780522e+003       2.369784e+000       
1.785468e+003       2.369784e+000       
1.790414e+003       2.369784e+000       
1.795360e+003       2.369784e+000       
1.800306e+003       2.369784e+000       
1.805252e+003       2.369784e+000       
1.810198e+003       2.369784e+000       
1.815143e+003       2.369784e+000       
1.820089e+003       2.369784e+000       
1.825035e+003       2.369784e+000       
1.829981e+003       2.369784e+000       
1.834927e+003       2.369784e+000       
1.839873e+003       2.369784e+000       
1.844819e+003       2.369784e+000       
1.849765e+003       2.369784e+000       
1.854711e+003       2.369784e+000       
1.859657e+003       2.369784e+000       
1.864603e+003       2.369784e+000       
1.869549e+003       2.369784e+000       
1.874495e+003       2.369784e+000       
1.879440e+003       2.369784e+000       
1.884386e+003       2.369784e+000       
1.889332e+003       2.369784e+000       
1.894278e+003       2.369784e+000       
1.899224e+003       2.369784e+000       
1.904170e+003       2.369784e+000       
1.909116e+003       2.369784e+000       
1.914062e+003       2.369784e+000       
1.919008e+003       2.369784e+000       
1.923954e+003       2.369784e+000       
1.928900e+003       2.369784e+000       
1.933846e+003       2.369784e+000       
1.938792e+003       2.369784e+000       
1.943737e+003       2.369784e+000       
1.948683e+003       2.369784e+000       
1.953629e+003       2.369784e+000       
1.958575e+003       2.369784e+000       
1.963521e+003       2.369784e+000       
1.968467e+003       2.369784e+000       
1.973413e+003       2.369784e+000       
1.978359e+003       2.369784e+000       
1.983305e+003       2.369784e+000       
1.988251e+003       2.369784e+000       
1.993197e+003       2.369784e+000       
1.998143e+003       2.369784e+000       
2.003089e+003       2.369784e+000       
2.008034e+003       2.369784e+000       
2.012980e+003       2.369784e+000       
2.017926e+003       2.369784e+000       
2.022872e+003       2.369784e+000       
2.027818e+003       2.369784e+000       
2.032764e+003       2.369784e+000       
2.037710e+003       2.369784e+000       
2.042656e+003       2.369784e+000       
2.047602e+003       2.369784e+000       
2.052548e+003       2.369784e+000       
2.057493e+003       2.369784e+000       
2.062439e+003       2.369784e+000       
2.067385e+003       2.369784e+000       
2.072331e+003       2.369784e+000       
2.077277e+003       2.369784e+000       
2.082222e+003       2.369784e+000       
2.087168e+003       2.369784e+000       
2.092114e+003       2.369784e+000       
2.097060e+003       2.369784e+000       
2.102006e+003       2.369784e+000       
2.106951e+003       2.369784e+000       
2.111897e+003       2.369784e+000       
2.116843e+003       2.369784e+000       
2.121789e+003       2.369784e+000       
2.126735e+003       2.369784e+000       
2.131680e+003       2.369784e+000       
2.136626e+003       2.369784e+000       
2.141572e+003       2.369784e+000       
2.146518e+003       2.369784e+000       
2.151464e+003       2.369784e+000       
2.156409e+003       2.369784e+000       
2.161355e+003       2.369784e+000       
2.166301e+003       2.369784e+000       
2.171247e+003       2.369784e+000       
2.176193e+003       2.369784e+000       
2.181138e+003       2.369784e+000       
2.186084e+003       2.369784e+000       
2.191030e+003       2.369784e+000       
2.195976e+003       2.369784e+000       
2.200922e+003       2.369784e+000       
2.205867e+003       2.369784e+000       
2.210813e+003       2.369784e+000       
2.215759e+003       2.369784e+000       
2.220705e+003       2.369784e+000       
2.225651e+003       2.369784e+000       
2.230596e+003       2.369784e+000       
2.235542e+003       2.369784e+000       
2.240488e+003       2.369784e+000       
2.245434e+003       2.369784e+000       
2.250380e+003       2.369784e+000       
2.255325e+003       2.369784e+000       
2.260271e+003       2.369784e+000       
2.265217e+003       2.369784e+000       
2.270163e+003       2.369784e+000       
2.275109e+003       2.369784e+000       
2.280054e+003       2.369784e+000       
2.285000e+003       2.369784e+000       
2.289946e+003       2.369784e+000       
2.294892e+003       2.369784e+000       
2.299838e+003       2.369784e+000       
2.304783e+003       2.369784e+000       
2.309729e+003       2.369784e+000       
2.314675e+003       2.369784e+000       
2.319621e+003       2.369784e+000       
2.324567e+003       2.369784e+000       
2.329512e+003       2.369784e+000       
2.334458e+003       2.369784e+000       
2.339404e+003       2.369784e+000       
2.344350e+003       2.369784e+000       
2.349296e+003       2.369784e+000       
2.354241e+003       2.369784e+000       
2.359187e+003       2.369784e+000       
2.364133e+003       2.369784e+000       
2.369079e+003       2.369784e+000       
2.374025e+003       2.369784e+000       
2.378970e+003       2.369784e+000       
2.383916e+003       2.369784e+000       
2.388862e+003       2.369784e+000       
2.393808e+003       2.369784e+000       
2.398754e+003       2.369784e+000       
2.403699e+003       2.369784e+000       
2.408645e+003       2.369784e+000       
2.413591e+003       2.369784e+000       
2.418537e+003       2.369784e+000       
2.423483e+003       2.369784e+000       
2.428428e+003       2.369784e+000       
2.433374e+003       2.369784e+000       
2.438320e+003       2.369784e+000       
2.443266e+003       2.369784e+000       
2.448212e+003       2.369784e+000       
2.453157e+003       2.369784e+000       
2.458103e+003       2.369784e+000       
2.463049e+003       2.369784e+000       
2.467995e+003       2.369784e+000       
2.472941e+003       2.369784e+000       
2.477886e+003       2.369784e+000       
2.482832e+003       2.369784e+000       
2.487778e+003       2.369784e+000       
2.492724e+003       2.369784e+000       
2.497670e+003       2.369784e+000       
2.502615e+003       2.369784e+000       
2.507561e+003       2.369784e+000       
2.512507e+003       2.369784e+000       
2.517453e+003       2.369784e+000       
2.522399e+003       2.369784e+000       
2.527344e+003       2.369784e+000       

Retract Data
0.000000e+000       2.369784e+000       
4.945879e+000       2.369784e+000       
9.891759e+000       2.369784e+000       
1.483764e+001       2.369784e+000       
1.978352e+001       2.369784e+000       
2.472940e+001       2.369784e+000       
2.967528e+001       2.369784e+000       
3.462115e+001       2.369784e+000       
3.956704e+001       2.369784e+000       
4.451292e+001       2.369784e+000       
4.945880e+001       2.369784e+000       
5.440468e+001       2.369784e+000       
5.935056e+001       2.369784e+000       
6.429644e+001       2.369784e+000       
6.924232e+001       2.369784e+000       
7.418819e+001       2.369784e+000       
7.913407e+001       2.369784e+000       
8.407995e+001       2.369784e+000       
8.902583e+001       2.369784e+000       
9.397170e+001       2.369784e+000       
9.891758e+001       2.369784e+000       
1.038635e+002       2.369784e+000       
1.088093e+002       2.369784e+000       
1.137552e+002       2.369784e+000       
1.187011e+002       2.369784e+000       
1.236470e+002       2.369784e+000       
1.285928e+002       2.369784e+000       
1.335387e+002       2.369784e+000       
1.384846e+002       2.369784e+000       
1.434305e+002       2.369784e+000       
1.483764e+002       2.369784e+000       
1.533222e+002       2.369784e+000       
1.582681e+002       2.369784e+000       
1.632140e+002       2.369784e+000       
1.681599e+002       2.369784e+000       
1.731057e+002       2.369784e+000       
1.780516e+002       2.369784e+000       
1.829975e+002       2.369784e+000       
1.879434e+002       2.369784e+000       
1.928893e+002       2.369784e+000       
1.978351e+002       2.369784e+000       
2.027810e+002       2.369784e+000       
2.077269e+002       2.369784e+000       
2.126728e+002       2.369784e+000       
2.176186e+002       2.369784e+000       
2.225645e+002       2.369784e+000       
2.275104e+002       2.369784e+000       
2.324563e+002       2.369784e+000       
2.374021e+002       2.369784e+000       
2.423480e+002       2.369784e+000       
2.472939e+002       2.369784e+000       
2.522398e+002       2.369784e+000       
2.571857e+002       2.369784e+000       
2.621316e+002       2.369784e+000       
2.670775e+002       2.369784e+000       
2.720233e+002       2.369784e+000       
2.769692e+002       2.369784e+000       
2.819151e+002       2.369784e+000       
2.868610e+002       2.369784e+000       
2.918069e+002       2.369784e+000       
2.967528e+002       2.369784e+000       
3.016987e+002       2.369784e+000       
3.066446e+002       2.369784e+000       
3.115905e+002       2.369784e+000       
3.165364e+002       2.369784e+000       
3.214823e+002       2.369784e+000       
3.264282e+002       2.369784e+000       
3.313741e+002       2.369784e+000       
3.363199e+002       2.369784e+000       
3.412658e+002       2.369784e+000       
3.462117e+002       2.369784e+000       
3.511576e+002       2.369784e+000       
3.561035e+002       2.369784e+000       
3.610494e+002       2.369784e+000       
3.659953e+002       2.369784e+000       
3.709412e+002       2.369784e+000       
3.758871e+002       2.369784e+000       
3.808330e+002       2.369784e+000       
3.857789e+002       2.369784e+000       
3.907248e+002       2.369784e+000       
3.956707e+002       2.369784e+000       
4.006165e+002       2.369784e+000       
4.055624e+002       2.369784e+000       
4.105083e+002       2.369784e+000       
4.154542e+002       2.369784e+000       
4.204001e+002       2.369784e+000       
4.253460e+002       2.369784e+000       
4.302919e+002       2.369784e+000       
4.352378e+002       2.369784e+000       
4.401837e+002       2.369784e+000       
4.451296e+002       2.369784e+000       
4.500755e+002       2.369784e+000       
4.550214e+002       2.369784e+000       
4.599673e+002       2.369784e+000       
4.649131e+002       2.369784e+000       
4.698590e+002       2.369784e+000       
4.748049e+002       2.369784e+000       
4.797508e+002       2.369784e+000       
4.846967e+002       2.369784e+000       
4.896426e+002       2.369784e+000       
4.945885e+002       2.369784e+000       
4.995344e+002       2.369784e+000       
5.044803e+002       2.369784e+000       
5.094262e+002       2.369784e+000       
5.143721e+002       2.369784e+000       
5.193179e+002       2.369784e+000       
5.242638e+002       2.369784e+000       
5.292097e+002       2.369784e+000       
5.341555e+002       2.369784e+000       
5.391014e+002       2.369784e+000       
5.440472e+002       2.369784e+000       
5.489931e+002       2.369784e+000       
5.539390e+002       2.369784e+000       
5.588848e+002       2.369784e+000       
5.638307e+002       2.369784e+000       
5.687766e+002       2.369784e+000       
5.737224e+002       2.369784e+000       
5.786683e+002       2.369784e+000       
5.836141e+002       2.369784e+000       
5.885600e+002       2.369784e+000       
5.935059e+002       2.369784e+000       
5.984517e+002       2.369784e+000       
6.033976e+002       2.369784e+000       
6.083434e+002       2.369784e+000       
6.132893e+002       2.369784e+000       
6.182352e+002       2.369784e+000       
6.231810e+002       2.369784e+000       
6.281269e+002       2.369784e+000       
6.330728e+002       2.369784e+000       
6.380186e+002       2.369784e+000       
6.429645e+002       2.369784e+000       
6.479103e+002       2.369784e+000       
6.528562e+002       2.369784e+000       
6.578021e+002       2.369784e+000       
6.627479e+002       2.369784e+000       
6.676938e+002       2.369784e+000       
6.726396e+002       2.369784e+000       
6.775855e+002       2.369784e+000       
6.825314e+002       2.369784e+000       
6.874772e+002       2.369784e+000       
6.924231e+002       2.369784e+000       
6.973690e+002       2.369784e+000       
7.023148e+002       2.369784e+000       
7.072607e+002       2.369784e+000       
7.122065e+002       2.369784e+000       
7.171524e+002       2.369784e+000       
7.220983e+002       2.369784e+000       
7.270441e+002       2.369784e+000       
7.319900e+002       2.369784e+000       
7.369359e+002       2.369784e+000       
7.418817e+002       2.369784e+000       
7.468276e+002       2.369784e+000       
7.517734e+002       2.369784e+000       
7.567193e+002       2.369784e+000       
7.616652e+002       2.369784e+000       
7.666110e+002       2.369784e+000       
7.715569e+002       2.369784e+000       
7.765027e+002       2.369784e+000       
7.814486e+002       2.369784e+000       
7.863945e+002       2.369784e+000       
7.913403e+002       2.369784e+000       
7.962862e+002       2.369784e+000       
8.012321e+002       2.369784e+000       
8.061779e+002       2.369784e+000       
8.111238e+002       2.369784e+000       
8.160696e+002       2.369784e+000       
8.210155e+002       2.369784e+000       
8.259614e+002       2.369784e+000       
8.309072e+002       2.369784e+000       
8.358531e+002       2.369784e+000       
8.407990e+002       2.369784e+000       
8.457448e+002       2.369784e+000       
8.506907e+002       2.369784e+000       
8.556365e+002       2.369784e+000       
8.605824e+002       2.369784e+000       
8.655283e+002       2.369784e+000       
8.704741e+002       2.369784e+000       
8.754200e+002       2.369784e+000       
8.803658e+002       2.369784e+000       
8.853117e+002       2.369784e+000       
8.902576e+002       2.369784e+000       
8.952034e+002       2.369784e+000       
9.001493e+002       2.369784e+000       
9.050952e+002       2.369784e+000       
9.100410e+002       2.369784e+000       
9.149869e+002       2.369784e+000       
9.199327e+002       2.366313e+000       
9.248786e+002       2.279448e+000       
9.298245e+002       2.128647e+000       
9.347703e+002       2.004245e+000       
9.397162e+002       1.858868e+000       
9.446620e+002       1.701269e+000       
9.496079e+002       1.551842e+000       
9.545538e+002       1.428525e+000       
9.594996e+002       1.313815e+000       
9.644455e+002       1.150067e+000       
9.693914e+002       1.005703e+000       
9.743372e+002       8.344331e-001       
9.792831e+002       6.639591e-001       
9.842289e+002       5.054913e-001       
9.891748e+002       3.251085e-001       
9.941207e+002       1.518861e-001       
9.990665e+002       -1.352509e-002      
1.004012e+003       -1.853733e-001      
1.008958e+003       -3.499889e-001      
1.013904e+003       -5.176422e-001      
1.018850e+003       -6.769056e-001      
1.023796e+003       -8.027540e-001      
1.028742e+003       -8.872316e-001      
1.033688e+003       -9.691055e-001      
1.038634e+003       -1.015395e+000      
1.043579e+003       -1.088806e+000      
1.048525e+003       -8.041282e-001      
1.053471e+003       -3.191777e-001      
1.058417e+003       -2.016468e-001      
1.063363e+003       -5.569156e-002      
1.068309e+003       1.012574e-002       
1.073255e+003       9.735174e-002       
1.078201e+003       1.346723e-001       
1.083147e+003       1.836375e-001       
1.088093e+003       2.407033e-001       
1.093039e+003       2.646434e-001       
1.097985e+003       2.699232e-001       
1.102931e+003       2.788917e-001       
1.107876e+003       2.825804e-001       
1.112822e+003       2.899577e-001       
1.117768e+003       2.973351e-001       
1.122714e+003       3.078948e-001       
1.127660e+003       3.128853e-001       
1.132606e+003       3.168633e-001       
1.137552e+003       3.230834e-001       
1.142498e+003       3.307500e-001       
1.147444e+003       3.327028e-001       
1.152390e+003       3.348003e-001       
1.157336e+003       3.370424e-001       
1.162282e+003       3.401525e-001       
1.167228e+003       3.417436e-001       
1.172173e+003       3.434072e-001       
1.177119e+003       3.411650e-001       
1.182065e+003       3.402248e-001       
1.187011e+003       3.386336e-001       
1.191957e+003       3.358852e-001       
1.196903e+003       3.333538e-001       
1.201849e+003       3.282909e-001       
1.206795e+003       3.255425e-001       
1.211741e+003       3.219985e-001       
1.216687e+003       3.183098e-001       
1.221633e+003       3.128853e-001       
1.226579e+003       3.079671e-001       
1.231525e+003       3.053633e-001       
1.236470e+003       3.016747e-001       
1.241416e+003       2.971181e-001       
1.246362e+003       2.958885e-001       
1.251308e+003       2.908257e-001       
1.256254e+003       2.873540e-001       
1.261200e+003       2.825081e-001       
1.266146e+003       2.782408e-001       
1.271092e+003       2.732503e-001       
1.276038e+003       2.699956e-001       
1.280984e+003       2.672472e-001       
1.285930e+003       2.647881e-001       
1.290876e+003       2.597975e-001       
1.295822e+003       2.558919e-001       
1.300767e+003       2.519139e-001       
1.305713e+003       2.511906e-001       
1.310659e+003       2.498887e-001       
1.315605e+003       2.466341e-001       
1.320551e+003       2.458384e-001       
1.325497e+003       2.420775e-001       
1.330443e+003       2.417158e-001       
1.335389e+003       2.425114e-001       
1.340335e+003       2.390397e-001       
1.345281e+003       2.407033e-001       
1.350227e+003       2.399077e-001       
1.355173e+003       2.405586e-001       
1.360119e+003       2.423668e-001       
1.365064e+003       2.433793e-001       
1.370010e+003       2.461278e-001       
1.374956e+003       2.502504e-001       
1.379902e+003       2.543730e-001       
1.384848e+003       2.560365e-001       
1.389794e+003       2.621843e-001       
1.394740e+003       2.675365e-001       
1.399686e+003       2.738289e-001       
1.404632e+003       2.796873e-001       
1.409578e+003       2.874263e-001       
1.414524e+003       2.945143e-001       
1.419470e+003       3.011684e-001       
1.424416e+003       3.080394e-001       
1.429361e+003       3.171526e-001       
1.434307e+003       3.242406e-001       
1.439253e+003       3.308223e-001       
1.444199e+003       3.380550e-001       
1.449145e+003       3.460109e-001       
1.454091e+003       3.494826e-001       
1.459037e+003       3.533159e-001       
1.463983e+003       3.596807e-001       
1.468929e+003       3.609102e-001       
1.473875e+003       3.642372e-001       
1.478821e+003       3.665517e-001       
1.483767e+003       3.672027e-001       
1.488713e+003       3.676366e-001       
1.493658e+003       3.676366e-001       
1.498604e+003       3.664071e-001       
1.503550e+003       3.630077e-001       
1.508496e+003       3.598253e-001       
1.513442e+003       3.545455e-001       
1.518388e+003       3.484700e-001       
1.523334e+003       3.441304e-001       
1.528280e+003       3.399355e-001       
1.533226e+003       3.325582e-001       
1.538172e+003       3.256871e-001       
1.543118e+003       3.183098e-001       
1.548064e+003       3.110048e-001       
1.553010e+003       3.045677e-001       
1.557955e+003       2.984923e-001       
1.562901e+003       2.895238e-001       
1.567847e+003       2.829421e-001       
1.572793e+003       2.769389e-001       
1.577739e+003       2.717314e-001       
1.582685e+003       2.661622e-001       
1.587631e+003       2.589296e-001       
1.592577e+003       2.554579e-001       
1.597523e+003       2.490208e-001       
1.602469e+003       2.475020e-001       
1.607415e+003       2.424391e-001       
1.612361e+003       2.399077e-001       
1.617307e+003       2.372316e-001       
1.622252e+003       2.330366e-001       
1.627198e+003       2.336876e-001       
1.632144e+003       2.315901e-001       
1.637090e+003       2.292033e-001       
1.642036e+003       2.308668e-001       
1.646982e+003       2.320964e-001       
1.651928e+003       2.299989e-001       
1.656874e+003       2.310838e-001       
1.661820e+003       2.349894e-001       
1.666766e+003       2.349171e-001       
1.671712e+003       2.388951e-001       
1.676658e+003       2.395460e-001       
1.681604e+003       2.450429e-001       
1.686549e+003       2.491655e-001       
1.691495e+003       2.509013e-001       
1.696441e+003       2.554579e-001       
1.701387e+003       2.613164e-001       
1.706333e+003       2.678981e-001       
1.711279e+003       2.720207e-001       
1.716225e+003       2.780962e-001       
1.721171e+003       2.827251e-001       
1.726117e+003       2.889452e-001       
1.731063e+003       2.963225e-001       
1.736009e+003       3.039891e-001       
1.740955e+003       3.095583e-001       
1.745901e+003       3.162847e-001       
1.750846e+003       3.218538e-001       
1.755792e+003       3.294481e-001       
1.760738e+003       3.352343e-001       
1.765684e+003       3.418160e-001       
1.770630e+003       3.433349e-001       
1.775576e+003       3.476021e-001       
1.780522e+003       3.533882e-001       
1.785468e+003       3.563536e-001       
1.790414e+003       3.560643e-001       
1.795360e+003       3.587404e-001       
1.800306e+003       3.609826e-001       
1.805252e+003       3.605486e-001       
1.810198e+003       3.570769e-001       
1.815143e+003       3.543285e-001       
1.820089e+003       3.487594e-001       
1.825035e+003       3.452154e-001       
1.829981e+003       3.391399e-001       
1.834927e+003       3.339324e-001       
1.839873e+003       3.285079e-001       
1.844819e+003       3.204073e-001       
1.849765e+003       3.132469e-001       
1.854711e+003       3.057973e-001       
1.859657e+003       2.992879e-001       
1.864603e+003       2.922722e-001       
1.869549e+003       2.840993e-001       
1.874495e+003       2.780238e-001       
1.879440e+003       2.707912e-001       
1.884386e+003       2.642817e-001       
1.889332e+003       2.600868e-001       
1.894278e+003       2.532158e-001       
1.899224e+003       2.496718e-001       
1.904170e+003       2.482252e-001       
1.909116e+003       2.421498e-001       
1.914062e+003       2.401246e-001       
1.919008e+003       2.360743e-001       
1.923954e+003       2.339769e-001       
1.928900e+003       2.333983e-001       
1.933846e+003       2.364360e-001       
1.938792e+003       2.343385e-001       
1.943737e+003       2.349171e-001       
1.948683e+003       2.354234e-001       
1.953629e+003       2.383888e-001       
1.958575e+003       2.426561e-001       
1.963521e+003       2.472127e-001       
1.968467e+003       2.496718e-001       
1.973413e+003       2.539390e-001       
1.978359e+003       2.569045e-001       
1.983305e+003       2.633415e-001       
1.988251e+003       2.678258e-001       
1.993197e+003       2.727440e-001       
1.998143e+003       2.766496e-001       
2.003089e+003       2.819295e-001       
2.008034e+003       2.882219e-001       
2.012980e+003       2.914043e-001       
2.017926e+003       2.953099e-001       
2.022872e+003       3.000835e-001       
2.027818e+003       3.062313e-001       
2.032764e+003       3.078948e-001       
2.037710e+003       3.118004e-001       
2.042656e+003       3.178759e-001       
2.047602e+003       3.197563e-001       
2.052548e+003       3.221431e-001       
2.057493e+003       3.280016e-001       
2.062439e+003       3.293035e-001       
2.067385e+003       3.307500e-001       
2.072331e+003       3.342940e-001       
2.077277e+003       3.348003e-001       
2.082222e+003       3.371148e-001       
2.087168e+003       3.381996e-001       
2.092114e+003       3.381273e-001       
2.097060e+003       3.388506e-001       
2.102006e+003       3.369701e-001       
2.106951e+003       3.377657e-001       
2.111897e+003       3.339324e-001       
2.116843e+003       3.319072e-001       
2.121789e+003       3.284355e-001       
2.126735e+003       3.263381e-001       
2.131680e+003       3.201903e-001       
2.136626e+003       3.155614e-001       
2.141572e+003       3.104262e-001       
2.146518e+003       3.067375e-001       
2.151464e+003       2.992879e-001       
2.156409e+003       2.931401e-001       
2.161355e+003       2.868477e-001       
2.166301e+003       2.818572e-001       
2.171247e+003       2.752031e-001       
2.176193e+003       2.675365e-001       
2.181138e+003       2.629076e-001       
2.186084e+003       2.568321e-001       
2.191030e+003       2.529265e-001       
2.195976e+003       2.489485e-001       
2.200922e+003       2.439580e-001       
2.205867e+003       2.403416e-001       
2.210813e+003       2.385335e-001       
2.215759e+003       2.367253e-001       
2.220705e+003       2.343385e-001       
2.225651e+003       2.331090e-001       
2.230596e+003       2.323857e-001       
2.235542e+003       2.332536e-001       
2.240488e+003       2.355681e-001       
2.245434e+003       2.380272e-001       
2.250380e+003       2.367976e-001       
2.255325e+003       2.417158e-001       
2.260271e+003       2.459108e-001       
2.265217e+003       2.506120e-001       
2.270163e+003       2.564705e-001       
2.275109e+003       2.624736e-001       
2.280054e+003       2.700679e-001       
2.285000e+003       2.778792e-001       
2.289946e+003       2.856181e-001       
2.294892e+003       2.924168e-001       
2.299838e+003       3.000835e-001       
2.304783e+003       3.058696e-001       
2.309729e+003       3.137532e-001       
2.314675e+003       3.202626e-001       
2.319621e+003       3.256148e-001       
2.324567e+003       3.314733e-001       
2.329512e+003       3.358852e-001       
2.334458e+003       3.392845e-001       
2.339404e+003       3.413820e-001       
2.344350e+003       3.442751e-001       
2.349296e+003       3.473851e-001       
2.354241e+003       3.473851e-001       
2.359187e+003       3.475298e-001       
2.364133e+003       3.466619e-001       
2.369079e+003       3.436965e-001       
2.374025e+003       3.450707e-001       
2.378970e+003       3.426116e-001       
2.383916e+003       3.381996e-001       
2.388862e+003       3.353066e-001       
2.393808e+003       3.317626e-001       
2.398754e+003       3.274230e-001       
2.403699e+003       3.236620e-001       
2.408645e+003       3.190331e-001       
2.413591e+003       3.120897e-001       
2.418537e+003       3.065206e-001       
2.423483e+003       3.014577e-001       
2.428428e+003       2.955269e-001       
2.433374e+003       2.895238e-001       
2.438320e+003       2.838100e-001       
2.443266e+003       2.797597e-001       
2.448212e+003       2.730333e-001       
2.453157e+003       2.665962e-001       
2.458103e+003       2.634862e-001       
2.463049e+003       2.585680e-001       
2.467995e+003       2.546623e-001       
2.472941e+003       2.475020e-001       
2.477886e+003       2.458384e-001       
2.482832e+003       2.417158e-001       
2.487778e+003       2.387504e-001       
2.492724e+003       2.382441e-001       
2.497670e+003       2.362913e-001       
2.502615e+003       2.391121e-001       
2.507561e+003       2.365806e-001       
2.512507e+003       2.367253e-001       
2.517453e+003       2.407033e-001       
2.522399e+003       2.423668e-001       
2.527344e+003       2.430900e-001       
