Calculated Z (nm)   Deflection (V)      
Extend Data
0.000000e+000       3.261934e-001       
4.763908e+000       3.243129e-001       
9.527817e+000       3.211305e-001       
1.429173e+001       3.200457e-001       
1.905563e+001       3.191054e-001       
2.381954e+001       3.152721e-001       
2.858345e+001       3.149828e-001       
3.334736e+001       3.122344e-001       
3.811127e+001       3.094136e-001       
4.287518e+001       3.075331e-001       
4.763908e+001       3.033382e-001       
5.240299e+001       3.011684e-001       
5.716690e+001       2.987816e-001       
6.193081e+001       2.962502e-001       
6.669472e+001       2.952376e-001       
7.145863e+001       2.929231e-001       
7.622253e+001       2.874986e-001       
8.098644e+001       2.850395e-001       
8.575035e+001       2.842439e-001       
9.051426e+001       2.815678e-001       
9.527817e+001       2.809892e-001       
1.000421e+002       2.784578e-001       
1.048060e+002       2.760710e-001       
1.095699e+002       2.755647e-001       
1.143338e+002       2.752031e-001       
1.190977e+002       2.744075e-001       
1.238616e+002       2.746245e-001       
1.286255e+002       2.736842e-001       
1.333894e+002       2.727440e-001       
1.381534e+002       2.711528e-001       
1.429173e+002       2.726717e-001       
1.476812e+002       2.744075e-001       
1.524451e+002       2.744798e-001       
1.572090e+002       2.773006e-001       
1.619729e+002       2.776622e-001       
1.667368e+002       2.795427e-001       
1.715008e+002       2.801936e-001       
1.762647e+002       2.850395e-001       
1.810286e+002       2.848949e-001       
1.857925e+002       2.882942e-001       
1.905564e+002       2.906810e-001       
1.953203e+002       2.945143e-001       
2.000843e+002       2.965395e-001       
2.048482e+002       2.984200e-001       
2.096121e+002       3.030489e-001       
2.143760e+002       3.047847e-001       
2.191399e+002       3.055803e-001       
2.239038e+002       3.115834e-001       
2.286678e+002       3.114388e-001       
2.334317e+002       3.133193e-001       
2.381956e+002       3.154168e-001       
2.429595e+002       3.174419e-001       
2.477234e+002       3.183821e-001       
2.524873e+002       3.191777e-001       
2.572513e+002       3.184545e-001       
2.620152e+002       3.208413e-001       
2.667791e+002       3.200457e-001       
2.715430e+002       3.212029e-001       
2.763069e+002       3.199010e-001       
2.810708e+002       3.174419e-001       
2.858347e+002       3.168633e-001       
2.905987e+002       3.180205e-001       
2.953626e+002       3.150551e-001       
3.001265e+002       3.142595e-001       
3.048904e+002       3.112941e-001       
3.096543e+002       3.099922e-001       
3.144182e+002       3.098476e-001       
3.191822e+002       3.078948e-001       
3.239461e+002       3.060143e-001       
3.287100e+002       3.059419e-001       
3.334739e+002       3.034828e-001       
3.382378e+002       3.027596e-001       
3.430017e+002       3.018193e-001       
3.477657e+002       3.017470e-001       
3.525296e+002       2.993602e-001       
3.572935e+002       2.981307e-001       
3.620574e+002       2.973351e-001       
3.668213e+002       2.971181e-001       
3.715852e+002       2.977690e-001       
3.763492e+002       2.963225e-001       
3.811131e+002       2.970458e-001       
3.858770e+002       2.957439e-001       
3.906409e+002       2.961778e-001       
3.954048e+002       2.950206e-001       
4.001687e+002       2.943697e-001       
4.049326e+002       2.932124e-001       
4.096966e+002       2.945867e-001       
4.144605e+002       2.946590e-001       
4.192244e+002       2.956716e-001       
4.239883e+002       2.970458e-001       
4.287522e+002       2.948036e-001       
4.335161e+002       2.958885e-001       
4.382801e+002       2.936464e-001       
4.430440e+002       2.918382e-001       
4.478079e+002       2.927785e-001       
4.525718e+002       2.919106e-001       
4.573357e+002       2.931401e-001       
4.620996e+002       2.920552e-001       
4.668636e+002       2.898131e-001       
4.716275e+002       2.898131e-001       
4.763914e+002       2.898854e-001       
4.811553e+002       2.908257e-001       
4.859192e+002       2.892345e-001       
4.906831e+002       2.916936e-001       
4.954471e+002       2.884389e-001       
5.002110e+002       2.898854e-001       
5.049749e+002       2.884389e-001       
5.097388e+002       2.895961e-001       
5.145027e+002       2.895961e-001       
5.192666e+002       2.888728e-001       
5.240305e+002       2.927062e-001       
5.287944e+002       2.932848e-001       
5.335583e+002       2.944420e-001       
5.383223e+002       2.955269e-001       
5.430862e+002       2.965395e-001       
5.478501e+002       3.000112e-001       
5.526140e+002       3.030489e-001       
5.573779e+002       3.034828e-001       
5.621418e+002       3.057249e-001       
5.669058e+002       3.062313e-001       
5.716697e+002       3.101369e-001       
5.764336e+002       3.122344e-001       
5.811975e+002       3.142595e-001       
5.859614e+002       3.154168e-001       
5.907253e+002       3.154168e-001       
5.954893e+002       3.176589e-001       
6.002532e+002       3.195394e-001       
6.050171e+002       3.203349e-001       
6.097810e+002       3.201903e-001       
6.145449e+002       3.189608e-001       
6.193088e+002       3.191777e-001       
6.240728e+002       3.197563e-001       
6.288367e+002       3.171526e-001       
6.336006e+002       3.128130e-001       
6.383645e+002       3.097029e-001       
6.431284e+002       3.083287e-001       
6.478923e+002       3.044231e-001       
6.526563e+002       3.025426e-001       
6.574202e+002       2.994325e-001       
6.621841e+002       2.969734e-001       
6.669480e+002       2.936464e-001       
6.717119e+002       2.890175e-001       
6.764758e+002       2.898854e-001       
6.812397e+002       2.864861e-001       
6.860037e+002       2.830144e-001       
6.907676e+002       2.825081e-001       
6.955315e+002       2.801213e-001       
7.002954e+002       2.806276e-001       
7.050593e+002       2.789641e-001       
7.098232e+002       2.754201e-001       
7.145872e+002       2.778792e-001       
7.193511e+002       2.762157e-001       
7.241150e+002       2.777345e-001       
7.288789e+002       2.792534e-001       
7.336428e+002       2.803383e-001       
7.384067e+002       2.825081e-001       
7.431707e+002       2.814955e-001       
7.479346e+002       2.847502e-001       
7.526985e+002       2.842439e-001       
7.574624e+002       2.851118e-001       
7.622263e+002       2.873540e-001       
7.669902e+002       2.872817e-001       
7.717542e+002       2.915489e-001       
7.765181e+002       2.911150e-001       
7.812820e+002       2.934294e-001       
7.860459e+002       2.940080e-001       
7.908098e+002       2.953822e-001       
7.955737e+002       2.954546e-001       
8.003376e+002       2.950206e-001       
8.051016e+002       2.966841e-001       
8.098655e+002       2.961778e-001       
8.146294e+002       2.974074e-001       
8.193933e+002       2.976244e-001       
8.241572e+002       2.980583e-001       
8.289211e+002       2.985646e-001       
8.336851e+002       2.991432e-001       
8.384490e+002       2.989263e-001       
8.432129e+002       2.981307e-001       
8.479768e+002       2.994325e-001       
8.527407e+002       2.994325e-001       
8.575046e+002       3.015300e-001       
8.622686e+002       3.005174e-001       
8.670325e+002       3.016023e-001       
8.717964e+002       3.044231e-001       
8.765603e+002       3.036998e-001       
8.813242e+002       3.051463e-001       
8.860881e+002       3.037722e-001       
8.908521e+002       3.065206e-001       
8.956160e+002       3.095583e-001       
9.003799e+002       3.097753e-001       
9.051438e+002       3.120174e-001       
9.099077e+002       3.142595e-001       
9.146716e+002       3.142595e-001       
9.194355e+002       3.155614e-001       
9.241995e+002       3.165740e-001       
9.289634e+002       3.193224e-001       
9.337273e+002       3.195394e-001       
9.384912e+002       3.193947e-001       
9.432551e+002       3.191777e-001       
9.480190e+002       3.163570e-001       
9.527830e+002       3.178759e-001       
9.575469e+002       3.154891e-001       
9.623108e+002       3.149828e-001       
9.670747e+002       3.112218e-001       
9.718386e+002       3.118727e-001       
9.766025e+002       3.089797e-001       
9.813665e+002       3.069545e-001       
9.861304e+002       3.057973e-001       
9.908943e+002       3.016023e-001       
9.956582e+002       3.010961e-001       
1.000422e+003       2.972627e-001       
1.005186e+003       2.954546e-001       
1.009950e+003       2.940080e-001       
1.014714e+003       2.910427e-001       
1.019478e+003       2.924168e-001       
1.024242e+003       2.903917e-001       
1.029006e+003       2.891622e-001       
1.033770e+003       2.872093e-001       
1.038533e+003       2.870647e-001       
1.043297e+003       2.863414e-001       
1.048061e+003       2.847502e-001       
1.052825e+003       2.859798e-001       
1.057589e+003       2.869200e-001       
1.062353e+003       2.844609e-001       
1.067117e+003       2.848949e-001       
1.071881e+003       2.867031e-001       
1.076645e+003       2.838823e-001       
1.081409e+003       2.854012e-001       
1.086173e+003       2.862691e-001       
1.090937e+003       2.856905e-001       
1.095700e+003       2.875710e-001       
1.100464e+003       2.872817e-001       
1.105228e+003       2.888728e-001       
1.109992e+003       2.893068e-001       
1.114756e+003       2.890898e-001       
1.119520e+003       2.893791e-001       
1.124284e+003       2.877879e-001       
1.129048e+003       2.882219e-001       
1.133812e+003       2.877879e-001       
1.138576e+003       2.864137e-001       
1.143340e+003       2.857628e-001       
1.148104e+003       2.414989e-001       
1.152867e+003       1.270057e-001       
1.157631e+003       3.658285e-001       
1.162395e+003       6.139090e-001       
1.167159e+003       8.613387e-001       
1.171923e+003       1.111878e+000       
1.176687e+003       1.362129e+000       
1.181451e+003       1.611945e+000       
1.186215e+003       1.862919e+000       
1.190979e+003       2.115484e+000       
1.195743e+003       2.327256e+000       
1.200507e+003       2.369784e+000       
1.205271e+003       2.369784e+000       
1.210034e+003       2.369784e+000       
1.214798e+003       2.369784e+000       
1.219562e+003       2.369784e+000       
1.224326e+003       2.369784e+000       
1.229090e+003       2.369784e+000       
1.233854e+003       2.369784e+000       
1.238618e+003       2.369784e+000       
1.243382e+003       2.369784e+000       
1.248146e+003       2.369784e+000       
1.252910e+003       2.369784e+000       
1.257674e+003       2.369784e+000       
1.262438e+003       2.369784e+000       
1.267201e+003       2.369784e+000       
1.271965e+003       2.369784e+000       
1.276729e+003       2.369784e+000       
1.281493e+003       2.369784e+000       
1.286257e+003       2.369784e+000       
1.291021e+003       2.369784e+000       
1.295785e+003       2.369784e+000       
1.300549e+003       2.369784e+000       
1.305313e+003       2.369784e+000       
1.310077e+003       2.369784e+000       
1.314841e+003       2.369784e+000       
1.319604e+003       2.369784e+000       
1.324368e+003       2.369784e+000       
1.329132e+003       2.369784e+000       
1.333896e+003       2.369784e+000       
1.338660e+003       2.369784e+000       
1.343424e+003       2.369784e+000       
1.348188e+003       2.369784e+000       
1.352952e+003       2.369784e+000       
1.357716e+003       2.369784e+000       
1.362480e+003       2.369784e+000       
1.367244e+003       2.369784e+000       
1.372008e+003       2.369784e+000       
1.376771e+003       2.369784e+000       
1.381535e+003       2.369784e+000       
1.386299e+003       2.369784e+000       
1.391063e+003       2.369784e+000       
1.395827e+003       2.369784e+000       
1.400591e+003       2.369784e+000       
1.405355e+003       2.369784e+000       
1.410119e+003       2.369784e+000       
1.414883e+003       2.369784e+000       
1.419647e+003       2.369784e+000       
1.424411e+003       2.369784e+000       
1.429175e+003       2.369784e+000       
1.433938e+003       2.369784e+000       
1.438702e+003       2.369784e+000       
1.443466e+003       2.369784e+000       
1.448230e+003       2.369784e+000       
1.452994e+003       2.369784e+000       
1.457758e+003       2.369784e+000       
1.462522e+003       2.369784e+000       
1.467286e+003       2.369784e+000       
1.472050e+003       2.369784e+000       
1.476814e+003       2.369784e+000       
1.481578e+003       2.369784e+000       
1.486342e+003       2.369784e+000       
1.491105e+003       2.369784e+000       
1.495869e+003       2.369784e+000       
1.500633e+003       2.369784e+000       
1.505397e+003       2.369784e+000       
1.510161e+003       2.369784e+000       
1.514925e+003       2.369784e+000       
1.519689e+003       2.369784e+000       
1.524453e+003       2.369784e+000       
1.529217e+003       2.369784e+000       
1.533981e+003       2.369784e+000       
1.538745e+003       2.369784e+000       
1.543509e+003       2.369784e+000       
1.548272e+003       2.369784e+000       
1.553036e+003       2.369784e+000       
1.557800e+003       2.369784e+000       
1.562564e+003       2.369784e+000       
1.567328e+003       2.369784e+000       
1.572092e+003       2.369784e+000       
1.576856e+003       2.369784e+000       
1.581620e+003       2.369784e+000       
1.586384e+003       2.369784e+000       
1.591148e+003       2.369784e+000       
1.595912e+003       2.369784e+000       
1.600676e+003       2.369784e+000       
1.605439e+003       2.369784e+000       
1.610203e+003       2.369784e+000       
1.614967e+003       2.369784e+000       
1.619731e+003       2.369784e+000       
1.624495e+003       2.369784e+000       
1.629259e+003       2.369784e+000       
1.634023e+003       2.369784e+000       
1.638787e+003       2.369784e+000       
1.643551e+003       2.369784e+000       
1.648315e+003       2.369784e+000       
1.653079e+003       2.369784e+000       
1.657843e+003       2.369784e+000       
1.662606e+003       2.369784e+000       
1.667370e+003       2.369784e+000       
1.672134e+003       2.369784e+000       
1.676898e+003       2.369784e+000       
1.681662e+003       2.369784e+000       
1.686426e+003       2.369784e+000       
1.691190e+003       2.369784e+000       
1.695954e+003       2.369784e+000       
1.700718e+003       2.369784e+000       
1.705482e+003       2.369784e+000       
1.710246e+003       2.369784e+000       
1.715010e+003       2.369784e+000       
1.719773e+003       2.369784e+000       
1.724537e+003       2.369784e+000       
1.729301e+003       2.369784e+000       
1.734065e+003       2.369784e+000       
1.738829e+003       2.369784e+000       
1.743593e+003       2.369784e+000       
1.748357e+003       2.369784e+000       
1.753121e+003       2.369784e+000       
1.757885e+003       2.369784e+000       
1.762649e+003       2.369784e+000       
1.767413e+003       2.369784e+000       
1.772177e+003       2.369784e+000       
1.776940e+003       2.369784e+000       
1.781704e+003       2.369784e+000       
1.786468e+003       2.369784e+000       
1.791232e+003       2.369784e+000       
1.795996e+003       2.369784e+000       
1.800760e+003       2.369784e+000       
1.805524e+003       2.369784e+000       
1.810288e+003       2.369784e+000       
1.815052e+003       2.369784e+000       
1.819816e+003       2.369784e+000       
1.824580e+003       2.369784e+000       
1.829344e+003       2.369784e+000       
1.834107e+003       2.369784e+000       
1.838871e+003       2.369784e+000       
1.843635e+003       2.369784e+000       
1.848399e+003       2.369784e+000       
1.853163e+003       2.369784e+000       
1.857927e+003       2.369784e+000       
1.862691e+003       2.369784e+000       
1.867455e+003       2.369784e+000       
1.872219e+003       2.369784e+000       
1.876983e+003       2.369784e+000       
1.881747e+003       2.369784e+000       
1.886510e+003       2.369784e+000       
1.891274e+003       2.369784e+000       
1.896038e+003       2.369784e+000       
1.900802e+003       2.369784e+000       
1.905566e+003       2.369784e+000       
1.910330e+003       2.369784e+000       
1.915094e+003       2.369784e+000       
1.919858e+003       2.369784e+000       
1.924622e+003       2.369784e+000       
1.929386e+003       2.369784e+000       
1.934150e+003       2.369784e+000       
1.938914e+003       2.369784e+000       
1.943677e+003       2.369784e+000       
1.948441e+003       2.369784e+000       
1.953205e+003       2.369784e+000       
1.957969e+003       2.369784e+000       
1.962733e+003       2.369784e+000       
1.967497e+003       2.369784e+000       
1.972261e+003       2.369784e+000       
1.977025e+003       2.369784e+000       
1.981789e+003       2.369784e+000       
1.986553e+003       2.369784e+000       
1.991317e+003       2.369784e+000       
1.996081e+003       2.369784e+000       
2.000844e+003       2.369784e+000       
2.005608e+003       2.369784e+000       
2.010372e+003       2.369784e+000       
2.015136e+003       2.369784e+000       
2.019900e+003       2.369784e+000       
2.024664e+003       2.369784e+000       
2.029428e+003       2.369784e+000       
2.034192e+003       2.369784e+000       
2.038956e+003       2.369784e+000       
2.043720e+003       2.369784e+000       
2.048484e+003       2.369784e+000       
2.053248e+003       2.369784e+000       
2.058011e+003       2.369784e+000       
2.062775e+003       2.369784e+000       
2.067539e+003       2.369784e+000       
2.072303e+003       2.369784e+000       
2.077067e+003       2.369784e+000       
2.081831e+003       2.369784e+000       
2.086595e+003       2.369784e+000       
2.091359e+003       2.369784e+000       
2.096123e+003       2.369784e+000       
2.100887e+003       2.369784e+000       
2.105651e+003       2.369784e+000       
2.110415e+003       2.369784e+000       
2.115178e+003       2.369784e+000       
2.119942e+003       2.369784e+000       
2.124706e+003       2.369784e+000       
2.129470e+003       2.369784e+000       
2.134234e+003       2.369784e+000       
2.138998e+003       2.369784e+000       
2.143762e+003       2.369784e+000       
2.148526e+003       2.369784e+000       
2.153290e+003       2.369784e+000       
2.158054e+003       2.369784e+000       
2.162818e+003       2.369784e+000       
2.167582e+003       2.369784e+000       
2.172345e+003       2.369784e+000       
2.177109e+003       2.369784e+000       
2.181873e+003       2.369784e+000       
2.186637e+003       2.369784e+000       
2.191401e+003       2.369784e+000       
2.196165e+003       2.369784e+000       
2.200929e+003       2.369784e+000       
2.205693e+003       2.369784e+000       
2.210457e+003       2.369784e+000       
2.215221e+003       2.369784e+000       
2.219985e+003       2.369784e+000       
2.224749e+003       2.369784e+000       
2.229512e+003       2.369784e+000       
2.234276e+003       2.369784e+000       
2.239040e+003       2.369784e+000       
2.243804e+003       2.369784e+000       
2.248568e+003       2.369784e+000       
2.253332e+003       2.369784e+000       
2.258096e+003       2.369784e+000       
2.262860e+003       2.369784e+000       
2.267624e+003       2.369784e+000       
2.272388e+003       2.369784e+000       
2.277152e+003       2.369784e+000       
2.281916e+003       2.369784e+000       
2.286679e+003       2.369784e+000       
2.291443e+003       2.369784e+000       
2.296207e+003       2.369784e+000       
2.300971e+003       2.369784e+000       
2.305735e+003       2.369784e+000       
2.310499e+003       2.369784e+000       
2.315263e+003       2.369784e+000       
2.320027e+003       2.369784e+000       
2.324791e+003       2.369784e+000       
2.329555e+003       2.369784e+000       
2.334319e+003       2.369784e+000       
2.339083e+003       2.369784e+000       
2.343846e+003       2.369784e+000       
2.348610e+003       2.369784e+000       
2.353374e+003       2.369784e+000       
2.358138e+003       2.369784e+000       
2.362902e+003       2.369784e+000       
2.367666e+003       2.369784e+000       
2.372430e+003       2.369784e+000       
2.377194e+003       2.369784e+000       
2.381958e+003       2.369784e+000       
2.386722e+003       2.369784e+000       
2.391486e+003       2.369784e+000       
2.396250e+003       2.369784e+000       
2.401013e+003       2.369784e+000       
2.405777e+003       2.369784e+000       
2.410541e+003       2.369784e+000       
2.415305e+003       2.369784e+000       
2.420069e+003       2.369784e+000       
2.424833e+003       2.369784e+000       
2.429597e+003       2.369784e+000       
2.434361e+003       2.369784e+000       

Retract Data
0.000000e+000       2.369784e+000       
4.763908e+000       2.369784e+000       
9.527817e+000       2.369784e+000       
1.429173e+001       2.369784e+000       
1.905563e+001       2.369784e+000       
2.381954e+001       2.369784e+000       
2.858345e+001       2.369784e+000       
3.334736e+001       2.369784e+000       
3.811127e+001       2.369784e+000       
4.287518e+001       2.369784e+000       
4.763908e+001       2.369784e+000       
5.240299e+001       2.369784e+000       
5.716690e+001       2.369784e+000       
6.193081e+001       2.369784e+000       
6.669472e+001       2.369784e+000       
7.145863e+001       2.369784e+000       
7.622253e+001       2.369784e+000       
8.098644e+001       2.369784e+000       
8.575035e+001       2.369784e+000       
9.051426e+001       2.369784e+000       
9.527817e+001       2.369784e+000       
1.000421e+002       2.369784e+000       
1.048060e+002       2.369784e+000       
1.095699e+002       2.369784e+000       
1.143338e+002       2.369784e+000       
1.190977e+002       2.369784e+000       
1.238616e+002       2.369784e+000       
1.286255e+002       2.369784e+000       
1.333894e+002       2.369784e+000       
1.381534e+002       2.369784e+000       
1.429173e+002       2.369784e+000       
1.476812e+002       2.369784e+000       
1.524451e+002       2.369784e+000       
1.572090e+002       2.369784e+000       
1.619729e+002       2.369784e+000       
1.667368e+002       2.369784e+000       
1.715008e+002       2.369784e+000       
1.762647e+002       2.369784e+000       
1.810286e+002       2.369784e+000       
1.857925e+002       2.369784e+000       
1.905564e+002       2.369784e+000       
1.953203e+002       2.369784e+000       
2.000843e+002       2.369784e+000       
2.048482e+002       2.369784e+000       
2.096121e+002       2.369784e+000       
2.143760e+002       2.369784e+000       
2.191399e+002       2.369784e+000       
2.239038e+002       2.369784e+000       
2.286678e+002       2.369784e+000       
2.334317e+002       2.369784e+000       
2.381956e+002       2.369784e+000       
2.429595e+002       2.369784e+000       
2.477234e+002       2.369784e+000       
2.524873e+002       2.369784e+000       
2.572513e+002       2.369784e+000       
2.620152e+002       2.369784e+000       
2.667791e+002       2.369784e+000       
2.715430e+002       2.369784e+000       
2.763069e+002       2.369784e+000       
2.810708e+002       2.369784e+000       
2.858347e+002       2.369784e+000       
2.905987e+002       2.369784e+000       
2.953626e+002       2.369784e+000       
3.001265e+002       2.369784e+000       
3.048904e+002       2.369784e+000       
3.096543e+002       2.369784e+000       
3.144182e+002       2.369784e+000       
3.191822e+002       2.369784e+000       
3.239461e+002       2.369784e+000       
3.287100e+002       2.369784e+000       
3.334739e+002       2.369784e+000       
3.382378e+002       2.369784e+000       
3.430017e+002       2.369784e+000       
3.477657e+002       2.369784e+000       
3.525296e+002       2.369784e+000       
3.572935e+002       2.369784e+000       
3.620574e+002       2.369784e+000       
3.668213e+002       2.369784e+000       
3.715852e+002       2.369784e+000       
3.763492e+002       2.369784e+000       
3.811131e+002       2.369784e+000       
3.858770e+002       2.369784e+000       
3.906409e+002       2.369784e+000       
3.954048e+002       2.369784e+000       
4.001687e+002       2.369784e+000       
4.049326e+002       2.369784e+000       
4.096966e+002       2.369784e+000       
4.144605e+002       2.369784e+000       
4.192244e+002       2.369784e+000       
4.239883e+002       2.369784e+000       
4.287522e+002       2.369784e+000       
4.335161e+002       2.369784e+000       
4.382801e+002       2.369784e+000       
4.430440e+002       2.369784e+000       
4.478079e+002       2.369784e+000       
4.525718e+002       2.369784e+000       
4.573357e+002       2.369784e+000       
4.620996e+002       2.369784e+000       
4.668636e+002       2.369784e+000       
4.716275e+002       2.369784e+000       
4.763914e+002       2.369784e+000       
4.811553e+002       2.369784e+000       
4.859192e+002       2.369784e+000       
4.906831e+002       2.369784e+000       
4.954471e+002       2.369784e+000       
5.002110e+002       2.369784e+000       
5.049749e+002       2.369784e+000       
5.097388e+002       2.369784e+000       
5.145027e+002       2.369784e+000       
5.192666e+002       2.369784e+000       
5.240305e+002       2.369784e+000       
5.287944e+002       2.369784e+000       
5.335583e+002       2.369784e+000       
5.383223e+002       2.369784e+000       
5.430862e+002       2.369784e+000       
5.478501e+002       2.369784e+000       
5.526140e+002       2.369784e+000       
5.573779e+002       2.369784e+000       
5.621418e+002       2.369784e+000       
5.669058e+002       2.369784e+000       
5.716697e+002       2.369784e+000       
5.764336e+002       2.369784e+000       
5.811975e+002       2.369784e+000       
5.859614e+002       2.369784e+000       
5.907253e+002       2.369784e+000       
5.954893e+002       2.369784e+000       
6.002532e+002       2.369784e+000       
6.050171e+002       2.369784e+000       
6.097810e+002       2.369784e+000       
6.145449e+002       2.369784e+000       
6.193088e+002       2.369784e+000       
6.240728e+002       2.369784e+000       
6.288367e+002       2.369784e+000       
6.336006e+002       2.369784e+000       
6.383645e+002       2.369784e+000       
6.431284e+002       2.369784e+000       
6.478923e+002       2.369784e+000       
6.526563e+002       2.369784e+000       
6.574202e+002       2.369784e+000       
6.621841e+002       2.369784e+000       
6.669480e+002       2.369784e+000       
6.717119e+002       2.369784e+000       
6.764758e+002       2.369784e+000       
6.812397e+002       2.369784e+000       
6.860037e+002       2.369784e+000       
6.907676e+002       2.369784e+000       
6.955315e+002       2.369784e+000       
7.002954e+002       2.369784e+000       
7.050593e+002       2.369784e+000       
7.098232e+002       2.369784e+000       
7.145872e+002       2.369784e+000       
7.193511e+002       2.369784e+000       
7.241150e+002       2.369784e+000       
7.288789e+002       2.369784e+000       
7.336428e+002       2.369784e+000       
7.384067e+002       2.369784e+000       
7.431707e+002       2.369784e+000       
7.479346e+002       2.369784e+000       
7.526985e+002       2.369784e+000       
7.574624e+002       2.369784e+000       
7.622263e+002       2.369784e+000       
7.669902e+002       2.369784e+000       
7.717542e+002       2.369784e+000       
7.765181e+002       2.369784e+000       
7.812820e+002       2.369784e+000       
7.860459e+002       2.369784e+000       
7.908098e+002       2.369784e+000       
7.955737e+002       2.369784e+000       
8.003376e+002       2.369784e+000       
8.051016e+002       2.369784e+000       
8.098655e+002       2.369784e+000       
8.146294e+002       2.369784e+000       
8.193933e+002       2.369784e+000       
8.241572e+002       2.369784e+000       
8.289211e+002       2.369784e+000       
8.336851e+002       2.369784e+000       
8.384490e+002       2.369784e+000       
8.432129e+002       2.369784e+000       
8.479768e+002       2.369784e+000       
8.527407e+002       2.369784e+000       
8.575046e+002       2.369784e+000       
8.622686e+002       2.369784e+000       
8.670325e+002       2.369784e+000       
8.717964e+002       2.369784e+000       
8.765603e+002       2.369784e+000       
8.813242e+002       2.369784e+000       
8.860881e+002       2.369784e+000       
8.908521e+002       2.369784e+000       
8.956160e+002       2.369784e+000       
9.003799e+002       2.369784e+000       
9.051438e+002       2.369784e+000       
9.099077e+002       2.369784e+000       
9.146716e+002       2.369784e+000       
9.194355e+002       2.369784e+000       
9.241995e+002       2.369784e+000       
9.289634e+002       2.369784e+000       
9.337273e+002       2.369784e+000       
9.384912e+002       2.369784e+000       
9.432551e+002       2.369784e+000       
9.480190e+002       2.369784e+000       
9.527830e+002       2.369784e+000       
9.575469e+002       2.369784e+000       
9.623108e+002       2.369784e+000       
9.670747e+002       2.369784e+000       
9.718386e+002       2.369784e+000       
9.766025e+002       2.369784e+000       
9.813665e+002       2.369784e+000       
9.861304e+002       2.369784e+000       
9.908943e+002       2.369784e+000       
9.956582e+002       2.369784e+000       
1.000422e+003       2.369784e+000       
1.005186e+003       2.369784e+000       
1.009950e+003       2.369784e+000       
1.014714e+003       2.369784e+000       
1.019478e+003       2.369784e+000       
1.024242e+003       2.369784e+000       
1.029006e+003       2.369784e+000       
1.033770e+003       2.369784e+000       
1.038533e+003       2.369784e+000       
1.043297e+003       2.369784e+000       
1.048061e+003       2.369784e+000       
1.052825e+003       2.369784e+000       
1.057589e+003       2.369784e+000       
1.062353e+003       2.369784e+000       
1.067117e+003       2.369784e+000       
1.071881e+003       2.369784e+000       
1.076645e+003       2.369784e+000       
1.081409e+003       2.369784e+000       
1.086173e+003       2.369784e+000       
1.090937e+003       2.369784e+000       
1.095700e+003       2.369784e+000       
1.100464e+003       2.369784e+000       
1.105228e+003       2.369784e+000       
1.109992e+003       2.369784e+000       
1.114756e+003       2.369784e+000       
1.119520e+003       2.369784e+000       
1.124284e+003       2.369784e+000       
1.129048e+003       2.369784e+000       
1.133812e+003       2.369784e+000       
1.138576e+003       2.369784e+000       
1.143340e+003       2.369784e+000       
1.148104e+003       2.369784e+000       
1.152867e+003       2.369784e+000       
1.157631e+003       2.369784e+000       
1.162395e+003       2.369784e+000       
1.167159e+003       2.369784e+000       
1.171923e+003       2.369784e+000       
1.176687e+003       2.369784e+000       
1.181451e+003       2.369784e+000       
1.186215e+003       2.369784e+000       
1.190979e+003       2.369784e+000       
1.195743e+003       2.369784e+000       
1.200507e+003       2.369784e+000       
1.205271e+003       2.369784e+000       
1.210034e+003       2.369784e+000       
1.214798e+003       2.369784e+000       
1.219562e+003       2.369784e+000       
1.224326e+003       2.369784e+000       
1.229090e+003       2.369784e+000       
1.233854e+003       2.369784e+000       
1.238618e+003       2.369784e+000       
1.243382e+003       2.369784e+000       
1.248146e+003       2.369784e+000       
1.252910e+003       2.369784e+000       
1.257674e+003       2.369784e+000       
1.262438e+003       2.369784e+000       
1.267201e+003       2.369784e+000       
1.271965e+003       2.369784e+000       
1.276729e+003       2.369784e+000       
1.281493e+003       2.369784e+000       
1.286257e+003       2.369784e+000       
1.291021e+003       2.369784e+000       
1.295785e+003       2.363130e+000       
1.300549e+003       2.198298e+000       
1.305313e+003       1.907617e+000       
1.310077e+003       1.613030e+000       
1.314841e+003       1.314755e+000       
1.319604e+003       1.011923e+000       
1.324368e+003       7.003394e-001       
1.329132e+003       3.960610e-001       
1.333896e+003       1.065372e-001       
1.338660e+003       -1.850117e-001      
1.343424e+003       -4.610827e-001      
1.348188e+003       2.572661e-001       
1.352952e+003       2.896684e-001       
1.357716e+003       2.902471e-001       
1.362480e+003       2.918382e-001       
1.367244e+003       2.908257e-001       
1.372008e+003       2.912596e-001       
1.376771e+003       2.885835e-001       
1.381535e+003       2.905363e-001       
1.386299e+003       2.895238e-001       
1.391063e+003       2.885835e-001       
1.395827e+003       2.885835e-001       
1.400591e+003       2.882942e-001       
1.405355e+003       2.871370e-001       
1.410119e+003       2.884389e-001       
1.414883e+003       2.888728e-001       
1.419647e+003       2.896684e-001       
1.424411e+003       2.868477e-001       
1.429175e+003       2.861967e-001       
1.433938e+003       2.887282e-001       
1.438702e+003       2.877879e-001       
1.443466e+003       2.874986e-001       
1.448230e+003       2.879326e-001       
1.452994e+003       2.885835e-001       
1.457758e+003       2.898131e-001       
1.462522e+003       2.918382e-001       
1.467286e+003       2.930678e-001       
1.472050e+003       2.943697e-001       
1.476814e+003       2.958162e-001       
1.481578e+003       2.977690e-001       
1.486342e+003       2.995049e-001       
1.491105e+003       3.028319e-001       
1.495869e+003       3.055803e-001       
1.500633e+003       3.068099e-001       
1.505397e+003       3.108602e-001       
1.510161e+003       3.120174e-001       
1.514925e+003       3.154891e-001       
1.519689e+003       3.147658e-001       
1.524453e+003       3.145488e-001       
1.529217e+003       3.159230e-001       
1.533981e+003       3.174419e-001       
1.538745e+003       3.194670e-001       
1.543509e+003       3.181652e-001       
1.548272e+003       3.164293e-001       
1.553036e+003       3.157060e-001       
1.557800e+003       3.159954e-001       
1.562564e+003       3.153444e-001       
1.567328e+003       3.139702e-001       
1.572092e+003       3.118727e-001       
1.576856e+003       3.115834e-001       
1.581620e+003       3.081841e-001       
1.586384e+003       3.084734e-001       
1.591148e+003       3.069545e-001       
1.595912e+003       3.040614e-001       
1.600676e+003       3.039891e-001       
1.605439e+003       3.026872e-001       
1.610203e+003       3.000835e-001       
1.614967e+003       2.989986e-001       
1.619731e+003       2.989263e-001       
1.624495e+003       3.000112e-001       
1.629259e+003       3.016747e-001       
1.634023e+003       2.997218e-001       
1.638787e+003       2.977690e-001       
1.643551e+003       2.987816e-001       
1.648315e+003       2.973351e-001       
1.653079e+003       2.981307e-001       
1.657843e+003       2.977690e-001       
1.662606e+003       2.974797e-001       
1.667370e+003       2.987093e-001       
1.672134e+003       2.968288e-001       
1.676898e+003       2.950929e-001       
1.681662e+003       2.957439e-001       
1.686426e+003       2.932848e-001       
1.691190e+003       2.920552e-001       
1.695954e+003       2.913319e-001       
1.700718e+003       2.903917e-001       
1.705482e+003       2.869923e-001       
1.710246e+003       2.848949e-001       
1.715010e+003       2.864137e-001       
1.719773e+003       2.851118e-001       
1.724537e+003       2.816402e-001       
1.729301e+003       2.809169e-001       
1.734065e+003       2.796150e-001       
1.738829e+003       2.788917e-001       
1.743593e+003       2.775176e-001       
1.748357e+003       2.772282e-001       
1.753121e+003       2.778068e-001       
1.757885e+003       2.754924e-001       
1.762649e+003       2.774452e-001       
1.767413e+003       2.812786e-001       
1.772177e+003       2.806999e-001       
1.776940e+003       2.806276e-001       
1.781704e+003       2.827251e-001       
1.786468e+003       2.859798e-001       
1.791232e+003       2.861967e-001       
1.795996e+003       2.895238e-001       
1.800760e+003       2.935741e-001       
1.805524e+003       2.959608e-001       
1.810288e+003       2.993602e-001       
1.815052e+003       3.006621e-001       
1.819816e+003       3.063036e-001       
1.824580e+003       3.070992e-001       
1.829344e+003       3.099922e-001       
1.834107e+003       3.146935e-001       
1.838871e+003       3.152721e-001       
1.843635e+003       3.158507e-001       
1.848399e+003       3.195394e-001       
1.853163e+003       3.199733e-001       
1.857927e+003       3.180928e-001       
1.862691e+003       3.198287e-001       
1.867455e+003       3.192500e-001       
1.872219e+003       3.181652e-001       
1.876983e+003       3.181652e-001       
1.881747e+003       3.145488e-001       
1.886510e+003       3.136086e-001       
1.891274e+003       3.111495e-001       
1.896038e+003       3.076054e-001       
1.900802e+003       3.072438e-001       
1.905566e+003       3.026872e-001       
1.910330e+003       2.997942e-001       
1.915094e+003       2.967564e-001       
1.919858e+003       2.969011e-001       
1.924622e+003       2.945867e-001       
1.929386e+003       2.933571e-001       
1.934150e+003       2.919829e-001       
1.938914e+003       2.914766e-001       
1.943677e+003       2.899577e-001       
1.948441e+003       2.901024e-001       
1.953205e+003       2.889452e-001       
1.957969e+003       2.858351e-001       
1.962733e+003       2.879326e-001       
1.967497e+003       2.889452e-001       
1.972261e+003       2.850395e-001       
1.977025e+003       2.875710e-001       
1.981789e+003       2.885112e-001       
1.986553e+003       2.888005e-001       
1.991317e+003       2.899577e-001       
1.996081e+003       2.890175e-001       
2.000844e+003       2.906087e-001       
2.005608e+003       2.893791e-001       
2.010372e+003       2.901747e-001       
2.015136e+003       2.906810e-001       
2.019900e+003       2.911150e-001       
2.024664e+003       2.912596e-001       
2.029428e+003       2.894515e-001       
2.034192e+003       2.916213e-001       
2.038956e+003       2.923445e-001       
2.043720e+003       2.903194e-001       
2.048484e+003       2.898854e-001       
2.053248e+003       2.908257e-001       
2.058011e+003       2.911873e-001       
2.062775e+003       2.903194e-001       
2.067539e+003       2.933571e-001       
2.072303e+003       2.966118e-001       
2.077067e+003       2.944420e-001       
2.081831e+003       2.931401e-001       
2.086595e+003       2.971904e-001       
2.091359e+003       2.961778e-001       
2.096123e+003       2.968288e-001       
2.100887e+003       2.953822e-001       
2.105651e+003       2.981307e-001       
2.110415e+003       2.970458e-001       
2.115178e+003       3.018193e-001       
2.119942e+003       2.995772e-001       
2.124706e+003       3.024703e-001       
2.129470e+003       3.029765e-001       
2.134234e+003       3.050017e-001       
2.138998e+003       3.063759e-001       
2.143762e+003       3.062313e-001       
2.148526e+003       3.084734e-001       
2.153290e+003       3.115834e-001       
2.158054e+003       3.119451e-001       
2.162818e+003       3.120897e-001       
2.167582e+003       3.151274e-001       
2.172345e+003       3.138255e-001       
2.177109e+003       3.143318e-001       
2.181873e+003       3.164293e-001       
2.186637e+003       3.176589e-001       
2.191401e+003       3.165016e-001       
2.196165e+003       3.162847e-001       
2.200929e+003       3.159954e-001       
2.205693e+003       3.171526e-001       
2.210457e+003       3.162847e-001       
2.215221e+003       3.138979e-001       
2.219985e+003       3.127407e-001       
2.224749e+003       3.111495e-001       
2.229512e+003       3.074608e-001       
2.234276e+003       3.042784e-001       
2.239040e+003       3.029765e-001       
2.243804e+003       2.994325e-001       
2.248568e+003       2.966118e-001       
2.253332e+003       2.945143e-001       
2.258096e+003       2.925615e-001       
2.262860e+003       2.861967e-001       
2.267624e+003       2.837377e-001       
2.272388e+003       2.844609e-001       
2.277152e+003       2.796150e-001       
2.281916e+003       2.799043e-001       
2.286679e+003       2.783855e-001       
2.291443e+003       2.787471e-001       
2.296207e+003       2.755647e-001       
2.300971e+003       2.755647e-001       
2.305735e+003       2.751308e-001       
2.310499e+003       2.701402e-001       
2.315263e+003       2.736842e-001       
2.320027e+003       2.709358e-001       
2.324791e+003       2.736119e-001       
2.329555e+003       2.752031e-001       
2.334319e+003       2.753477e-001       
2.339083e+003       2.770113e-001       
2.343846e+003       2.774452e-001       
2.348610e+003       2.801936e-001       
2.353374e+003       2.802660e-001       
2.358138e+003       2.830144e-001       
2.362902e+003       2.857628e-001       
2.367666e+003       2.869200e-001       
2.372430e+003       2.891622e-001       
2.377194e+003       2.930678e-001       
2.381958e+003       2.971181e-001       
2.386722e+003       3.003004e-001       
2.391486e+003       3.026872e-001       
2.396250e+003       3.062313e-001       
2.401013e+003       3.096306e-001       
2.405777e+003       3.117281e-001       
2.410541e+003       3.133193e-001       
2.415305e+003       3.167186e-001       
2.420069e+003       3.176589e-001       
2.424833e+003       3.190331e-001       
2.429597e+003       3.195394e-001       
2.434361e+003       3.212752e-001       
