Calculated Z (nm)   Deflection (V)      
Extend Data
0.000000e+000       3.695171e-001       
5.286087e+000       3.691555e-001       
1.057217e+001       3.700957e-001       
1.585826e+001       3.708190e-001       
2.114435e+001       3.696618e-001       
2.643044e+001       3.672750e-001       
3.171652e+001       3.654668e-001       
3.700261e+001       3.651775e-001       
4.228870e+001       3.597530e-001       
4.757478e+001       3.551241e-001       
5.286087e+001       3.491210e-001       
5.814696e+001       3.448537e-001       
6.343304e+001       3.386336e-001       
6.871913e+001       3.325582e-001       
7.400522e+001       3.264827e-001       
7.929131e+001       3.186714e-001       
8.457739e+001       3.159230e-001       
8.986348e+001       3.046401e-001       
9.514957e+001       2.992879e-001       
1.004357e+002       2.927062e-001       
1.057217e+002       2.856181e-001       
1.110078e+002       2.800490e-001       
1.162939e+002       2.741182e-001       
1.215800e+002       2.689830e-001       
1.268661e+002       2.622566e-001       
1.321522e+002       2.587849e-001       
1.374383e+002       2.565428e-001       
1.427243e+002       2.516246e-001       
1.480104e+002       2.482252e-001       
1.532965e+002       2.463447e-001       
1.585826e+002       2.460554e-001       
1.638687e+002       2.467787e-001       
1.691548e+002       2.486592e-001       
1.744409e+002       2.482252e-001       
1.797270e+002       2.474296e-001       
1.850130e+002       2.503227e-001       
1.902991e+002       2.535051e-001       
1.955852e+002       2.571937e-001       
2.008713e+002       2.600868e-001       
2.061574e+002       2.638478e-001       
2.114435e+002       2.676088e-001       
2.167296e+002       2.710805e-001       
2.220157e+002       2.770113e-001       
2.273017e+002       2.803383e-001       
2.325878e+002       2.852565e-001       
2.378739e+002       2.882219e-001       
2.431600e+002       2.921999e-001       
2.484461e+002       2.983477e-001       
2.537322e+002       3.029765e-001       
2.590182e+002       3.091243e-001       
2.643043e+002       3.137532e-001       
2.695904e+002       3.166463e-001       
2.748765e+002       3.208413e-001       
2.801625e+002       3.238066e-001       
2.854486e+002       3.269167e-001       
2.907347e+002       3.272783e-001       
2.960208e+002       3.300990e-001       
3.013068e+002       3.335707e-001       
3.065929e+002       3.353789e-001       
3.118790e+002       3.351619e-001       
3.171650e+002       3.365361e-001       
3.224511e+002       3.387059e-001       
3.277372e+002       3.377657e-001       
3.330233e+002       3.410927e-001       
3.383093e+002       3.405141e-001       
3.435954e+002       3.392122e-001       
3.488815e+002       3.408034e-001       
3.541675e+002       3.401525e-001       
3.594536e+002       3.384166e-001       
3.647397e+002       3.363191e-001       
3.700258e+002       3.329198e-001       
3.753118e+002       3.327751e-001       
3.805979e+002       3.293758e-001       
3.858840e+002       3.272783e-001       
3.911700e+002       3.237343e-001       
3.964561e+002       3.209136e-001       
4.017422e+002       3.150551e-001       
4.070283e+002       3.124513e-001       
4.123143e+002       3.080394e-001       
4.176004e+002       3.030489e-001       
4.228865e+002       3.008791e-001       
4.281725e+002       2.945143e-001       
4.334586e+002       2.895238e-001       
4.387447e+002       2.851842e-001       
4.440308e+002       2.820018e-001       
4.493168e+002       2.763603e-001       
4.546029e+002       2.726717e-001       
4.598890e+002       2.710081e-001       
4.651750e+002       2.690553e-001       
4.704611e+002       2.655836e-001       
4.757472e+002       2.673195e-001       
4.810333e+002       2.660899e-001       
4.863193e+002       2.636308e-001       
4.916054e+002       2.644264e-001       
4.968915e+002       2.644987e-001       
5.021776e+002       2.649327e-001       
5.074636e+002       2.686937e-001       
5.127497e+002       2.712251e-001       
5.180358e+002       2.720931e-001       
5.233218e+002       2.759264e-001       
5.286079e+002       2.792534e-001       
5.338940e+002       2.832313e-001       
5.391801e+002       2.867754e-001       
5.444661e+002       2.921275e-001       
5.497522e+002       2.985646e-001       
5.550383e+002       3.010961e-001       
5.603243e+002       3.070992e-001       
5.656104e+002       3.129576e-001       
5.708965e+002       3.155614e-001       
5.761826e+002       3.201180e-001       
5.814686e+002       3.272783e-001       
5.867547e+002       3.280016e-001       
5.920408e+002       3.315456e-001       
5.973268e+002       3.328475e-001       
6.026129e+002       3.351619e-001       
6.078990e+002       3.367531e-001       
6.131851e+002       3.379104e-001       
6.184711e+002       3.384890e-001       
6.237572e+002       3.366808e-001       
6.290433e+002       3.359575e-001       
6.343293e+002       3.363915e-001       
6.396154e+002       3.343663e-001       
6.449015e+002       3.292311e-001       
6.501876e+002       3.274230e-001       
6.554736e+002       3.246022e-001       
6.607597e+002       3.230110e-001       
6.660458e+002       3.178759e-001       
6.713318e+002       3.152721e-001       
6.766179e+002       3.121620e-001       
6.819040e+002       3.087627e-001       
6.871901e+002       3.089073e-001       
6.924761e+002       3.046401e-001       
6.977622e+002       3.038445e-001       
7.030483e+002       3.010961e-001       
7.083344e+002       2.980583e-001       
7.136204e+002       2.976244e-001       
7.189065e+002       2.934294e-001       
7.241926e+002       2.922722e-001       
7.294786e+002       2.923445e-001       
7.347647e+002       2.888005e-001       
7.400508e+002       2.893068e-001       
7.453369e+002       2.880772e-001       
7.506229e+002       2.868477e-001       
7.559090e+002       2.860521e-001       
7.611951e+002       2.836653e-001       
7.664811e+002       2.839546e-001       
7.717672e+002       2.841716e-001       
7.770533e+002       2.829421e-001       
7.823394e+002       2.821465e-001       
7.876254e+002       2.827974e-001       
7.929115e+002       2.814955e-001       
7.981976e+002       2.843163e-001       
8.034836e+002       2.843886e-001       
8.087697e+002       2.844609e-001       
8.140558e+002       2.848949e-001       
8.193419e+002       2.860521e-001       
8.246279e+002       2.867031e-001       
8.299140e+002       2.874263e-001       
8.352001e+002       2.886558e-001       
8.404861e+002       2.903194e-001       
8.457722e+002       2.924892e-001       
8.510583e+002       2.959608e-001       
8.563444e+002       2.979860e-001       
8.616304e+002       3.018917e-001       
8.669165e+002       3.038445e-001       
8.722026e+002       3.057249e-001       
8.774886e+002       3.096306e-001       
8.827747e+002       3.121620e-001       
8.880608e+002       3.146212e-001       
8.933469e+002       3.150551e-001       
8.986329e+002       3.177312e-001       
9.039190e+002       3.227217e-001       
9.092051e+002       3.212752e-001       
9.144911e+002       3.253255e-001       
9.197772e+002       3.278569e-001       
9.250633e+002       3.280739e-001       
9.303494e+002       3.282186e-001       
9.356354e+002       3.297374e-001       
9.409215e+002       3.302437e-001       
9.462076e+002       3.306777e-001       
9.514937e+002       3.283632e-001       
9.567797e+002       3.265550e-001       
9.620658e+002       3.246745e-001       
9.673519e+002       3.222878e-001       
9.726379e+002       3.178759e-001       
9.779240e+002       3.158507e-001       
9.832101e+002       3.107155e-001       
9.884962e+002       3.062313e-001       
9.937822e+002       3.026872e-001       
9.990683e+002       2.999388e-001       
1.004354e+003       2.955269e-001       
1.009640e+003       2.909703e-001       
1.014927e+003       2.873540e-001       
1.020213e+003       2.820741e-001       
1.025499e+003       2.793981e-001       
1.030785e+003       2.773006e-001       
1.036071e+003       2.732503e-001       
1.041357e+003       2.720207e-001       
1.046643e+003       2.736119e-001       
1.051929e+003       2.717314e-001       
1.057215e+003       2.723823e-001       
1.062502e+003       2.694170e-001       
1.067788e+003       2.723823e-001       
1.073074e+003       2.750584e-001       
1.078360e+003       2.777345e-001       
1.083646e+003       2.789641e-001       
1.088932e+003       2.821465e-001       
1.094218e+003       2.859798e-001       
1.099505e+003       2.878603e-001       
1.104791e+003       2.907533e-001       
1.110077e+003       2.932124e-001       
1.115363e+003       2.974797e-001       
1.120649e+003       3.014577e-001       
1.125935e+003       3.049294e-001       
1.131221e+003       3.064482e-001       
1.136507e+003       3.094859e-001       
1.141794e+003       3.113664e-001       
1.147080e+003       3.138255e-001       
1.152366e+003       3.176589e-001       
1.157652e+003       3.190331e-001       
1.162938e+003       3.196840e-001       
1.168224e+003       3.193947e-001       
1.173510e+003       3.214922e-001       
1.178797e+003       3.212752e-001       
1.184083e+003       3.209136e-001       
1.189369e+003       3.243853e-001       
1.194655e+003       3.226494e-001       
1.199941e+003       3.245299e-001       
1.205227e+003       3.225048e-001       
1.210513e+003       3.236620e-001       
1.215799e+003       3.230110e-001       
1.221086e+003       3.235173e-001       
1.226372e+003       3.228664e-001       
1.231658e+003       3.227940e-001       
1.236944e+003       3.199733e-001       
1.242230e+003       3.207689e-001       
1.247516e+003       3.206966e-001       
1.252802e+003       3.180205e-001       
1.258089e+003       3.174419e-001       
1.263375e+003       3.182375e-001       
1.268661e+003       3.135363e-001       
1.273947e+003       3.125237e-001       
1.279233e+003       3.102092e-001       
1.284519e+003       3.057249e-001       
1.289805e+003       3.043508e-001       
1.295091e+003       3.023979e-001       
1.300378e+003       2.973351e-001       
1.305664e+003       2.941527e-001       
1.310950e+003       2.911150e-001       
1.316236e+003       2.865584e-001       
1.321522e+003       2.832313e-001       
1.326808e+003       2.820741e-001       
1.332094e+003       2.780962e-001       
1.337380e+003       2.739012e-001       
1.342667e+003       2.715867e-001       
1.347953e+003       2.675365e-001       
1.353239e+003       2.643541e-001       
1.358525e+003       2.628352e-001       
1.363811e+003       2.636308e-001       
1.369097e+003       2.648604e-001       
1.374383e+003       2.639925e-001       
1.379670e+003       2.663792e-001       
1.384956e+003       2.680427e-001       
1.390242e+003       2.684044e-001       
1.395528e+003       2.699956e-001       
1.400814e+003       2.731780e-001       
1.406100e+003       2.773729e-001       
1.411386e+003       2.804829e-001       
1.416672e+003       2.834483e-001       
1.421959e+003       2.879326e-001       
1.427245e+003       2.902471e-001       
1.432531e+003       2.955992e-001       
1.437817e+003       2.994325e-001       
1.443103e+003       3.038445e-001       
1.448389e+003       3.072438e-001       
1.453675e+003       3.107878e-001       
1.458962e+003       3.126683e-001       
1.464248e+003       3.185268e-001       
1.469534e+003       3.202626e-001       
1.474820e+003       3.255425e-001       
1.480106e+003       3.289418e-001       
1.485392e+003       3.320519e-001       
1.490678e+003       3.336431e-001       
1.495964e+003       3.346556e-001       
1.501251e+003       3.373317e-001       
1.506537e+003       3.374764e-001       
1.511823e+003       3.384890e-001       
1.517109e+003       3.395739e-001       
1.522395e+003       3.410204e-001       
1.527681e+003       3.392845e-001       
1.532967e+003       3.378380e-001       
1.538254e+003       3.376934e-001       
1.543540e+003       3.356682e-001       
1.548826e+003       3.342217e-001       
1.554112e+003       3.324135e-001       
1.559398e+003       3.289418e-001       
1.564684e+003       3.252532e-001       
1.569970e+003       3.228664e-001       
1.575256e+003       3.207689e-001       
1.580543e+003       3.144765e-001       
1.585829e+003       3.119451e-001       
1.591115e+003       3.073885e-001       
1.596401e+003       3.036998e-001       
1.601687e+003       2.984200e-001       
1.606973e+003       2.958885e-001       
1.612259e+003       2.914766e-001       
1.617546e+003       2.877156e-001       
1.622832e+003       2.835207e-001       
1.628118e+003       2.803383e-001       
1.633404e+003       2.761433e-001       
1.638690e+003       2.715867e-001       
1.643976e+003       2.245744e-001       
1.649262e+003       2.051185e-001       
1.654548e+003       3.071715e-001       
1.659835e+003       3.931679e-001       
1.665121e+003       4.757650e-001       
1.670407e+003       6.092078e-001       
1.675693e+003       7.414933e-001       
1.680979e+003       8.928731e-001       
1.686265e+003       1.032319e+000       
1.691551e+003       1.180589e+000       
1.696838e+003       1.337610e+000       
1.702124e+003       1.463314e+000       
1.707410e+003       1.564644e+000       
1.712696e+003       1.646300e+000       
1.717982e+003       1.755875e+000       
1.723268e+003       1.951519e+000       
1.728554e+003       2.155697e+000       
1.733840e+003       2.332319e+000       
1.739127e+003       2.369784e+000       
1.744413e+003       2.369784e+000       
1.749699e+003       2.369784e+000       
1.754985e+003       2.369784e+000       
1.760271e+003       2.369784e+000       
1.765557e+003       2.369784e+000       
1.770843e+003       2.369784e+000       
1.776130e+003       2.369784e+000       
1.781416e+003       2.369784e+000       
1.786702e+003       2.369784e+000       
1.791988e+003       2.369784e+000       
1.797274e+003       2.369784e+000       
1.802560e+003       2.369784e+000       
1.807846e+003       2.369784e+000       
1.813132e+003       2.369784e+000       
1.818419e+003       2.369784e+000       
1.823705e+003       2.369784e+000       
1.828991e+003       2.369784e+000       
1.834277e+003       2.369784e+000       
1.839563e+003       2.369784e+000       
1.844849e+003       2.369784e+000       
1.850135e+003       2.369784e+000       
1.855422e+003       2.369784e+000       
1.860708e+003       2.369784e+000       
1.865994e+003       2.369784e+000       
1.871280e+003       2.369784e+000       
1.876566e+003       2.369784e+000       
1.881852e+003       2.369784e+000       
1.887138e+003       2.369784e+000       
1.892424e+003       2.369784e+000       
1.897711e+003       2.369784e+000       
1.902997e+003       2.369784e+000       
1.908283e+003       2.369784e+000       
1.913569e+003       2.369784e+000       
1.918855e+003       2.369784e+000       
1.924141e+003       2.369784e+000       
1.929427e+003       2.369784e+000       
1.934714e+003       2.369784e+000       
1.940000e+003       2.369784e+000       
1.945286e+003       2.369784e+000       
1.950572e+003       2.369784e+000       
1.955858e+003       2.369784e+000       
1.961144e+003       2.369784e+000       
1.966430e+003       2.369784e+000       
1.971716e+003       2.369784e+000       
1.977003e+003       2.369784e+000       
1.982289e+003       2.369784e+000       
1.987575e+003       2.369784e+000       
1.992861e+003       2.369784e+000       
1.998147e+003       2.369784e+000       
2.003433e+003       2.369784e+000       
2.008719e+003       2.369784e+000       
2.014005e+003       2.369784e+000       
2.019292e+003       2.369784e+000       
2.024578e+003       2.369784e+000       
2.029864e+003       2.369784e+000       
2.035150e+003       2.369784e+000       
2.040436e+003       2.369784e+000       
2.045722e+003       2.369784e+000       
2.051008e+003       2.369784e+000       
2.056294e+003       2.369784e+000       
2.061581e+003       2.369784e+000       
2.066867e+003       2.369784e+000       
2.072153e+003       2.369784e+000       
2.077439e+003       2.369784e+000       
2.082725e+003       2.369784e+000       
2.088011e+003       2.369784e+000       
2.093297e+003       2.369784e+000       
2.098583e+003       2.369784e+000       
2.103870e+003       2.369784e+000       
2.109156e+003       2.369784e+000       
2.114442e+003       2.369784e+000       
2.119728e+003       2.369784e+000       
2.125014e+003       2.369784e+000       
2.130300e+003       2.369784e+000       
2.135586e+003       2.369784e+000       
2.140873e+003       2.369784e+000       
2.146159e+003       2.369784e+000       
2.151445e+003       2.369784e+000       
2.156731e+003       2.369784e+000       
2.162017e+003       2.369784e+000       
2.167303e+003       2.369784e+000       
2.172589e+003       2.369784e+000       
2.177875e+003       2.369784e+000       
2.183162e+003       2.369784e+000       
2.188448e+003       2.369784e+000       
2.193734e+003       2.369784e+000       
2.199020e+003       2.369784e+000       
2.204306e+003       2.369784e+000       
2.209592e+003       2.369784e+000       
2.214878e+003       2.369784e+000       
2.220165e+003       2.369784e+000       
2.225451e+003       2.369784e+000       
2.230737e+003       2.369784e+000       
2.236023e+003       2.369784e+000       
2.241309e+003       2.369784e+000       
2.246595e+003       2.369784e+000       
2.251881e+003       2.369784e+000       
2.257167e+003       2.369784e+000       
2.262454e+003       2.369784e+000       
2.267740e+003       2.369784e+000       
2.273026e+003       2.369784e+000       
2.278312e+003       2.369784e+000       
2.283598e+003       2.369784e+000       
2.288884e+003       2.369784e+000       
2.294170e+003       2.369784e+000       
2.299457e+003       2.369784e+000       
2.304743e+003       2.369784e+000       
2.310029e+003       2.369784e+000       
2.315315e+003       2.369784e+000       
2.320601e+003       2.369784e+000       
2.325887e+003       2.369784e+000       
2.331173e+003       2.369784e+000       
2.336459e+003       2.369784e+000       
2.341746e+003       2.369784e+000       
2.347032e+003       2.369784e+000       
2.352318e+003       2.369784e+000       
2.357604e+003       2.369784e+000       
2.362890e+003       2.369784e+000       
2.368176e+003       2.369784e+000       
2.373462e+003       2.369784e+000       
2.378749e+003       2.369784e+000       
2.384035e+003       2.369784e+000       
2.389321e+003       2.369784e+000       
2.394607e+003       2.369784e+000       
2.399893e+003       2.369784e+000       
2.405179e+003       2.369784e+000       
2.410465e+003       2.369784e+000       
2.415751e+003       2.369784e+000       
2.421038e+003       2.369784e+000       
2.426324e+003       2.369784e+000       
2.431610e+003       2.369784e+000       
2.436896e+003       2.369784e+000       
2.442182e+003       2.369784e+000       
2.447468e+003       2.369784e+000       
2.452754e+003       2.369784e+000       
2.458041e+003       2.369784e+000       
2.463327e+003       2.369784e+000       
2.468613e+003       2.369784e+000       
2.473899e+003       2.369784e+000       
2.479185e+003       2.369784e+000       
2.484471e+003       2.369784e+000       
2.489757e+003       2.369784e+000       
2.495043e+003       2.369784e+000       
2.500330e+003       2.369784e+000       
2.505616e+003       2.369784e+000       
2.510902e+003       2.369784e+000       
2.516188e+003       2.369784e+000       
2.521474e+003       2.369784e+000       
2.526760e+003       2.369784e+000       
2.532046e+003       2.369784e+000       
2.537333e+003       2.369784e+000       
2.542619e+003       2.369784e+000       
2.547905e+003       2.369784e+000       
2.553191e+003       2.369784e+000       
2.558477e+003       2.369784e+000       
2.563763e+003       2.369784e+000       
2.569049e+003       2.369784e+000       
2.574335e+003       2.369784e+000       
2.579622e+003       2.369784e+000       
2.584908e+003       2.369784e+000       
2.590194e+003       2.369784e+000       
2.595480e+003       2.369784e+000       
2.600766e+003       2.369784e+000       
2.606052e+003       2.369784e+000       
2.611338e+003       2.369784e+000       
2.616625e+003       2.369784e+000       
2.621911e+003       2.369784e+000       
2.627197e+003       2.369784e+000       
2.632483e+003       2.369784e+000       
2.637769e+003       2.369784e+000       
2.643055e+003       2.369784e+000       
2.648341e+003       2.369784e+000       
2.653627e+003       2.369784e+000       
2.658914e+003       2.369784e+000       
2.664200e+003       2.369784e+000       
2.669486e+003       2.369784e+000       
2.674772e+003       2.369784e+000       
2.680058e+003       2.369784e+000       
2.685344e+003       2.369784e+000       
2.690630e+003       2.369784e+000       
2.695917e+003       2.369784e+000       
2.701203e+003       2.369784e+000       

Retract Data
0.000000e+000       2.369784e+000       
5.286087e+000       2.369784e+000       
1.057217e+001       2.369784e+000       
1.585826e+001       2.369784e+000       
2.114435e+001       2.369784e+000       
2.643044e+001       2.369784e+000       
3.171652e+001       2.369784e+000       
3.700261e+001       2.369784e+000       
4.228870e+001       2.369784e+000       
4.757478e+001       2.369784e+000       
5.286087e+001       2.369784e+000       
5.814696e+001       2.369784e+000       
6.343304e+001       2.369784e+000       
6.871913e+001       2.369784e+000       
7.400522e+001       2.369784e+000       
7.929131e+001       2.369784e+000       
8.457739e+001       2.369784e+000       
8.986348e+001       2.369784e+000       
9.514957e+001       2.369784e+000       
1.004357e+002       2.369784e+000       
1.057217e+002       2.369784e+000       
1.110078e+002       2.369784e+000       
1.162939e+002       2.369784e+000       
1.215800e+002       2.369784e+000       
1.268661e+002       2.369784e+000       
1.321522e+002       2.369784e+000       
1.374383e+002       2.369784e+000       
1.427243e+002       2.369784e+000       
1.480104e+002       2.369784e+000       
1.532965e+002       2.369784e+000       
1.585826e+002       2.369784e+000       
1.638687e+002       2.369784e+000       
1.691548e+002       2.369784e+000       
1.744409e+002       2.369784e+000       
1.797270e+002       2.369784e+000       
1.850130e+002       2.369784e+000       
1.902991e+002       2.369784e+000       
1.955852e+002       2.369784e+000       
2.008713e+002       2.369784e+000       
2.061574e+002       2.369784e+000       
2.114435e+002       2.369784e+000       
2.167296e+002       2.369784e+000       
2.220157e+002       2.369784e+000       
2.273017e+002       2.369784e+000       
2.325878e+002       2.369784e+000       
2.378739e+002       2.369784e+000       
2.431600e+002       2.369784e+000       
2.484461e+002       2.369784e+000       
2.537322e+002       2.369784e+000       
2.590182e+002       2.369784e+000       
2.643043e+002       2.369784e+000       
2.695904e+002       2.369784e+000       
2.748765e+002       2.369784e+000       
2.801625e+002       2.369784e+000       
2.854486e+002       2.369784e+000       
2.907347e+002       2.369784e+000       
2.960208e+002       2.369784e+000       
3.013068e+002       2.369784e+000       
3.065929e+002       2.369784e+000       
3.118790e+002       2.369784e+000       
3.171650e+002       2.369784e+000       
3.224511e+002       2.369784e+000       
3.277372e+002       2.369784e+000       
3.330233e+002       2.369784e+000       
3.383093e+002       2.369784e+000       
3.435954e+002       2.369784e+000       
3.488815e+002       2.369784e+000       
3.541675e+002       2.369784e+000       
3.594536e+002       2.369784e+000       
3.647397e+002       2.369784e+000       
3.700258e+002       2.369784e+000       
3.753118e+002       2.369784e+000       
3.805979e+002       2.369784e+000       
3.858840e+002       2.369784e+000       
3.911700e+002       2.369784e+000       
3.964561e+002       2.369784e+000       
4.017422e+002       2.369784e+000       
4.070283e+002       2.369784e+000       
4.123143e+002       2.369784e+000       
4.176004e+002       2.369784e+000       
4.228865e+002       2.369784e+000       
4.281725e+002       2.369784e+000       
4.334586e+002       2.369784e+000       
4.387447e+002       2.369784e+000       
4.440308e+002       2.369784e+000       
4.493168e+002       2.369784e+000       
4.546029e+002       2.369784e+000       
4.598890e+002       2.369784e+000       
4.651750e+002       2.369784e+000       
4.704611e+002       2.369784e+000       
4.757472e+002       2.369784e+000       
4.810333e+002       2.369784e+000       
4.863193e+002       2.369784e+000       
4.916054e+002       2.369784e+000       
4.968915e+002       2.369784e+000       
5.021776e+002       2.369784e+000       
5.074636e+002       2.369784e+000       
5.127497e+002       2.369784e+000       
5.180358e+002       2.369784e+000       
5.233218e+002       2.369784e+000       
5.286079e+002       2.369784e+000       
5.338940e+002       2.369784e+000       
5.391801e+002       2.369784e+000       
5.444661e+002       2.369784e+000       
5.497522e+002       2.369784e+000       
5.550383e+002       2.369784e+000       
5.603243e+002       2.369784e+000       
5.656104e+002       2.369784e+000       
5.708965e+002       2.369784e+000       
5.761826e+002       2.369784e+000       
5.814686e+002       2.369784e+000       
5.867547e+002       2.369784e+000       
5.920408e+002       2.369784e+000       
5.973268e+002       2.369784e+000       
6.026129e+002       2.369784e+000       
6.078990e+002       2.369784e+000       
6.131851e+002       2.369784e+000       
6.184711e+002       2.369784e+000       
6.237572e+002       2.369784e+000       
6.290433e+002       2.369784e+000       
6.343293e+002       2.369784e+000       
6.396154e+002       2.369784e+000       
6.449015e+002       2.369784e+000       
6.501876e+002       2.369784e+000       
6.554736e+002       2.369784e+000       
6.607597e+002       2.369784e+000       
6.660458e+002       2.369784e+000       
6.713318e+002       2.369784e+000       
6.766179e+002       2.369784e+000       
6.819040e+002       2.369784e+000       
6.871901e+002       2.369784e+000       
6.924761e+002       2.369784e+000       
6.977622e+002       2.369784e+000       
7.030483e+002       2.369784e+000       
7.083344e+002       2.369784e+000       
7.136204e+002       2.369784e+000       
7.189065e+002       2.369784e+000       
7.241926e+002       2.369784e+000       
7.294786e+002       2.369784e+000       
7.347647e+002       2.369784e+000       
7.400508e+002       2.369784e+000       
7.453369e+002       2.369784e+000       
7.506229e+002       2.369784e+000       
7.559090e+002       2.369784e+000       
7.611951e+002       2.369784e+000       
7.664811e+002       2.369784e+000       
7.717672e+002       2.369784e+000       
7.770533e+002       2.369784e+000       
7.823394e+002       2.369784e+000       
7.876254e+002       2.369784e+000       
7.929115e+002       2.369784e+000       
7.981976e+002       2.369784e+000       
8.034836e+002       2.369784e+000       
8.087697e+002       2.369784e+000       
8.140558e+002       2.369784e+000       
8.193419e+002       2.369784e+000       
8.246279e+002       2.369784e+000       
8.299140e+002       2.369784e+000       
8.352001e+002       2.369784e+000       
8.404861e+002       2.369784e+000       
8.457722e+002       2.369784e+000       
8.510583e+002       2.369784e+000       
8.563444e+002       2.369784e+000       
8.616304e+002       2.369784e+000       
8.669165e+002       2.369784e+000       
8.722026e+002       2.369784e+000       
8.774886e+002       2.369784e+000       
8.827747e+002       2.369784e+000       
8.880608e+002       2.369784e+000       
8.933469e+002       2.369784e+000       
8.986329e+002       2.369784e+000       
9.039190e+002       2.369784e+000       
9.092051e+002       2.369784e+000       
9.144911e+002       2.369784e+000       
9.197772e+002       2.369784e+000       
9.250633e+002       2.369784e+000       
9.303494e+002       2.369784e+000       
9.356354e+002       2.369784e+000       
9.409215e+002       2.369784e+000       
9.462076e+002       2.369784e+000       
9.514937e+002       2.369784e+000       
9.567797e+002       2.369784e+000       
9.620658e+002       2.369784e+000       
9.673519e+002       2.369784e+000       
9.726379e+002       2.369784e+000       
9.779240e+002       2.369784e+000       
9.832101e+002       2.369784e+000       
9.884962e+002       2.369784e+000       
9.937822e+002       2.369784e+000       
9.990683e+002       2.369784e+000       
1.004354e+003       2.369784e+000       
1.009640e+003       2.369784e+000       
1.014927e+003       2.369784e+000       
1.020213e+003       2.369784e+000       
1.025499e+003       2.369784e+000       
1.030785e+003       2.280316e+000       
1.036071e+003       1.992239e+000       
1.041357e+003       1.697291e+000       
1.046643e+003       1.411745e+000       
1.051929e+003       1.149271e+000       
1.057215e+003       9.087850e-001       
1.062502e+003       6.905030e-001       
1.067788e+003       4.879159e-001       
1.073074e+003       3.148381e-001       
1.078360e+003       1.536219e-001       
1.083646e+003       -1.439301e-002      
1.088932e+003       -1.649049e-001      
1.094218e+003       -3.083287e-001      
1.099505e+003       -4.338155e-001      
1.104791e+003       -5.093246e-001      
1.110077e+003       -5.455603e-001      
1.115363e+003       -3.625737e-001      
1.120649e+003       1.361912e-001       
1.125935e+003       1.439301e-001       
1.131221e+003       2.023701e-001       
1.136507e+003       2.647157e-001       
1.141794e+003       2.902471e-001       
1.147080e+003       2.956716e-001       
1.152366e+003       3.010961e-001       
1.157652e+003       3.063759e-001       
1.162938e+003       3.107878e-001       
1.168224e+003       3.139702e-001       
1.173510e+003       3.181652e-001       
1.178797e+003       3.221431e-001       
1.184083e+003       3.259764e-001       
1.189369e+003       3.282186e-001       
1.194655e+003       3.304607e-001       
1.199941e+003       3.339324e-001       
1.205227e+003       3.363915e-001       
1.210513e+003       3.366808e-001       
1.215799e+003       3.381273e-001       
1.221086e+003       3.407311e-001       
1.226372e+003       3.428286e-001       
1.231658e+003       3.411650e-001       
1.236944e+003       3.422500e-001       
1.242230e+003       3.419606e-001       
1.247516e+003       3.397909e-001       
1.252802e+003       3.381996e-001       
1.258089e+003       3.349450e-001       
1.263375e+003       3.335707e-001       
1.268661e+003       3.318349e-001       
1.273947e+003       3.296651e-001       
1.279233e+003       3.254701e-001       
1.284519e+003       3.219985e-001       
1.289805e+003       3.203349e-001       
1.295091e+003       3.158507e-001       
1.300378e+003       3.121620e-001       
1.305664e+003       3.093413e-001       
1.310950e+003       3.031212e-001       
1.316236e+003       2.982753e-001       
1.321522e+003       2.972627e-001       
1.326808e+003       2.931401e-001       
1.332094e+003       2.872817e-001       
1.337380e+003       2.838823e-001       
1.342667e+003       2.786748e-001       
1.347953e+003       2.752031e-001       
1.353239e+003       2.717314e-001       
1.358525e+003       2.691276e-001       
1.363811e+003       2.660176e-001       
1.369097e+003       2.658730e-001       
1.374383e+003       2.639201e-001       
1.379670e+003       2.634862e-001       
1.384956e+003       2.631969e-001       
1.390242e+003       2.635585e-001       
1.395528e+003       2.650774e-001       
1.400814e+003       2.687660e-001       
1.406100e+003       2.702849e-001       
1.411386e+003       2.720207e-001       
1.416672e+003       2.758540e-001       
1.421959e+003       2.783131e-001       
1.427245e+003       2.819295e-001       
1.432531e+003       2.840270e-001       
1.437817e+003       2.895238e-001       
1.443103e+003       2.929955e-001       
1.448389e+003       2.988539e-001       
1.453675e+003       3.010961e-001       
1.458962e+003       3.051463e-001       
1.464248e+003       3.089073e-001       
1.469534e+003       3.110048e-001       
1.474820e+003       3.165016e-001       
1.480106e+003       3.172972e-001       
1.485392e+003       3.172249e-001       
1.490678e+003       3.205519e-001       
1.495964e+003       3.213475e-001       
1.501251e+003       3.214922e-001       
1.506537e+003       3.222878e-001       
1.511823e+003       3.225771e-001       
1.517109e+003       3.216368e-001       
1.522395e+003       3.212029e-001       
1.527681e+003       3.214199e-001       
1.532967e+003       3.244576e-001       
1.538254e+003       3.230834e-001       
1.543540e+003       3.239513e-001       
1.548826e+003       3.218538e-001       
1.554112e+003       3.234450e-001       
1.559398e+003       3.213475e-001       
1.564684e+003       3.204073e-001       
1.569970e+003       3.216368e-001       
1.575256e+003       3.199733e-001       
1.580543e+003       3.177312e-001       
1.585829e+003       3.192500e-001       
1.591115e+003       3.169356e-001       
1.596401e+003       3.156337e-001       
1.601687e+003       3.128853e-001       
1.606973e+003       3.115111e-001       
1.612259e+003       3.078224e-001       
1.617546e+003       3.047847e-001       
1.622832e+003       3.020363e-001       
1.628118e+003       2.989986e-001       
1.633404e+003       2.953822e-001       
1.638690e+003       2.916213e-001       
1.643976e+003       2.882219e-001       
1.649262e+003       2.859074e-001       
1.654548e+003       2.804829e-001       
1.659835e+003       2.812062e-001       
1.665121e+003       2.774452e-001       
1.670407e+003       2.766496e-001       
1.675693e+003       2.733949e-001       
1.680979e+003       2.723823e-001       
1.686265e+003       2.727440e-001       
1.691551e+003       2.724547e-001       
1.696838e+003       2.723100e-001       
1.702124e+003       2.723823e-001       
1.707410e+003       2.738289e-001       
1.712696e+003       2.777345e-001       
1.717982e+003       2.792534e-001       
1.723268e+003       2.835207e-001       
1.728554e+003       2.891622e-001       
1.733840e+003       2.914043e-001       
1.739127e+003       2.934294e-001       
1.744413e+003       3.005898e-001       
1.749699e+003       3.021086e-001       
1.754985e+003       3.085457e-001       
1.760271e+003       3.133193e-001       
1.765557e+003       3.165740e-001       
1.770843e+003       3.182375e-001       
1.776130e+003       3.212029e-001       
1.781416e+003       3.238790e-001       
1.786702e+003       3.263381e-001       
1.791988e+003       3.283632e-001       
1.797274e+003       3.305330e-001       
1.802560e+003       3.298821e-001       
1.807846e+003       3.288695e-001       
1.813132e+003       3.281462e-001       
1.818419e+003       3.291588e-001       
1.823705e+003       3.267720e-001       
1.828991e+003       3.263381e-001       
1.834277e+003       3.246022e-001       
1.839563e+003       3.192500e-001       
1.844849e+003       3.187438e-001       
1.850135e+003       3.163570e-001       
1.855422e+003       3.125960e-001       
1.860708e+003       3.092690e-001       
1.865994e+003       3.072438e-001       
1.871280e+003       3.043508e-001       
1.876566e+003       3.017470e-001       
1.881852e+003       3.000112e-001       
1.887138e+003       2.966841e-001       
1.892424e+003       2.939357e-001       
1.897711e+003       2.924168e-001       
1.902997e+003       2.890175e-001       
1.908283e+003       2.856181e-001       
1.913569e+003       2.854735e-001       
1.918855e+003       2.838100e-001       
1.924141e+003       2.843163e-001       
1.929427e+003       2.818572e-001       
1.934714e+003       2.830867e-001       
1.940000e+003       2.820741e-001       
1.945286e+003       2.831590e-001       
1.950572e+003       2.819295e-001       
1.955858e+003       2.809169e-001       
1.961144e+003       2.826527e-001       
1.966430e+003       2.825804e-001       
1.971716e+003       2.831590e-001       
1.977003e+003       2.852565e-001       
1.982289e+003       2.878603e-001       
1.987575e+003       2.872093e-001       
1.992861e+003       2.874986e-001       
1.998147e+003       2.901747e-001       
2.003433e+003       2.888728e-001       
2.008719e+003       2.916213e-001       
2.014005e+003       2.929955e-001       
2.019292e+003       2.943697e-001       
2.024578e+003       2.972627e-001       
2.029864e+003       2.985646e-001       
2.035150e+003       3.005898e-001       
2.040436e+003       3.021086e-001       
2.045722e+003       3.055080e-001       
2.051008e+003       3.073162e-001       
2.056294e+003       3.123790e-001       
2.061581e+003       3.148381e-001       
2.066867e+003       3.166463e-001       
2.072153e+003       3.206243e-001       
2.077439e+003       3.246022e-001       
2.082725e+003       3.272783e-001       
2.088011e+003       3.295928e-001       
2.093297e+003       3.323412e-001       
2.098583e+003       3.348003e-001       
2.103870e+003       3.375487e-001       
2.109156e+003       3.387059e-001       
2.114442e+003       3.400078e-001       
2.119728e+003       3.374040e-001       
2.125014e+003       3.368254e-001       
2.130300e+003       3.355959e-001       
2.135586e+003       3.342217e-001       
2.140873e+003       3.306054e-001       
2.146159e+003       3.261934e-001       
2.151445e+003       3.222878e-001       
2.156731e+003       3.203349e-001       
2.162017e+003       3.167186e-001       
2.167303e+003       3.131746e-001       
2.172589e+003       3.064482e-001       
2.177875e+003       3.031212e-001       
2.183162e+003       2.972627e-001       
2.188448e+003       2.933571e-001       
2.193734e+003       2.879326e-001       
2.199020e+003       2.832313e-001       
2.204306e+003       2.808446e-001       
2.209592e+003       2.759264e-001       
2.214878e+003       2.733226e-001       
2.220165e+003       2.712251e-001       
2.225451e+003       2.675365e-001       
2.230737e+003       2.665239e-001       
2.236023e+003       2.650774e-001       
2.241309e+003       2.668855e-001       
2.246595e+003       2.649327e-001       
2.251881e+003       2.654390e-001       
2.257167e+003       2.656560e-001       
2.262454e+003       2.667409e-001       
2.267740e+003       2.709358e-001       
2.273026e+003       2.741182e-001       
2.278312e+003       2.752031e-001       
2.283598e+003       2.795427e-001       
2.288884e+003       2.835207e-001       
2.294170e+003       2.857628e-001       
2.299457e+003       2.906087e-001       
2.304743e+003       2.961055e-001       
2.310029e+003       3.013130e-001       
2.315315e+003       3.063036e-001       
2.320601e+003       3.099922e-001       
2.325887e+003       3.149828e-001       
2.331173e+003       3.180205e-001       
2.336459e+003       3.224324e-001       
2.341746e+003       3.266274e-001       
2.347032e+003       3.292311e-001       
2.352318e+003       3.324859e-001       
2.357604e+003       3.337154e-001       
2.362890e+003       3.358129e-001       
2.368176e+003       3.395015e-001       
2.373462e+003       3.374764e-001       
2.378749e+003       3.395015e-001       
2.384035e+003       3.408034e-001       
2.389321e+003       3.392122e-001       
2.394607e+003       3.380550e-001       
2.399893e+003       3.395739e-001       
2.405179e+003       3.387059e-001       
2.410465e+003       3.366085e-001       
2.415751e+003       3.360299e-001       
2.421038e+003       3.309670e-001       
2.426324e+003       3.300267e-001       
2.431610e+003       3.283632e-001       
2.436896e+003       3.250362e-001       
2.442182e+003       3.230110e-001       
2.447468e+003       3.192500e-001       
2.452754e+003       3.155614e-001       
2.458041e+003       3.109325e-001       
2.463327e+003       3.065206e-001       
2.468613e+003       3.029765e-001       
2.473899e+003       2.973351e-001       
2.479185e+003       2.918382e-001       
2.484471e+003       2.859798e-001       
2.489757e+003       2.835207e-001       
2.495043e+003       2.786025e-001       
2.500330e+003       2.744075e-001       
2.505616e+003       2.688383e-001       
2.510902e+003       2.657283e-001       
2.516188e+003       2.606654e-001       
2.521474e+003       2.576277e-001       
2.526760e+003       2.550963e-001       
2.532046e+003       2.497441e-001       
2.537333e+003       2.463447e-001       
2.542619e+003       2.469957e-001       
2.547905e+003       2.470680e-001       
2.553191e+003       2.463447e-001       
2.558477e+003       2.447536e-001       
2.563763e+003       2.462001e-001       
2.569049e+003       2.465617e-001       
2.574335e+003       2.500334e-001       
2.579622e+003       2.540837e-001       
2.584908e+003       2.582063e-001       
2.590194e+003       2.640648e-001       
2.595480e+003       2.689107e-001       
2.600766e+003       2.749861e-001       
2.606052e+003       2.803383e-001       
2.611338e+003       2.885835e-001       
2.616625e+003       2.953822e-001       
2.621911e+003       3.012407e-001       
2.627197e+003       3.107878e-001       
2.632483e+003       3.181652e-001       
2.637769e+003       3.259041e-001       
2.643055e+003       3.327751e-001       
2.648341e+003       3.400078e-001       
2.653627e+003       3.453600e-001       
2.658914e+003       3.520141e-001       
2.664200e+003       3.589574e-001       
2.669486e+003       3.624291e-001       
2.674772e+003       3.653945e-001       
2.680058e+003       3.681429e-001       
2.685344e+003       3.698064e-001       
2.690630e+003       3.703850e-001       
2.695917e+003       3.700957e-001       
2.701203e+003       3.672750e-001       
