Calculated Z (nm)   Deflection (V)      
Extend Data
0.000000e+000       3.248915e-001       
5.729293e+000       3.320519e-001       
1.145859e+001       3.405864e-001       
1.718788e+001       3.477468e-001       
2.291717e+001       3.539669e-001       
2.864647e+001       3.603316e-001       
3.437576e+001       3.655391e-001       
4.010505e+001       3.677090e-001       
4.583435e+001       3.692278e-001       
5.156364e+001       3.684322e-001       
5.729293e+001       3.665517e-001       
6.302223e+001       3.617058e-001       
6.875152e+001       3.570769e-001       
7.448081e+001       3.482531e-001       
8.021011e+001       3.400801e-001       
8.593940e+001       3.302437e-001       
9.166869e+001       3.185268e-001       
9.739799e+001       3.070992e-001       
1.031273e+002       2.937187e-001       
1.088566e+002       2.788917e-001       
1.145859e+002       2.653667e-001       
1.203152e+002       2.507567e-001       
1.260445e+002       2.351341e-001       
1.317737e+002       2.198732e-001       
1.375030e+002       2.055525e-001       
1.432323e+002       1.918827e-001       
1.489616e+002       1.790809e-001       
1.546909e+002       1.680873e-001       
1.604202e+002       1.555024e-001       
1.661495e+002       1.476188e-001       
1.718788e+002       1.383610e-001       
1.776081e+002       1.332981e-001       
1.833374e+002       1.283799e-001       
1.890667e+002       1.268610e-001       
1.947960e+002       1.263547e-001       
2.005253e+002       1.253422e-001       
2.062546e+002       1.267164e-001       
2.119839e+002       1.311283e-001       
2.177132e+002       1.360465e-001       
2.234424e+002       1.429899e-001       
2.291717e+002       1.491377e-001       
2.349010e+002       1.557194e-001       
2.406303e+002       1.666407e-001       
2.463596e+002       1.764771e-001       
2.520889e+002       1.896406e-001       
2.578182e+002       2.002003e-001       
2.635475e+002       2.157505e-001       
2.692768e+002       2.281184e-001       
2.750060e+002       2.443196e-001       
2.807353e+002       2.563258e-001       
2.864646e+002       2.718037e-001       
2.921939e+002       2.860521e-001       
2.979232e+002       3.021809e-001       
3.036524e+002       3.150551e-001       
3.093817e+002       3.319072e-001       
3.151110e+002       3.418883e-001       
3.208403e+002       3.528820e-001       
3.265695e+002       3.622845e-001       
3.322988e+002       3.697341e-001       
3.380281e+002       3.750139e-001       
3.437574e+002       3.779793e-001       
3.494867e+002       3.810171e-001       
3.552159e+002       3.801491e-001       
3.609452e+002       3.777623e-001       
3.666745e+002       3.731335e-001       
3.724038e+002       3.668410e-001       
3.781331e+002       3.597530e-001       
3.838623e+002       3.515078e-001       
3.895916e+002       3.374040e-001       
3.953209e+002       3.278569e-001       
4.010502e+002       3.149828e-001       
4.067794e+002       2.986369e-001       
4.125087e+002       2.843886e-001       
4.182380e+002       2.685490e-001       
4.239673e+002       2.518416e-001       
4.296966e+002       2.359297e-001       
4.354258e+002       2.209581e-001       
4.411551e+002       2.058418e-001       
4.468844e+002       1.906532e-001       
4.526137e+002       1.774174e-001       
4.583430e+002       1.646156e-001       
4.640722e+002       1.559364e-001       
4.698015e+002       1.465339e-001       
4.755308e+002       1.395905e-001       
4.812601e+002       1.329365e-001       
4.869893e+002       1.285969e-001       
4.927186e+002       1.271503e-001       
4.984479e+002       1.249805e-001       
5.041772e+002       1.275843e-001       
5.099065e+002       1.288138e-001       
5.156357e+002       1.352509e-001       
5.213651e+002       1.382163e-001       
5.270944e+002       1.473295e-001       
5.328237e+002       1.566596e-001       
5.385530e+002       1.672917e-001       
5.442823e+002       1.755369e-001       
5.500116e+002       1.887004e-001       
5.557409e+002       1.994047e-001       
5.614702e+002       2.148826e-001       
5.671995e+002       2.283354e-001       
5.729288e+002       2.409926e-001       
5.786581e+002       2.570491e-001       
5.843875e+002       2.705019e-001       
5.901168e+002       2.838823e-001       
5.958461e+002       2.992879e-001       
6.015754e+002       3.138255e-001       
6.073047e+002       3.261211e-001       
6.130340e+002       3.367531e-001       
6.187633e+002       3.486147e-001       
6.244926e+002       3.570769e-001       
6.302219e+002       3.669857e-001       
6.359512e+002       3.709636e-001       
6.416805e+002       3.722655e-001       
6.474099e+002       3.749416e-001       
6.531392e+002       3.717592e-001       
6.588685e+002       3.672027e-001       
6.645978e+002       3.604040e-001       
6.703271e+002       3.499889e-001       
6.760564e+002       3.402971e-001       
6.817857e+002       3.282186e-001       
6.875150e+002       3.154168e-001       
6.932443e+002       2.997218e-001       
6.989736e+002       2.872093e-001       
7.047029e+002       2.731780e-001       
7.104323e+002       2.575554e-001       
7.161616e+002       2.420051e-001       
7.218909e+002       2.269612e-001       
7.276202e+002       2.132191e-001       
7.333495e+002       2.011406e-001       
7.390788e+002       1.901469e-001       
7.448081e+002       1.781407e-001       
7.505374e+002       1.688828e-001       
7.562667e+002       1.592634e-001       
7.619960e+002       1.538389e-001       
7.677253e+002       1.497163e-001       
7.734547e+002       1.457383e-001       
7.791840e+002       1.460999e-001       
7.849133e+002       1.455213e-001       
7.906426e+002       1.453043e-001       
7.963719e+002       1.457383e-001       
8.021012e+002       1.518861e-001       
8.078305e+002       1.569489e-001       
8.135598e+002       1.633137e-001       
8.192891e+002       1.708357e-001       
8.250184e+002       1.802381e-001       
8.307477e+002       1.874708e-001       
8.364771e+002       1.999110e-001       
8.422064e+002       2.110493e-001       
8.479357e+002       2.208134e-001       
8.536650e+002       2.333983e-001       
8.593943e+002       2.445366e-001       
8.651236e+002       2.569768e-001       
8.708529e+002       2.669578e-001       
8.765822e+002       2.781685e-001       
8.823115e+002       2.898854e-001       
8.880408e+002       3.014577e-001       
8.937701e+002       3.118004e-001       
8.994995e+002       3.235897e-001       
9.052288e+002       3.323412e-001       
9.109581e+002       3.418160e-001       
9.166874e+002       3.497719e-001       
9.224167e+002       3.552687e-001       
9.281460e+002       3.606932e-001       
9.338753e+002       3.640926e-001       
9.396046e+002       3.669857e-001       
9.453339e+002       3.658285e-001       
9.510632e+002       3.646712e-001       
9.567925e+002       3.590297e-001       
9.625219e+002       3.532436e-001       
9.682512e+002       3.451430e-001       
9.739805e+002       3.359575e-001       
9.797098e+002       3.227217e-001       
9.854391e+002       3.094136e-001       
9.911684e+002       2.942250e-001       
9.968977e+002       2.791811e-001       
1.002627e+003       2.616780e-001       
1.008356e+003       2.474296e-001       
1.014086e+003       2.287693e-001       
1.019815e+003       2.139424e-001       
1.025544e+003       1.989707e-001       
1.031273e+003       1.814677e-001       
1.037003e+003       1.693168e-001       
1.042732e+003       1.573106e-001       
1.048461e+003       1.464616e-001       
1.054190e+003       1.369144e-001       
1.059920e+003       1.306220e-001       
1.065649e+003       1.267164e-001       
1.071378e+003       1.244019e-001       
1.077107e+003       1.220151e-001       
1.082837e+003       1.238956e-001       
1.088566e+003       1.230277e-001       
1.094295e+003       1.299711e-001       
1.100024e+003       1.335874e-001       
1.105754e+003       1.415434e-001       
1.111483e+003       1.508012e-001       
1.117212e+003       1.612885e-001       
1.122941e+003       1.744520e-001       
1.128671e+003       1.887727e-001       
1.134400e+003       2.038890e-001       
1.140129e+003       2.169078e-001       
1.145858e+003       2.320241e-001       
1.151588e+003       2.456215e-001       
1.157317e+003       2.613887e-001       
1.163046e+003       2.767943e-001       
1.168775e+003       2.898854e-001       
1.174505e+003       3.044231e-001       
1.180234e+003       3.163570e-001       
1.185963e+003       3.286525e-001       
1.191692e+003       3.392122e-001       
1.197422e+003       3.460109e-001       
1.203151e+003       3.540392e-001       
1.208880e+003       3.603316e-001       
1.214609e+003       3.647436e-001       
1.220339e+003       3.687938e-001       
1.226068e+003       3.700957e-001       
1.231797e+003       3.690108e-001       
1.237526e+003       3.681429e-001       
1.243256e+003       3.653945e-001       
1.248985e+003       3.618505e-001       
1.254714e+003       3.555581e-001       
1.260443e+003       3.475298e-001       
1.266173e+003       3.405864e-001       
1.271902e+003       3.306777e-001       
1.277631e+003       3.188884e-001       
1.283360e+003       3.102815e-001       
1.289090e+003       2.951653e-001       
1.294819e+003       2.830144e-001       
1.300548e+003       2.684044e-001       
1.306277e+003       2.541560e-001       
1.312007e+003       2.409202e-001       
1.317736e+003       2.279738e-001       
1.323465e+003       2.138700e-001       
1.329194e+003       1.991877e-001       
1.334924e+003       1.850117e-001       
1.340653e+003       1.752476e-001       
1.346382e+003       1.643263e-001       
1.352111e+003       1.552854e-001       
1.357841e+003       1.453043e-001       
1.363570e+003       1.379270e-001       
1.369299e+003       1.322855e-001       
1.375028e+003       1.275120e-001       
1.380758e+003       1.254145e-001       
1.386487e+003       1.250529e-001       
1.392216e+003       1.246189e-001       
1.397945e+003       1.246912e-001       
1.403675e+003       1.311283e-001       
1.409404e+003       1.349616e-001       
1.415133e+003       1.438578e-001       
1.420862e+003       1.509458e-001       
1.426592e+003       1.581062e-001       
1.432321e+003       1.683042e-001       
1.438050e+003       1.828419e-001       
1.443779e+003       1.941249e-001       
1.449509e+003       2.081562e-001       
1.455238e+003       2.199455e-001       
1.460967e+003       2.352064e-001       
1.466696e+003       2.521309e-001       
1.472426e+003       2.657283e-001       
1.478155e+003       2.820018e-001       
1.483884e+003       2.955269e-001       
1.489613e+003       3.103539e-001       
1.495343e+003       3.246745e-001       
1.501072e+003       3.342217e-001       
1.506801e+003       3.436241e-001       
1.512530e+003       3.539669e-001       
1.518260e+003       3.609102e-001       
1.523989e+003       3.651775e-001       
1.529718e+003       3.687215e-001       
1.535447e+003       3.687938e-001       
1.541177e+003       3.680706e-001       
1.546906e+003       3.643096e-001       
1.552635e+003       3.622121e-001       
1.558364e+003       3.531713e-001       
1.564094e+003       3.447091e-001       
1.569823e+003       3.345110e-001       
1.575552e+003       3.241683e-001       
1.581281e+003       3.130299e-001       
1.587010e+003       3.009514e-001       
1.592740e+003       2.866307e-001       
1.598469e+003       2.752031e-001       
1.604198e+003       2.615333e-001       
1.609927e+003       2.476466e-001       
1.615657e+003       2.352064e-001       
1.621386e+003       2.226939e-001       
1.627115e+003       2.110493e-001       
1.632844e+003       1.987538e-001       
1.638574e+003       1.872538e-001       
1.644303e+003       1.784300e-001       
1.650032e+003       1.712696e-001       
1.655761e+003       1.639646e-001       
1.661491e+003       1.575999e-001       
1.667220e+003       1.531156e-001       
1.672949e+003       1.516691e-001       
1.678678e+003       1.464616e-001       
1.684408e+003       1.466786e-001       
1.690137e+003       1.437855e-001       
1.695866e+003       1.470402e-001       
1.701595e+003       1.503672e-001       
1.707325e+003       1.066819e-001       
1.713054e+003       1.693891e-001       
1.718783e+003       3.818127e-001       
1.724512e+003       5.941638e-001       
1.730242e+003       8.139647e-001       
1.735971e+003       1.037020e+000       
1.741700e+003       1.257906e+000       
1.747429e+003       1.474741e+000       
1.753159e+003       1.683476e+000       
1.758888e+003       1.893513e+000       
1.764617e+003       2.097619e+000       
1.770346e+003       2.297241e+000       
1.776076e+003       2.369784e+000       
1.781805e+003       2.369784e+000       
1.787534e+003       2.369784e+000       
1.793263e+003       2.369784e+000       
1.798993e+003       2.369784e+000       
1.804722e+003       2.369784e+000       
1.810451e+003       2.369784e+000       
1.816180e+003       2.369784e+000       
1.821910e+003       2.369784e+000       
1.827639e+003       2.369784e+000       
1.833368e+003       2.369784e+000       
1.839097e+003       2.369784e+000       
1.844827e+003       2.369784e+000       
1.850556e+003       2.369784e+000       
1.856285e+003       2.369784e+000       
1.862014e+003       2.369784e+000       
1.867744e+003       2.369784e+000       
1.873473e+003       2.369784e+000       
1.879202e+003       2.369784e+000       
1.884931e+003       2.369784e+000       
1.890661e+003       2.369784e+000       
1.896390e+003       2.369784e+000       
1.902119e+003       2.369784e+000       
1.907848e+003       2.369784e+000       
1.913578e+003       2.369784e+000       
1.919307e+003       2.369784e+000       
1.925036e+003       2.369784e+000       
1.930765e+003       2.369784e+000       
1.936495e+003       2.369784e+000       
1.942224e+003       2.369784e+000       
1.947953e+003       2.369784e+000       
1.953682e+003       2.369784e+000       
1.959412e+003       2.369784e+000       
1.965141e+003       2.369784e+000       
1.970870e+003       2.369784e+000       
1.976599e+003       2.369784e+000       
1.982329e+003       2.369784e+000       
1.988058e+003       2.369784e+000       
1.993787e+003       2.369784e+000       
1.999516e+003       2.369784e+000       
2.005246e+003       2.369784e+000       
2.010975e+003       2.369784e+000       
2.016704e+003       2.369784e+000       
2.022433e+003       2.369784e+000       
2.028163e+003       2.369784e+000       
2.033892e+003       2.369784e+000       
2.039621e+003       2.369784e+000       
2.045350e+003       2.369784e+000       
2.051080e+003       2.369784e+000       
2.056809e+003       2.369784e+000       
2.062538e+003       2.369784e+000       
2.068267e+003       2.369784e+000       
2.073997e+003       2.369784e+000       
2.079726e+003       2.369784e+000       
2.085455e+003       2.369784e+000       
2.091184e+003       2.369784e+000       
2.096914e+003       2.369784e+000       
2.102643e+003       2.369784e+000       
2.108372e+003       2.369784e+000       
2.114101e+003       2.369784e+000       
2.119831e+003       2.369784e+000       
2.125560e+003       2.369784e+000       
2.131289e+003       2.369784e+000       
2.137018e+003       2.369784e+000       
2.142748e+003       2.369784e+000       
2.148477e+003       2.369784e+000       
2.154206e+003       2.369784e+000       
2.159935e+003       2.369784e+000       
2.165665e+003       2.369784e+000       
2.171394e+003       2.369784e+000       
2.177123e+003       2.369784e+000       
2.182852e+003       2.369784e+000       
2.188582e+003       2.369784e+000       
2.194311e+003       2.369784e+000       
2.200040e+003       2.369784e+000       
2.205769e+003       2.369784e+000       
2.211499e+003       2.369784e+000       
2.217228e+003       2.369784e+000       
2.222957e+003       2.369784e+000       
2.228686e+003       2.369784e+000       
2.234416e+003       2.369784e+000       
2.240145e+003       2.369784e+000       
2.245874e+003       2.369784e+000       
2.251603e+003       2.369784e+000       
2.257333e+003       2.369784e+000       
2.263062e+003       2.369784e+000       
2.268791e+003       2.369784e+000       
2.274520e+003       2.369784e+000       
2.280250e+003       2.369784e+000       
2.285979e+003       2.369784e+000       
2.291708e+003       2.369784e+000       
2.297437e+003       2.369784e+000       
2.303167e+003       2.369784e+000       
2.308896e+003       2.369784e+000       
2.314625e+003       2.369784e+000       
2.320354e+003       2.369784e+000       
2.326083e+003       2.369784e+000       
2.331813e+003       2.369784e+000       
2.337542e+003       2.369784e+000       
2.343271e+003       2.369784e+000       
2.349000e+003       2.369784e+000       
2.354730e+003       2.369784e+000       
2.360459e+003       2.369784e+000       
2.366188e+003       2.369784e+000       
2.371917e+003       2.369784e+000       
2.377647e+003       2.369784e+000       
2.383376e+003       2.369784e+000       
2.389105e+003       2.369784e+000       
2.394834e+003       2.369784e+000       
2.400564e+003       2.369784e+000       
2.406293e+003       2.369784e+000       
2.412022e+003       2.369784e+000       
2.417751e+003       2.369784e+000       
2.423481e+003       2.369784e+000       
2.429210e+003       2.369784e+000       
2.434939e+003       2.369784e+000       
2.440668e+003       2.369784e+000       
2.446398e+003       2.369784e+000       
2.452127e+003       2.369784e+000       
2.457856e+003       2.369784e+000       
2.463585e+003       2.369784e+000       
2.469315e+003       2.369784e+000       
2.475044e+003       2.369784e+000       
2.480773e+003       2.369784e+000       
2.486502e+003       2.369784e+000       
2.492232e+003       2.369784e+000       
2.497961e+003       2.369784e+000       
2.503690e+003       2.369784e+000       
2.509419e+003       2.369784e+000       
2.515149e+003       2.369784e+000       
2.520878e+003       2.369784e+000       
2.526607e+003       2.369784e+000       
2.532336e+003       2.369784e+000       
2.538066e+003       2.369784e+000       
2.543795e+003       2.369784e+000       
2.549524e+003       2.369784e+000       
2.555253e+003       2.369784e+000       
2.560983e+003       2.369784e+000       
2.566712e+003       2.369784e+000       
2.572441e+003       2.369784e+000       
2.578170e+003       2.369784e+000       
2.583900e+003       2.369784e+000       
2.589629e+003       2.369784e+000       
2.595358e+003       2.369784e+000       
2.601087e+003       2.369784e+000       
2.606817e+003       2.369784e+000       
2.612546e+003       2.369784e+000       
2.618275e+003       2.369784e+000       
2.624004e+003       2.369784e+000       
2.629734e+003       2.369784e+000       
2.635463e+003       2.369784e+000       
2.641192e+003       2.369784e+000       
2.646921e+003       2.369784e+000       
2.652651e+003       2.369784e+000       
2.658380e+003       2.369784e+000       
2.664109e+003       2.369784e+000       
2.669838e+003       2.369784e+000       
2.675568e+003       2.369784e+000       
2.681297e+003       2.369784e+000       
2.687026e+003       2.369784e+000       
2.692755e+003       2.369784e+000       
2.698485e+003       2.369784e+000       
2.704214e+003       2.369784e+000       
2.709943e+003       2.369784e+000       
2.715672e+003       2.369784e+000       
2.721402e+003       2.369784e+000       
2.727131e+003       2.369784e+000       
2.732860e+003       2.369784e+000       
2.738589e+003       2.369784e+000       
2.744319e+003       2.369784e+000       
2.750048e+003       2.369784e+000       
2.755777e+003       2.369784e+000       
2.761506e+003       2.369784e+000       
2.767236e+003       2.369784e+000       
2.772965e+003       2.369784e+000       
2.778694e+003       2.369784e+000       
2.784423e+003       2.369784e+000       
2.790153e+003       2.369784e+000       
2.795882e+003       2.369784e+000       
2.801611e+003       2.369784e+000       
2.807340e+003       2.369784e+000       
2.813070e+003       2.369784e+000       
2.818799e+003       2.369784e+000       
2.824528e+003       2.369784e+000       
2.830257e+003       2.369784e+000       
2.835987e+003       2.369784e+000       
2.841716e+003       2.369784e+000       
2.847445e+003       2.369784e+000       
2.853174e+003       2.369784e+000       
2.858904e+003       2.369784e+000       
2.864633e+003       2.369784e+000       
2.870362e+003       2.369784e+000       
2.876091e+003       2.369784e+000       
2.881821e+003       2.369784e+000       
2.887550e+003       2.369784e+000       
2.893279e+003       2.369784e+000       
2.899008e+003       2.369784e+000       
2.904738e+003       2.369784e+000       
2.910467e+003       2.369784e+000       
2.916196e+003       2.369784e+000       
2.921925e+003       2.369784e+000       
2.927655e+003       2.369784e+000       

Retract Data
0.000000e+000       2.369784e+000       
5.729293e+000       2.369784e+000       
1.145859e+001       2.369784e+000       
1.718788e+001       2.369784e+000       
2.291717e+001       2.369784e+000       
2.864647e+001       2.369784e+000       
3.437576e+001       2.369784e+000       
4.010505e+001       2.369784e+000       
4.583435e+001       2.369784e+000       
5.156364e+001       2.369784e+000       
5.729293e+001       2.369784e+000       
6.302223e+001       2.369784e+000       
6.875152e+001       2.369784e+000       
7.448081e+001       2.369784e+000       
8.021011e+001       2.369784e+000       
8.593940e+001       2.369784e+000       
9.166869e+001       2.369784e+000       
9.739799e+001       2.369784e+000       
1.031273e+002       2.369784e+000       
1.088566e+002       2.369784e+000       
1.145859e+002       2.369784e+000       
1.203152e+002       2.369784e+000       
1.260445e+002       2.369784e+000       
1.317737e+002       2.369784e+000       
1.375030e+002       2.369784e+000       
1.432323e+002       2.369784e+000       
1.489616e+002       2.369784e+000       
1.546909e+002       2.369784e+000       
1.604202e+002       2.369784e+000       
1.661495e+002       2.369784e+000       
1.718788e+002       2.369784e+000       
1.776081e+002       2.369784e+000       
1.833374e+002       2.369784e+000       
1.890667e+002       2.369784e+000       
1.947960e+002       2.369784e+000       
2.005253e+002       2.369784e+000       
2.062546e+002       2.369784e+000       
2.119839e+002       2.369784e+000       
2.177132e+002       2.369784e+000       
2.234424e+002       2.369784e+000       
2.291717e+002       2.369784e+000       
2.349010e+002       2.369784e+000       
2.406303e+002       2.369784e+000       
2.463596e+002       2.369784e+000       
2.520889e+002       2.369784e+000       
2.578182e+002       2.369784e+000       
2.635475e+002       2.369784e+000       
2.692768e+002       2.369784e+000       
2.750060e+002       2.369784e+000       
2.807353e+002       2.369784e+000       
2.864646e+002       2.369784e+000       
2.921939e+002       2.369784e+000       
2.979232e+002       2.369784e+000       
3.036524e+002       2.369784e+000       
3.093817e+002       2.369784e+000       
3.151110e+002       2.369784e+000       
3.208403e+002       2.369784e+000       
3.265695e+002       2.369784e+000       
3.322988e+002       2.369784e+000       
3.380281e+002       2.369784e+000       
3.437574e+002       2.369784e+000       
3.494867e+002       2.369784e+000       
3.552159e+002       2.369784e+000       
3.609452e+002       2.369784e+000       
3.666745e+002       2.369784e+000       
3.724038e+002       2.369784e+000       
3.781331e+002       2.369784e+000       
3.838623e+002       2.369784e+000       
3.895916e+002       2.369784e+000       
3.953209e+002       2.369784e+000       
4.010502e+002       2.369784e+000       
4.067794e+002       2.369784e+000       
4.125087e+002       2.369784e+000       
4.182380e+002       2.369784e+000       
4.239673e+002       2.369784e+000       
4.296966e+002       2.369784e+000       
4.354258e+002       2.369784e+000       
4.411551e+002       2.369784e+000       
4.468844e+002       2.369784e+000       
4.526137e+002       2.369784e+000       
4.583430e+002       2.369784e+000       
4.640722e+002       2.369784e+000       
4.698015e+002       2.369784e+000       
4.755308e+002       2.369784e+000       
4.812601e+002       2.369784e+000       
4.869893e+002       2.369784e+000       
4.927186e+002       2.369784e+000       
4.984479e+002       2.369784e+000       
5.041772e+002       2.369784e+000       
5.099065e+002       2.369784e+000       
5.156357e+002       2.369784e+000       
5.213651e+002       2.369784e+000       
5.270944e+002       2.369784e+000       
5.328237e+002       2.369784e+000       
5.385530e+002       2.369784e+000       
5.442823e+002       2.369784e+000       
5.500116e+002       2.369784e+000       
5.557409e+002       2.369784e+000       
5.614702e+002       2.369784e+000       
5.671995e+002       2.369784e+000       
5.729288e+002       2.369784e+000       
5.786581e+002       2.369784e+000       
5.843875e+002       2.369784e+000       
5.901168e+002       2.369784e+000       
5.958461e+002       2.369784e+000       
6.015754e+002       2.369784e+000       
6.073047e+002       2.369784e+000       
6.130340e+002       2.369784e+000       
6.187633e+002       2.369784e+000       
6.244926e+002       2.369784e+000       
6.302219e+002       2.369784e+000       
6.359512e+002       2.369784e+000       
6.416805e+002       2.369784e+000       
6.474099e+002       2.369784e+000       
6.531392e+002       2.369784e+000       
6.588685e+002       2.369784e+000       
6.645978e+002       2.369784e+000       
6.703271e+002       2.369784e+000       
6.760564e+002       2.369784e+000       
6.817857e+002       2.369784e+000       
6.875150e+002       2.369784e+000       
6.932443e+002       2.369784e+000       
6.989736e+002       2.369784e+000       
7.047029e+002       2.369784e+000       
7.104323e+002       2.369784e+000       
7.161616e+002       2.369784e+000       
7.218909e+002       2.369784e+000       
7.276202e+002       2.369784e+000       
7.333495e+002       2.369784e+000       
7.390788e+002       2.369784e+000       
7.448081e+002       2.369784e+000       
7.505374e+002       2.369784e+000       
7.562667e+002       2.369784e+000       
7.619960e+002       2.369784e+000       
7.677253e+002       2.369784e+000       
7.734547e+002       2.369784e+000       
7.791840e+002       2.369784e+000       
7.849133e+002       2.369784e+000       
7.906426e+002       2.369784e+000       
7.963719e+002       2.369784e+000       
8.021012e+002       2.369784e+000       
8.078305e+002       2.369784e+000       
8.135598e+002       2.369784e+000       
8.192891e+002       2.369784e+000       
8.250184e+002       2.369784e+000       
8.307477e+002       2.369784e+000       
8.364771e+002       2.369784e+000       
8.422064e+002       2.369784e+000       
8.479357e+002       2.369784e+000       
8.536650e+002       2.369784e+000       
8.593943e+002       2.369784e+000       
8.651236e+002       2.369784e+000       
8.708529e+002       2.369784e+000       
8.765822e+002       2.369784e+000       
8.823115e+002       2.369784e+000       
8.880408e+002       2.369784e+000       
8.937701e+002       2.369784e+000       
8.994995e+002       2.369784e+000       
9.052288e+002       2.369784e+000       
9.109581e+002       2.369784e+000       
9.166874e+002       2.369784e+000       
9.224167e+002       2.369784e+000       
9.281460e+002       2.369784e+000       
9.338753e+002       2.369784e+000       
9.396046e+002       2.369784e+000       
9.453339e+002       2.369784e+000       
9.510632e+002       2.369784e+000       
9.567925e+002       2.369784e+000       
9.625219e+002       2.369784e+000       
9.682512e+002       2.369784e+000       
9.739805e+002       2.369784e+000       
9.797098e+002       2.369784e+000       
9.854391e+002       2.369784e+000       
9.911684e+002       2.369784e+000       
9.968977e+002       2.369784e+000       
1.002627e+003       2.369784e+000       
1.008356e+003       2.369784e+000       
1.014086e+003       2.369784e+000       
1.019815e+003       2.369784e+000       
1.025544e+003       2.369784e+000       
1.031273e+003       2.369784e+000       
1.037003e+003       2.369784e+000       
1.042732e+003       2.369784e+000       
1.048461e+003       2.369784e+000       
1.054190e+003       2.369784e+000       
1.059920e+003       2.369784e+000       
1.065649e+003       2.369784e+000       
1.071378e+003       2.369784e+000       
1.077107e+003       2.369784e+000       
1.082837e+003       2.369784e+000       
1.088566e+003       2.369784e+000       
1.094295e+003       2.369784e+000       
1.100024e+003       2.369784e+000       
1.105754e+003       2.369784e+000       
1.111483e+003       2.369784e+000       
1.117212e+003       2.369784e+000       
1.122941e+003       2.369784e+000       
1.128671e+003       2.369784e+000       
1.134400e+003       2.369784e+000       
1.140129e+003       2.369784e+000       
1.145858e+003       2.369784e+000       
1.151588e+003       2.369784e+000       
1.157317e+003       2.369784e+000       
1.163046e+003       2.369784e+000       
1.168775e+003       2.369784e+000       
1.174505e+003       2.369784e+000       
1.180234e+003       2.369784e+000       
1.185963e+003       2.369784e+000       
1.191692e+003       2.369784e+000       
1.197422e+003       2.369784e+000       
1.203151e+003       2.368482e+000       
1.208880e+003       2.264404e+000       
1.214609e+003       2.051619e+000       
1.220339e+003       1.843969e+000       
1.226068e+003       1.643263e+000       
1.231797e+003       1.444870e+000       
1.237526e+003       1.231651e+000       
1.243256e+003       1.016913e+000       
1.248985e+003       7.984868e-001       
1.254714e+003       5.772394e-001       
1.260443e+003       3.637310e-001       
1.266173e+003       1.458106e-001       
1.271902e+003       -6.415378e-002      
1.277631e+003       -2.745522e-001      
1.283360e+003       -4.816958e-001      
1.289090e+003       -6.832703e-001      
1.294819e+003       -8.953322e-001      
1.300548e+003       -1.085190e+000      
1.306277e+003       -3.733504e-001      
1.312007e+003       1.510182e-001       
1.317736e+003       1.567320e-001       
1.323465e+003       1.659175e-001       
1.329194e+003       1.745967e-001       
1.334924e+003       1.822633e-001       
1.340653e+003       1.940525e-001       
1.346382e+003       2.024424e-001       
1.352111e+003       2.156782e-001       
1.357841e+003       2.279738e-001       
1.363570e+003       2.429454e-001       
1.369299e+003       2.546623e-001       
1.375028e+003       2.658006e-001       
1.380758e+003       2.805553e-001       
1.386487e+003       2.903917e-001       
1.392216e+003       3.034828e-001       
1.397945e+003       3.221431e-001       
1.403675e+003       3.322689e-001       
1.409404e+003       3.424669e-001       
1.415133e+003       3.510738e-001       
1.420862e+003       3.572939e-001       
1.426592e+003       3.647436e-001       
1.432321e+003       3.657561e-001       
1.438050e+003       3.693725e-001       
1.443779e+003       3.692278e-001       
1.449509e+003       3.693725e-001       
1.455238e+003       3.627907e-001       
1.460967e+003       3.588127e-001       
1.466696e+003       3.496996e-001       
1.472426e+003       3.422500e-001       
1.478155e+003       3.294481e-001       
1.483884e+003       3.202626e-001       
1.489613e+003       3.065929e-001       
1.495343e+003       2.932124e-001       
1.501072e+003       2.780962e-001       
1.506801e+003       2.657283e-001       
1.512530e+003       2.502504e-001       
1.518260e+003       2.363636e-001       
1.523989e+003       2.223323e-001       
1.529718e+003       2.083009e-001       
1.535447e+003       1.937632e-001       
1.541177e+003       1.811061e-001       
1.546906e+003       1.710526e-001       
1.552635e+003       1.594804e-001       
1.558364e+003       1.510182e-001       
1.564094e+003       1.425559e-001       
1.569823e+003       1.365528e-001       
1.575552e+003       1.308390e-001       
1.581281e+003       1.280906e-001       
1.587010e+003       1.255592e-001       
1.592740e+003       1.235340e-001       
1.598469e+003       1.225938e-001       
1.604198e+003       1.259208e-001       
1.609927e+003       1.293201e-001       
1.615657e+003       1.368421e-001       
1.621386e+003       1.432069e-001       
1.627115e+003       1.505842e-001       
1.632844e+003       1.600590e-001       
1.638574e+003       1.710526e-001       
1.644303e+003       1.808891e-001       
1.650032e+003       1.930400e-001       
1.655761e+003       2.075053e-001       
1.661491e+003       2.213197e-001       
1.667220e+003       2.366530e-001       
1.672949e+003       2.506844e-001       
1.678678e+003       2.649327e-001       
1.684408e+003       2.780962e-001       
1.690137e+003       2.936464e-001       
1.695866e+003       3.064482e-001       
1.701595e+003       3.156337e-001       
1.707325e+003       3.288695e-001       
1.713054e+003       3.381273e-001       
1.718783e+003       3.473128e-001       
1.724512e+003       3.558474e-001       
1.730242e+003       3.621398e-001       
1.735971e+003       3.656115e-001       
1.741700e+003       3.701681e-001       
1.747429e+003       3.704574e-001       
1.753159e+003       3.726272e-001       
1.758888e+003       3.724102e-001       
1.764617e+003       3.680706e-001       
1.770346e+003       3.635140e-001       
1.776076e+003       3.596084e-001       
1.781805e+003       3.523757e-001       
1.787534e+003       3.443474e-001       
1.793263e+003       3.350896e-001       
1.798993e+003       3.222878e-001       
1.804722e+003       3.110771e-001       
1.810451e+003       2.978413e-001       
1.816180e+003       2.852565e-001       
1.821910e+003       2.697786e-001       
1.827639e+003       2.558919e-001       
1.833368e+003       2.409926e-001       
1.839097e+003       2.265996e-001       
1.844827e+003       2.123512e-001       
1.850556e+003       1.976689e-001       
1.856285e+003       1.838545e-001       
1.862014e+003       1.683042e-001       
1.867744e+003       1.599867e-001       
1.873473e+003       1.499332e-001       
1.879202e+003       1.382163e-001       
1.884931e+003       1.322132e-001       
1.890661e+003       1.266440e-001       
1.896390e+003       1.220151e-001       
1.902119e+003       1.184711e-001       
1.907848e+003       1.191944e-001       
1.913578e+003       1.222321e-001       
1.919307e+003       1.266440e-001       
1.925036e+003       1.293201e-001       
1.930765e+003       1.384333e-001       
1.936495e+003       1.468955e-001       
1.942224e+003       1.582508e-001       
1.947953e+003       1.709080e-001       
1.953682e+003       1.845777e-001       
1.959412e+003       1.975242e-001       
1.965141e+003       2.141594e-001       
1.970870e+003       2.302159e-001       
1.976599e+003       2.478636e-001       
1.982329e+003       2.631969e-001       
1.988058e+003       2.811339e-001       
1.993787e+003       2.971181e-001       
1.999516e+003       3.120174e-001       
2.005246e+003       3.241683e-001       
2.010975e+003       3.364638e-001       
2.016704e+003       3.449260e-001       
2.022433e+003       3.525927e-001       
2.028163e+003       3.607656e-001       
2.033892e+003       3.631524e-001       
2.039621e+003       3.677090e-001       
2.045350e+003       3.669133e-001       
2.051080e+003       3.659731e-001       
2.056809e+003       3.611272e-001       
2.062538e+003       3.562813e-001       
2.068267e+003       3.481807e-001       
2.073997e+003       3.411650e-001       
2.079726e+003       3.319072e-001       
2.085455e+003       3.227940e-001       
2.091184e+003       3.128853e-001       
2.096914e+003       3.011684e-001       
2.102643e+003       2.905363e-001       
2.108372e+003       2.801936e-001       
2.114101e+003       2.666686e-001       
2.119831e+003       2.563258e-001       
2.125560e+003       2.439580e-001       
2.131289e+003       2.321687e-001       
2.137018e+003       2.210304e-001       
2.142748e+003       2.097474e-001       
2.148477e+003       1.994047e-001       
2.154206e+003       1.884834e-001       
2.159935e+003       1.791532e-001       
2.165665e+003       1.719206e-001       
2.171394e+003       1.637477e-001       
2.177123e+003       1.578169e-001       
2.182852e+003       1.544898e-001       
2.188582e+003       1.489207e-001       
2.194311e+003       1.455936e-001       
2.200040e+003       1.435685e-001       
2.205769e+003       1.442918e-001       
2.211499e+003       1.467509e-001       
2.217228e+003       1.504395e-001       
2.222957e+003       1.570213e-001       
2.228686e+003       1.646156e-001       
2.234416e+003       1.725715e-001       
2.240145e+003       1.839268e-001       
2.245874e+003       1.946311e-001       
2.251603e+003       2.083732e-001       
2.257333e+003       2.210304e-001       
2.263062e+003       2.339046e-001       
2.268791e+003       2.487315e-001       
2.274520e+003       2.660176e-001       
2.280250e+003       2.805553e-001       
2.285979e+003       2.973351e-001       
2.291708e+003       3.101369e-001       
2.297437e+003       3.238066e-001       
2.303167e+003       3.358852e-001       
2.308896e+003       3.481807e-001       
2.314625e+003       3.574386e-001       
2.320354e+003       3.659731e-001       
2.326083e+003       3.690832e-001       
2.331813e+003       3.713253e-001       
2.337542e+003       3.726272e-001       
2.343271e+003       3.701681e-001       
2.349000e+003       3.651775e-001       
2.354730e+003       3.606209e-001       
2.360459e+003       3.481084e-001       
2.366188e+003       3.391399e-001       
2.371917e+003       3.266997e-001       
2.377647e+003       3.115834e-001       
2.383376e+003       2.964672e-001       
2.389105e+003       2.808446e-001       
2.394834e+003       2.678981e-001       
2.400564e+003       2.543007e-001       
2.406293e+003       2.395460e-001       
2.412022e+003       2.252253e-001       
2.417751e+003       2.130021e-001       
2.423481e+003       1.987538e-001       
2.429210e+003       1.846501e-001       
2.434939e+003       1.727885e-001       
2.440668e+003       1.623734e-001       
2.446398e+003       1.545622e-001       
2.452127e+003       1.453767e-001       
2.457856e+003       1.395905e-001       
2.463585e+003       1.325748e-001       
2.469315e+003       1.284522e-001       
2.475044e+003       1.255592e-001       
2.480773e+003       1.245466e-001       
2.486502e+003       1.249082e-001       
2.492232e+003       1.288138e-001       
2.497961e+003       1.343830e-001       
2.503690e+003       1.411817e-001       
2.509419e+003       1.500056e-001       
2.515149e+003       1.604206e-001       
2.520878e+003       1.743797e-001       
2.526607e+003       1.863136e-001       
2.532336e+003       2.008512e-001       
2.538066e+003       2.171971e-001       
2.543795e+003       2.360020e-001       
2.549524e+003       2.524202e-001       
2.555253e+003       2.697786e-001       
2.560983e+003       2.864861e-001       
2.566712e+003       3.037722e-001       
2.572441e+003       3.194670e-001       
2.578170e+003       3.344387e-001       
2.583900e+003       3.472405e-001       
2.589629e+003       3.571492e-001       
2.595358e+003       3.673473e-001       
2.601087e+003       3.726272e-001       
2.606817e+003       3.777623e-001       
2.612546e+003       3.804384e-001       
2.618275e+003       3.784856e-001       
2.624004e+003       3.753756e-001       
2.629734e+003       3.718316e-001       
2.635463e+003       3.666964e-001       
2.641192e+003       3.581618e-001       
2.646921e+003       3.485424e-001       
2.652651e+003       3.345833e-001       
2.658380e+003       3.211305e-001       
2.664109e+003       3.048570e-001       
2.669838e+003       2.911150e-001       
2.675568e+003       2.767943e-001       
2.681297e+003       2.590019e-001       
2.687026e+003       2.420775e-001       
2.692755e+003       2.262379e-001       
2.698485e+003       2.112663e-001       
2.704214e+003       1.979582e-001       
2.709943e+003       1.842161e-001       
2.715672e+003       1.711973e-001       
2.721402e+003       1.609992e-001       
2.727131e+003       1.528263e-001       
2.732860e+003       1.439301e-001       
2.738589e+003       1.371314e-001       
2.744319e+003       1.316346e-001       
2.750048e+003       1.271503e-001       
2.755777e+003       1.242573e-001       
2.761506e+003       1.228831e-001       
2.767236e+003       1.245466e-001       
2.772965e+003       1.267164e-001       
2.778694e+003       1.324302e-001       
2.784423e+003       1.413987e-001       
2.790153e+003       1.494270e-001       
2.795882e+003       1.616502e-001       
2.801611e+003       1.738734e-001       
2.807340e+003       1.896406e-001       
2.813070e+003       2.027317e-001       
2.818799e+003       2.203795e-001       
2.824528e+003       2.366530e-001       
2.830257e+003       2.556749e-001       
2.835987e+003       2.708635e-001       
2.841716e+003       2.870647e-001       
2.847445e+003       3.049294e-001       
2.853174e+003       3.174419e-001       
2.858904e+003       3.306777e-001       
2.864633e+003       3.423223e-001       
2.870362e+003       3.536052e-001       
2.876091e+003       3.617058e-001       
2.881821e+003       3.677813e-001       
2.887550e+003       3.706743e-001       
2.893279e+003       3.698064e-001       
2.899008e+003       3.692278e-001       
2.904738e+003       3.663347e-001       
2.910467e+003       3.626461e-001       
2.916196e+003       3.541839e-001       
2.921925e+003       3.473851e-001       
2.927655e+003       3.359575e-001       
