Calculated Z (nm)   Deflection (V)      
Extend Data
0.000000e+000       3.288695e-001       
5.729293e+000       3.373317e-001       
1.145859e+001       3.437688e-001       
1.718788e+001       3.503505e-001       
2.291717e+001       3.574386e-001       
2.864647e+001       3.632970e-001       
3.437576e+001       3.665517e-001       
4.010505e+001       3.700234e-001       
4.583435e+001       3.716146e-001       
5.156364e+001       3.695894e-001       
5.729293e+001       3.687938e-001       
6.302223e+001       3.663347e-001       
6.875152e+001       3.595360e-001       
7.448081e+001       3.524480e-001       
8.021011e+001       3.441304e-001       
8.593940e+001       3.338600e-001       
9.166869e+001       3.246022e-001       
9.739799e+001       3.084010e-001       
1.031273e+002       2.952376e-001       
1.088566e+002       2.822911e-001       
1.145859e+002       2.658730e-001       
1.203152e+002       2.503950e-001       
1.260445e+002       2.352788e-001       
1.317737e+002       2.211750e-001       
1.375030e+002       2.056248e-001       
1.432323e+002       1.918104e-001       
1.489616e+002       1.785023e-001       
1.546909e+002       1.661344e-001       
1.604202e+002       1.565873e-001       
1.661495e+002       1.468232e-001       
1.718788e+002       1.411094e-001       
1.776081e+002       1.328641e-001       
1.833374e+002       1.311283e-001       
1.890667e+002       1.270057e-001       
1.947960e+002       1.251975e-001       
2.005253e+002       1.270780e-001       
2.062546e+002       1.295371e-001       
2.119839e+002       1.340937e-001       
2.177132e+002       1.383610e-001       
2.234424e+002       1.445087e-001       
2.291717e+002       1.525370e-001       
2.349010e+002       1.602036e-001       
2.406303e+002       1.691722e-001       
2.463596e+002       1.799488e-001       
2.520889e+002       1.900022e-001       
2.578182e+002       2.042506e-001       
2.635475e+002       2.175587e-001       
2.692768e+002       2.308668e-001       
2.750060e+002       2.456938e-001       
2.807353e+002       2.602315e-001       
2.864646e+002       2.774452e-001       
2.921939e+002       2.935741e-001       
2.979232e+002       3.064482e-001       
3.036524e+002       3.183821e-001       
3.093817e+002       3.320519e-001       
3.151110e+002       3.436965e-001       
3.208403e+002       3.563536e-001       
3.265695e+002       3.648159e-001       
3.322988e+002       3.729888e-001       
3.380281e+002       3.783410e-001       
3.437574e+002       3.818850e-001       
3.494867e+002       3.855736e-001       
3.552159e+002       3.850673e-001       
3.609452e+002       3.815233e-001       
3.666745e+002       3.775454e-001       
3.724038e+002       3.704574e-001       
3.781331e+002       3.620675e-001       
3.838623e+002       3.503505e-001       
3.895916e+002       3.392122e-001       
3.953209e+002       3.264827e-001       
4.010502e+002       3.133916e-001       
4.067794e+002       2.980583e-001       
4.125087e+002       2.827251e-001       
4.182380e+002       2.661622e-001       
4.239673e+002       2.522755e-001       
4.296966e+002       2.374486e-001       
4.354258e+002       2.196562e-001       
4.411551e+002       2.062757e-001       
4.468844e+002       1.902192e-001       
4.526137e+002       1.769111e-001       
4.583430e+002       1.651219e-001       
4.640722e+002       1.546345e-001       
4.698015e+002       1.462446e-001       
4.755308e+002       1.372038e-001       
4.812601e+002       1.336597e-001       
4.869893e+002       1.293925e-001       
4.927186e+002       1.270780e-001       
4.984479e+002       1.270780e-001       
5.041772e+002       1.293201e-001       
5.099065e+002       1.310560e-001       
5.156357e+002       1.369868e-001       
5.213651e+002       1.416157e-001       
5.270944e+002       1.499332e-001       
5.328237e+002       1.584678e-001       
5.385530e+002       1.691722e-001       
5.442823e+002       1.805274e-001       
5.500116e+002       1.922444e-001       
5.557409e+002       2.028764e-001       
5.614702e+002       2.150996e-001       
5.671995e+002       2.317348e-001       
5.729288e+002       2.443919e-001       
5.786581e+002       2.572661e-001       
5.843875e+002       2.713698e-001       
5.901168e+002       2.867754e-001       
5.958461e+002       3.016023e-001       
6.015754e+002       3.144765e-001       
6.073047e+002       3.287249e-001       
6.130340e+002       3.429732e-001       
6.187633e+002       3.508568e-001       
6.244926e+002       3.614888e-001       
6.302219e+002       3.681429e-001       
6.359512e+002       3.719762e-001       
6.416805e+002       3.736397e-001       
6.474099e+002       3.768944e-001       
6.531392e+002       3.739291e-001       
6.588685e+002       3.680706e-001       
6.645978e+002       3.631524e-001       
6.703271e+002       3.545455e-001       
6.760564e+002       3.436965e-001       
6.817857e+002       3.317626e-001       
6.875150e+002       3.192500e-001       
6.932443e+002       3.044231e-001       
6.989736e+002       2.898131e-001       
7.047029e+002       2.749138e-001       
7.104323e+002       2.608824e-001       
7.161616e+002       2.454045e-001       
7.218909e+002       2.291310e-001       
7.276202e+002       2.175587e-001       
7.333495e+002       2.055525e-001       
7.390788e+002       1.921720e-001       
7.448081e+002       1.826973e-001       
7.505374e+002       1.725715e-001       
7.562667e+002       1.639646e-001       
7.619960e+002       1.557917e-001       
7.677253e+002       1.521754e-001       
7.734547e+002       1.455936e-001       
7.791840e+002       1.434962e-001       
7.849133e+002       1.460999e-001       
7.906426e+002       1.465339e-001       
7.963719e+002       1.514521e-001       
8.021012e+002       1.534773e-001       
8.078305e+002       1.612162e-001       
8.135598e+002       1.677979e-001       
8.192891e+002       1.745967e-001       
8.250184e+002       1.840715e-001       
8.307477e+002       1.944865e-001       
8.364771e+002       2.050462e-001       
8.422064e+002       2.163292e-001       
8.479357e+002       2.250084e-001       
8.536650e+002       2.375932e-001       
8.593943e+002       2.491655e-001       
8.651236e+002       2.613164e-001       
8.708529e+002       2.743352e-001       
8.765822e+002       2.841716e-001       
8.823115e+002       2.966841e-001       
8.880408e+002       3.068099e-001       
8.937701e+002       3.180928e-001       
8.994995e+002       3.265550e-001       
9.052288e+002       3.348003e-001       
9.109581e+002       3.440581e-001       
9.166874e+002       3.513631e-001       
9.224167e+002       3.588127e-001       
9.281460e+002       3.629354e-001       
9.338753e+002       3.664071e-001       
9.396046e+002       3.698787e-001       
9.453339e+002       3.691555e-001       
9.510632e+002       3.647436e-001       
9.567925e+002       3.602593e-001       
9.625219e+002       3.532436e-001       
9.682512e+002       3.434072e-001       
9.739805e+002       3.346556e-001       
9.797098e+002       3.212752e-001       
9.854391e+002       3.075331e-001       
9.911684e+002       2.945143e-001       
9.968977e+002       2.775176e-001       
1.002627e+003       2.631969e-001       
1.008356e+003       2.448982e-001       
1.014086e+003       2.290587e-001       
1.019815e+003       2.146657e-001       
1.025544e+003       1.970903e-001       
1.031273e+003       1.846501e-001       
1.037003e+003       1.698954e-001       
1.042732e+003       1.589018e-001       
1.048461e+003       1.474018e-001       
1.054190e+003       1.375654e-001       
1.059920e+003       1.312006e-001       
1.065649e+003       1.263547e-001       
1.071378e+003       1.222321e-001       
1.077107e+003       1.225938e-001       
1.082837e+003       1.236063e-001       
1.088566e+003       1.266440e-001       
1.094295e+003       1.306943e-001       
1.100024e+003       1.359742e-001       
1.105754e+003       1.454490e-001       
1.111483e+003       1.534773e-001       
1.117212e+003       1.634583e-001       
1.122941e+003       1.766218e-001       
1.128671e+003       1.889173e-001       
1.134400e+003       2.026594e-001       
1.140129e+003       2.193669e-001       
1.145858e+003       2.347001e-001       
1.151588e+003       2.479359e-001       
1.157317e+003       2.635585e-001       
1.163046e+003       2.792534e-001       
1.168775e+003       2.925615e-001       
1.174505e+003       3.055803e-001       
1.180234e+003       3.191777e-001       
1.185963e+003       3.318349e-001       
1.191692e+003       3.404418e-001       
1.197422e+003       3.494826e-001       
1.203151e+003       3.578002e-001       
1.208880e+003       3.630800e-001       
1.214609e+003       3.684322e-001       
1.220339e+003       3.731335e-001       
1.226068e+003       3.729165e-001       
1.231797e+003       3.725548e-001       
1.237526e+003       3.708913e-001       
1.243256e+003       3.691555e-001       
1.248985e+003       3.646712e-001       
1.254714e+003       3.586681e-001       
1.260443e+003       3.502059e-001       
1.266173e+003       3.438411e-001       
1.271902e+003       3.327751e-001       
1.277631e+003       3.206966e-001       
1.283360e+003       3.114388e-001       
1.289090e+003       2.978413e-001       
1.294819e+003       2.850395e-001       
1.300548e+003       2.710081e-001       
1.306277e+003       2.590019e-001       
1.312007e+003       2.427284e-001       
1.317736e+003       2.284800e-001       
1.323465e+003       2.161122e-001       
1.329194e+003       2.016468e-001       
1.334924e+003       1.876155e-001       
1.340653e+003       1.765495e-001       
1.346382e+003       1.654835e-001       
1.352111e+003       1.544175e-001       
1.357841e+003       1.477634e-001       
1.363570e+003       1.390842e-001       
1.369299e+003       1.332258e-001       
1.375028e+003       1.311283e-001       
1.380758e+003       1.278736e-001       
1.386487e+003       1.257761e-001       
1.392216e+003       1.275843e-001       
1.397945e+003       1.296818e-001       
1.403675e+003       1.335874e-001       
1.409404e+003       1.387949e-001       
1.415133e+003       1.463169e-001       
1.420862e+003       1.544898e-001       
1.426592e+003       1.620841e-001       
1.432321e+003       1.750306e-001       
1.438050e+003       1.868922e-001       
1.443779e+003       1.978135e-001       
1.449509e+003       2.106154e-001       
1.455238e+003       2.263102e-001       
1.460967e+003       2.400523e-001       
1.466696e+003       2.540114e-001       
1.472426e+003       2.689107e-001       
1.478155e+003       2.842439e-001       
1.483884e+003       2.951653e-001       
1.489613e+003       3.137532e-001       
1.495343e+003       3.240236e-001       
1.501072e+003       3.375487e-001       
1.506801e+003       3.467342e-001       
1.512530e+003       3.541839e-001       
1.518260e+003       3.634417e-001       
1.523989e+003       3.695894e-001       
1.529718e+003       3.693725e-001       
1.535447e+003       3.708190e-001       
1.541177e+003       3.713976e-001       
1.546906e+003       3.673473e-001       
1.552635e+003       3.622845e-001       
1.558364e+003       3.549071e-001       
1.564094e+003       3.485424e-001       
1.569823e+003       3.372594e-001       
1.575552e+003       3.265550e-001       
1.581281e+003       3.154891e-001       
1.587010e+003       3.033382e-001       
1.592740e+003       2.908257e-001       
1.598469e+003       2.773006e-001       
1.604198e+003       2.647157e-001       
1.609927e+003       2.495271e-001       
1.615657e+003       2.370146e-001       
1.621386e+003       2.242128e-001       
1.627115e+003       2.130745e-001       
1.632844e+003       2.015745e-001       
1.638574e+003       1.920274e-001       
1.644303e+003       1.811784e-001       
1.650032e+003       1.739457e-001       
1.655761e+003       1.666407e-001       
1.661491e+003       1.606376e-001       
1.667220e+003       1.557917e-001       
1.672949e+003       1.535496e-001       
1.678678e+003       1.497163e-001       
1.684408e+003       1.462446e-001       
1.690137e+003       1.482697e-001       
1.695866e+003       1.486314e-001       
1.701595e+003       1.448704e-001       
1.707325e+003       1.333704e-001       
1.713054e+003       2.203795e-001       
1.718783e+003       4.420608e-001       
1.724512e+003       6.654780e-001       
1.730242e+003       8.910649e-001       
1.735971e+003       1.106960e+000       
1.741700e+003       1.328714e+000       
1.747429e+003       1.549455e+000       
1.753159e+003       1.762891e+000       
1.758888e+003       1.976906e+000       
1.764617e+003       2.179131e+000       
1.770346e+003       2.345049e+000       
1.776076e+003       2.369784e+000       
1.781805e+003       2.369784e+000       
1.787534e+003       2.369784e+000       
1.793263e+003       2.369784e+000       
1.798993e+003       2.369784e+000       
1.804722e+003       2.369784e+000       
1.810451e+003       2.369784e+000       
1.816180e+003       2.369784e+000       
1.821910e+003       2.369784e+000       
1.827639e+003       2.369784e+000       
1.833368e+003       2.369784e+000       
1.839097e+003       2.369784e+000       
1.844827e+003       2.369784e+000       
1.850556e+003       2.369784e+000       
1.856285e+003       2.369784e+000       
1.862014e+003       2.369784e+000       
1.867744e+003       2.369784e+000       
1.873473e+003       2.369784e+000       
1.879202e+003       2.369784e+000       
1.884931e+003       2.369784e+000       
1.890661e+003       2.369784e+000       
1.896390e+003       2.369784e+000       
1.902119e+003       2.369784e+000       
1.907848e+003       2.369784e+000       
1.913578e+003       2.369784e+000       
1.919307e+003       2.369784e+000       
1.925036e+003       2.369784e+000       
1.930765e+003       2.369784e+000       
1.936495e+003       2.369784e+000       
1.942224e+003       2.369784e+000       
1.947953e+003       2.369784e+000       
1.953682e+003       2.369784e+000       
1.959412e+003       2.369784e+000       
1.965141e+003       2.369784e+000       
1.970870e+003       2.369784e+000       
1.976599e+003       2.369784e+000       
1.982329e+003       2.369784e+000       
1.988058e+003       2.369784e+000       
1.993787e+003       2.369784e+000       
1.999516e+003       2.369784e+000       
2.005246e+003       2.369784e+000       
2.010975e+003       2.369784e+000       
2.016704e+003       2.369784e+000       
2.022433e+003       2.369784e+000       
2.028163e+003       2.369784e+000       
2.033892e+003       2.369784e+000       
2.039621e+003       2.369784e+000       
2.045350e+003       2.369784e+000       
2.051080e+003       2.369784e+000       
2.056809e+003       2.369784e+000       
2.062538e+003       2.369784e+000       
2.068267e+003       2.369784e+000       
2.073997e+003       2.369784e+000       
2.079726e+003       2.369784e+000       
2.085455e+003       2.369784e+000       
2.091184e+003       2.369784e+000       
2.096914e+003       2.369784e+000       
2.102643e+003       2.369784e+000       
2.108372e+003       2.369784e+000       
2.114101e+003       2.369784e+000       
2.119831e+003       2.369784e+000       
2.125560e+003       2.369784e+000       
2.131289e+003       2.369784e+000       
2.137018e+003       2.369784e+000       
2.142748e+003       2.369784e+000       
2.148477e+003       2.369784e+000       
2.154206e+003       2.369784e+000       
2.159935e+003       2.369784e+000       
2.165665e+003       2.369784e+000       
2.171394e+003       2.369784e+000       
2.177123e+003       2.369784e+000       
2.182852e+003       2.369784e+000       
2.188582e+003       2.369784e+000       
2.194311e+003       2.369784e+000       
2.200040e+003       2.369784e+000       
2.205769e+003       2.369784e+000       
2.211499e+003       2.369784e+000       
2.217228e+003       2.369784e+000       
2.222957e+003       2.369784e+000       
2.228686e+003       2.369784e+000       
2.234416e+003       2.369784e+000       
2.240145e+003       2.369784e+000       
2.245874e+003       2.369784e+000       
2.251603e+003       2.369784e+000       
2.257333e+003       2.369784e+000       
2.263062e+003       2.369784e+000       
2.268791e+003       2.369784e+000       
2.274520e+003       2.369784e+000       
2.280250e+003       2.369784e+000       
2.285979e+003       2.369784e+000       
2.291708e+003       2.369784e+000       
2.297437e+003       2.369784e+000       
2.303167e+003       2.369784e+000       
2.308896e+003       2.369784e+000       
2.314625e+003       2.369784e+000       
2.320354e+003       2.369784e+000       
2.326083e+003       2.369784e+000       
2.331813e+003       2.369784e+000       
2.337542e+003       2.369784e+000       
2.343271e+003       2.369784e+000       
2.349000e+003       2.369784e+000       
2.354730e+003       2.369784e+000       
2.360459e+003       2.369784e+000       
2.366188e+003       2.369784e+000       
2.371917e+003       2.369784e+000       
2.377647e+003       2.369784e+000       
2.383376e+003       2.369784e+000       
2.389105e+003       2.369784e+000       
2.394834e+003       2.369784e+000       
2.400564e+003       2.369784e+000       
2.406293e+003       2.369784e+000       
2.412022e+003       2.369784e+000       
2.417751e+003       2.369784e+000       
2.423481e+003       2.369784e+000       
2.429210e+003       2.369784e+000       
2.434939e+003       2.369784e+000       
2.440668e+003       2.369784e+000       
2.446398e+003       2.369784e+000       
2.452127e+003       2.369784e+000       
2.457856e+003       2.369784e+000       
2.463585e+003       2.369784e+000       
2.469315e+003       2.369784e+000       
2.475044e+003       2.369784e+000       
2.480773e+003       2.369784e+000       
2.486502e+003       2.369784e+000       
2.492232e+003       2.369784e+000       
2.497961e+003       2.369784e+000       
2.503690e+003       2.369784e+000       
2.509419e+003       2.369784e+000       
2.515149e+003       2.369784e+000       
2.520878e+003       2.369784e+000       
2.526607e+003       2.369784e+000       
2.532336e+003       2.369784e+000       
2.538066e+003       2.369784e+000       
2.543795e+003       2.369784e+000       
2.549524e+003       2.369784e+000       
2.555253e+003       2.369784e+000       
2.560983e+003       2.369784e+000       
2.566712e+003       2.369784e+000       
2.572441e+003       2.369784e+000       
2.578170e+003       2.369784e+000       
2.583900e+003       2.369784e+000       
2.589629e+003       2.369784e+000       
2.595358e+003       2.369784e+000       
2.601087e+003       2.369784e+000       
2.606817e+003       2.369784e+000       
2.612546e+003       2.369784e+000       
2.618275e+003       2.369784e+000       
2.624004e+003       2.369784e+000       
2.629734e+003       2.369784e+000       
2.635463e+003       2.369784e+000       
2.641192e+003       2.369784e+000       
2.646921e+003       2.369784e+000       
2.652651e+003       2.369784e+000       
2.658380e+003       2.369784e+000       
2.664109e+003       2.369784e+000       
2.669838e+003       2.369784e+000       
2.675568e+003       2.369784e+000       
2.681297e+003       2.369784e+000       
2.687026e+003       2.369784e+000       
2.692755e+003       2.369784e+000       
2.698485e+003       2.369784e+000       
2.704214e+003       2.369784e+000       
2.709943e+003       2.369784e+000       
2.715672e+003       2.369784e+000       
2.721402e+003       2.369784e+000       
2.727131e+003       2.369784e+000       
2.732860e+003       2.369784e+000       
2.738589e+003       2.369784e+000       
2.744319e+003       2.369784e+000       
2.750048e+003       2.369784e+000       
2.755777e+003       2.369784e+000       
2.761506e+003       2.369784e+000       
2.767236e+003       2.369784e+000       
2.772965e+003       2.369784e+000       
2.778694e+003       2.369784e+000       
2.784423e+003       2.369784e+000       
2.790153e+003       2.369784e+000       
2.795882e+003       2.369784e+000       
2.801611e+003       2.369784e+000       
2.807340e+003       2.369784e+000       
2.813070e+003       2.369784e+000       
2.818799e+003       2.369784e+000       
2.824528e+003       2.369784e+000       
2.830257e+003       2.369784e+000       
2.835987e+003       2.369784e+000       
2.841716e+003       2.369784e+000       
2.847445e+003       2.369784e+000       
2.853174e+003       2.369784e+000       
2.858904e+003       2.369784e+000       
2.864633e+003       2.369784e+000       
2.870362e+003       2.369784e+000       
2.876091e+003       2.369784e+000       
2.881821e+003       2.369784e+000       
2.887550e+003       2.369784e+000       
2.893279e+003       2.369784e+000       
2.899008e+003       2.369784e+000       
2.904738e+003       2.369784e+000       
2.910467e+003       2.369784e+000       
2.916196e+003       2.369784e+000       
2.921925e+003       2.369784e+000       
2.927655e+003       2.369784e+000       

Retract Data
0.000000e+000       2.369784e+000       
5.729293e+000       2.369784e+000       
1.145859e+001       2.369784e+000       
1.718788e+001       2.369784e+000       
2.291717e+001       2.369784e+000       
2.864647e+001       2.369784e+000       
3.437576e+001       2.369784e+000       
4.010505e+001       2.369784e+000       
4.583435e+001       2.369784e+000       
5.156364e+001       2.369784e+000       
5.729293e+001       2.369784e+000       
6.302223e+001       2.369784e+000       
6.875152e+001       2.369784e+000       
7.448081e+001       2.369784e+000       
8.021011e+001       2.369784e+000       
8.593940e+001       2.369784e+000       
9.166869e+001       2.369784e+000       
9.739799e+001       2.369784e+000       
1.031273e+002       2.369784e+000       
1.088566e+002       2.369784e+000       
1.145859e+002       2.369784e+000       
1.203152e+002       2.369784e+000       
1.260445e+002       2.369784e+000       
1.317737e+002       2.369784e+000       
1.375030e+002       2.369784e+000       
1.432323e+002       2.369784e+000       
1.489616e+002       2.369784e+000       
1.546909e+002       2.369784e+000       
1.604202e+002       2.369784e+000       
1.661495e+002       2.369784e+000       
1.718788e+002       2.369784e+000       
1.776081e+002       2.369784e+000       
1.833374e+002       2.369784e+000       
1.890667e+002       2.369784e+000       
1.947960e+002       2.369784e+000       
2.005253e+002       2.369784e+000       
2.062546e+002       2.369784e+000       
2.119839e+002       2.369784e+000       
2.177132e+002       2.369784e+000       
2.234424e+002       2.369784e+000       
2.291717e+002       2.369784e+000       
2.349010e+002       2.369784e+000       
2.406303e+002       2.369784e+000       
2.463596e+002       2.369784e+000       
2.520889e+002       2.369784e+000       
2.578182e+002       2.369784e+000       
2.635475e+002       2.369784e+000       
2.692768e+002       2.369784e+000       
2.750060e+002       2.369784e+000       
2.807353e+002       2.369784e+000       
2.864646e+002       2.369784e+000       
2.921939e+002       2.369784e+000       
2.979232e+002       2.369784e+000       
3.036524e+002       2.369784e+000       
3.093817e+002       2.369784e+000       
3.151110e+002       2.369784e+000       
3.208403e+002       2.369784e+000       
3.265695e+002       2.369784e+000       
3.322988e+002       2.369784e+000       
3.380281e+002       2.369784e+000       
3.437574e+002       2.369784e+000       
3.494867e+002       2.369784e+000       
3.552159e+002       2.369784e+000       
3.609452e+002       2.369784e+000       
3.666745e+002       2.369784e+000       
3.724038e+002       2.369784e+000       
3.781331e+002       2.369784e+000       
3.838623e+002       2.369784e+000       
3.895916e+002       2.369784e+000       
3.953209e+002       2.369784e+000       
4.010502e+002       2.369784e+000       
4.067794e+002       2.369784e+000       
4.125087e+002       2.369784e+000       
4.182380e+002       2.369784e+000       
4.239673e+002       2.369784e+000       
4.296966e+002       2.369784e+000       
4.354258e+002       2.369784e+000       
4.411551e+002       2.369784e+000       
4.468844e+002       2.369784e+000       
4.526137e+002       2.369784e+000       
4.583430e+002       2.369784e+000       
4.640722e+002       2.369784e+000       
4.698015e+002       2.369784e+000       
4.755308e+002       2.369784e+000       
4.812601e+002       2.369784e+000       
4.869893e+002       2.369784e+000       
4.927186e+002       2.369784e+000       
4.984479e+002       2.369784e+000       
5.041772e+002       2.369784e+000       
5.099065e+002       2.369784e+000       
5.156357e+002       2.369784e+000       
5.213651e+002       2.369784e+000       
5.270944e+002       2.369784e+000       
5.328237e+002       2.369784e+000       
5.385530e+002       2.369784e+000       
5.442823e+002       2.369784e+000       
5.500116e+002       2.369784e+000       
5.557409e+002       2.369784e+000       
5.614702e+002       2.369784e+000       
5.671995e+002       2.369784e+000       
5.729288e+002       2.369784e+000       
5.786581e+002       2.369784e+000       
5.843875e+002       2.369784e+000       
5.901168e+002       2.369784e+000       
5.958461e+002       2.369784e+000       
6.015754e+002       2.369784e+000       
6.073047e+002       2.369784e+000       
6.130340e+002       2.369784e+000       
6.187633e+002       2.369784e+000       
6.244926e+002       2.369784e+000       
6.302219e+002       2.369784e+000       
6.359512e+002       2.369784e+000       
6.416805e+002       2.369784e+000       
6.474099e+002       2.369784e+000       
6.531392e+002       2.369784e+000       
6.588685e+002       2.369784e+000       
6.645978e+002       2.369784e+000       
6.703271e+002       2.369784e+000       
6.760564e+002       2.369784e+000       
6.817857e+002       2.369784e+000       
6.875150e+002       2.369784e+000       
6.932443e+002       2.369784e+000       
6.989736e+002       2.369784e+000       
7.047029e+002       2.369784e+000       
7.104323e+002       2.369784e+000       
7.161616e+002       2.369784e+000       
7.218909e+002       2.369784e+000       
7.276202e+002       2.369784e+000       
7.333495e+002       2.369784e+000       
7.390788e+002       2.369784e+000       
7.448081e+002       2.369784e+000       
7.505374e+002       2.369784e+000       
7.562667e+002       2.369784e+000       
7.619960e+002       2.369784e+000       
7.677253e+002       2.369784e+000       
7.734547e+002       2.369784e+000       
7.791840e+002       2.369784e+000       
7.849133e+002       2.369784e+000       
7.906426e+002       2.369784e+000       
7.963719e+002       2.369784e+000       
8.021012e+002       2.369784e+000       
8.078305e+002       2.369784e+000       
8.135598e+002       2.369784e+000       
8.192891e+002       2.369784e+000       
8.250184e+002       2.369784e+000       
8.307477e+002       2.369784e+000       
8.364771e+002       2.369784e+000       
8.422064e+002       2.369784e+000       
8.479357e+002       2.369784e+000       
8.536650e+002       2.369784e+000       
8.593943e+002       2.369784e+000       
8.651236e+002       2.369784e+000       
8.708529e+002       2.369784e+000       
8.765822e+002       2.369784e+000       
8.823115e+002       2.369784e+000       
8.880408e+002       2.369784e+000       
8.937701e+002       2.369784e+000       
8.994995e+002       2.369784e+000       
9.052288e+002       2.369784e+000       
9.109581e+002       2.369784e+000       
9.166874e+002       2.369784e+000       
9.224167e+002       2.369784e+000       
9.281460e+002       2.369784e+000       
9.338753e+002       2.369784e+000       
9.396046e+002       2.369784e+000       
9.453339e+002       2.369784e+000       
9.510632e+002       2.369784e+000       
9.567925e+002       2.369784e+000       
9.625219e+002       2.369784e+000       
9.682512e+002       2.369784e+000       
9.739805e+002       2.369784e+000       
9.797098e+002       2.369784e+000       
9.854391e+002       2.369784e+000       
9.911684e+002       2.369784e+000       
9.968977e+002       2.369784e+000       
1.002627e+003       2.369784e+000       
1.008356e+003       2.369784e+000       
1.014086e+003       2.369784e+000       
1.019815e+003       2.369784e+000       
1.025544e+003       2.369784e+000       
1.031273e+003       2.369784e+000       
1.037003e+003       2.369784e+000       
1.042732e+003       2.369784e+000       
1.048461e+003       2.369784e+000       
1.054190e+003       2.369784e+000       
1.059920e+003       2.369784e+000       
1.065649e+003       2.369784e+000       
1.071378e+003       2.369784e+000       
1.077107e+003       2.369784e+000       
1.082837e+003       2.369784e+000       
1.088566e+003       2.369784e+000       
1.094295e+003       2.369784e+000       
1.100024e+003       2.369784e+000       
1.105754e+003       2.369784e+000       
1.111483e+003       2.369784e+000       
1.117212e+003       2.369784e+000       
1.122941e+003       2.369784e+000       
1.128671e+003       2.369784e+000       
1.134400e+003       2.369784e+000       
1.140129e+003       2.369784e+000       
1.145858e+003       2.369784e+000       
1.151588e+003       2.369784e+000       
1.157317e+003       2.369784e+000       
1.163046e+003       2.369784e+000       
1.168775e+003       2.369784e+000       
1.174505e+003       2.369784e+000       
1.180234e+003       2.369784e+000       
1.185963e+003       2.369784e+000       
1.191692e+003       2.369784e+000       
1.197422e+003       2.369784e+000       
1.203151e+003       2.369133e+000       
1.208880e+003       2.265996e+000       
1.214609e+003       2.045399e+000       
1.220339e+003       1.839051e+000       
1.226068e+003       1.636464e+000       
1.231797e+003       1.438433e+000       
1.237526e+003       1.232519e+000       
1.243256e+003       1.027762e+000       
1.248985e+003       8.180873e-001       
1.254714e+003       6.131858e-001       
1.260443e+003       4.041616e-001       
1.266173e+003       1.987538e-001       
1.271902e+003       2.820741e-003       
1.277631e+003       -2.046846e-001      
1.283360e+003       -4.148659e-001      
1.289090e+003       -6.278681e-001      
1.294819e+003       -8.354457e-001      
1.300548e+003       -9.117504e-001      
1.306277e+003       1.356849e-001       
1.312007e+003       1.445811e-001       
1.317736e+003       1.272227e-001       
1.323465e+003       8.787694e-002       
1.329194e+003       1.698231e-001       
1.334924e+003       1.934739e-001       
1.340653e+003       2.037443e-001       
1.346382e+003       2.138700e-001       
1.352111e+003       2.257316e-001       
1.357841e+003       2.358574e-001       
1.363570e+003       2.507567e-001       
1.369299e+003       2.631245e-001       
1.375028e+003       2.762157e-001       
1.380758e+003       2.893068e-001       
1.386487e+003       2.997942e-001       
1.392216e+003       3.125960e-001       
1.397945e+003       3.238790e-001       
1.403675e+003       3.355236e-001       
1.409404e+003       3.466619e-001       
1.415133e+003       3.548348e-001       
1.420862e+003       3.629354e-001       
1.426592e+003       3.687215e-001       
1.432321e+003       3.724102e-001       
1.438050e+003       3.732058e-001       
1.443779e+003       3.731335e-001       
1.449509e+003       3.722655e-001       
1.455238e+003       3.682152e-001       
1.460967e+003       3.626461e-001       
1.466696e+003       3.554857e-001       
1.472426e+003       3.455046e-001       
1.478155e+003       3.339324e-001       
1.483884e+003       3.235173e-001       
1.489613e+003       3.119451e-001       
1.495343e+003       2.959608e-001       
1.501072e+003       2.822911e-001       
1.506801e+003       2.669578e-001       
1.512530e+003       2.545176e-001       
1.518260e+003       2.362913e-001       
1.523989e+003       2.240681e-001       
1.529718e+003       2.082286e-001       
1.535447e+003       1.962223e-001       
1.541177e+003       1.847224e-001       
1.546906e+003       1.735841e-001       
1.552635e+003       1.607099e-001       
1.558364e+003       1.526817e-001       
1.564094e+003       1.451597e-001       
1.569823e+003       1.393012e-001       
1.575552e+003       1.338767e-001       
1.581281e+003       1.306220e-001       
1.587010e+003       1.286692e-001       
1.592740e+003       1.292478e-001       
1.598469e+003       1.286692e-001       
1.604198e+003       1.319962e-001       
1.609927e+003       1.374931e-001       
1.615657e+003       1.419773e-001       
1.621386e+003       1.500779e-001       
1.627115e+003       1.571659e-001       
1.632844e+003       1.679426e-001       
1.638574e+003       1.782853e-001       
1.644303e+003       1.904362e-001       
1.650032e+003       2.015745e-001       
1.655761e+003       2.149550e-001       
1.661491e+003       2.291310e-001       
1.667220e+003       2.429454e-001       
1.672949e+003       2.537221e-001       
1.678678e+003       2.700679e-001       
1.684408e+003       2.833037e-001       
1.690137e+003       2.967564e-001       
1.695866e+003       3.082564e-001       
1.701595e+003       3.206243e-001       
1.707325e+003       3.319072e-001       
1.713054e+003       3.399355e-001       
1.718783e+003       3.482531e-001       
1.724512e+003       3.548348e-001       
1.730242e+003       3.606209e-001       
1.735971e+003       3.673473e-001       
1.741700e+003       3.700957e-001       
1.747429e+003       3.742907e-001       
1.753159e+003       3.737121e-001       
1.758888e+003       3.695171e-001       
1.764617e+003       3.694448e-001       
1.770346e+003       3.644542e-001       
1.776076e+003       3.581618e-001       
1.781805e+003       3.519417e-001       
1.787534e+003       3.442751e-001       
1.793263e+003       3.347280e-001       
1.798993e+003       3.253255e-001       
1.804722e+003       3.118727e-001       
1.810451e+003       2.984923e-001       
1.816180e+003       2.823634e-001       
1.821910e+003       2.692000e-001       
1.827639e+003       2.553132e-001       
1.833368e+003       2.394737e-001       
1.839097e+003       2.267442e-001       
1.844827e+003       2.112663e-001       
1.850556e+003       1.978135e-001       
1.856285e+003       1.831312e-001       
1.862014e+003       1.707633e-001       
1.867744e+003       1.618672e-001       
1.873473e+003       1.512351e-001       
1.879202e+003       1.427006e-001       
1.884931e+003       1.366251e-001       
1.890661e+003       1.305497e-001       
1.896390e+003       1.262101e-001       
1.902119e+003       1.264271e-001       
1.907848e+003       1.251252e-001       
1.913578e+003       1.274396e-001       
1.919307e+003       1.309837e-001       
1.925036e+003       1.353233e-001       
1.930765e+003       1.440025e-001       
1.936495e+003       1.510182e-001       
1.942224e+003       1.619395e-001       
1.947953e+003       1.754646e-001       
1.953682e+003       1.892066e-001       
1.959412e+003       2.016468e-001       
1.965141e+003       2.187883e-001       
1.970870e+003       2.353511e-001       
1.976599e+003       2.519139e-001       
1.982329e+003       2.689830e-001       
1.988058e+003       2.833037e-001       
1.993787e+003       2.977690e-001       
1.999516e+003       3.141149e-001       
2.005246e+003       3.253255e-001       
2.010975e+003       3.355236e-001       
2.016704e+003       3.462279e-001       
2.022433e+003       3.568600e-001       
2.028163e+003       3.601870e-001       
2.033892e+003       3.654668e-001       
2.039621e+003       3.651052e-001       
2.045350e+003       3.654668e-001       
2.051080e+003       3.631524e-001       
2.056809e+003       3.570046e-001       
2.062538e+003       3.530990e-001       
2.068267e+003       3.468789e-001       
2.073997e+003       3.386336e-001       
2.079726e+003       3.299544e-001       
2.085455e+003       3.211305e-001       
2.091184e+003       3.120897e-001       
2.096914e+003       3.001558e-001       
2.102643e+003       2.896684e-001       
2.108372e+003       2.762880e-001       
2.114101e+003       2.665962e-001       
2.119831e+003       2.557472e-001       
2.125560e+003       2.435240e-001       
2.131289e+003       2.342662e-001       
2.137018e+003       2.232725e-001       
2.142748e+003       2.127852e-001       
2.148477e+003       2.017192e-001       
2.154206e+003       1.920997e-001       
2.159935e+003       1.813230e-001       
2.165665e+003       1.733671e-001       
2.171394e+003       1.636753e-001       
2.177123e+003       1.584678e-001       
2.182852e+003       1.542005e-001       
2.188582e+003       1.526093e-001       
2.194311e+003       1.501502e-001       
2.200040e+003       1.467509e-001       
2.205769e+003       1.508012e-001       
2.211499e+003       1.507288e-001       
2.217228e+003       1.568766e-001       
2.222957e+003       1.618672e-001       
2.228686e+003       1.683766e-001       
2.234416e+003       1.779960e-001       
2.240145e+003       1.866029e-001       
2.245874e+003       1.990431e-001       
2.251603e+003       2.104707e-001       
2.257333e+003       2.238511e-001       
2.263062e+003       2.387504e-001       
2.268791e+003       2.503950e-001       
2.274520e+003       2.655836e-001       
2.280250e+003       2.806276e-001       
2.285979e+003       2.969734e-001       
2.291708e+003       3.109325e-001       
2.297437e+003       3.244576e-001       
2.303167e+003       3.381996e-001       
2.308896e+003       3.501336e-001       
2.314625e+003       3.600423e-001       
2.320354e+003       3.657561e-001       
2.326083e+003       3.700234e-001       
2.331813e+003       3.730611e-001       
2.337542e+003       3.722655e-001       
2.343271e+003       3.671303e-001       
2.349000e+003       3.635863e-001       
2.354730e+003       3.565706e-001       
2.360459e+003       3.469512e-001       
2.366188e+003       3.346556e-001       
2.371917e+003       3.256148e-001       
2.377647e+003       3.107878e-001       
2.383376e+003       2.963225e-001       
2.389105e+003       2.806276e-001       
2.394834e+003       2.661622e-001       
2.400564e+003       2.503227e-001       
2.406293e+003       2.358574e-001       
2.412022e+003       2.226939e-001       
2.417751e+003       2.110493e-001       
2.423481e+003       1.986814e-001       
2.429210e+003       1.847947e-001       
2.434939e+003       1.753923e-001       
2.440668e+003       1.671470e-001       
2.446398e+003       1.569489e-001       
2.452127e+003       1.484144e-001       
2.457856e+003       1.434238e-001       
2.463585e+003       1.372038e-001       
2.469315e+003       1.327918e-001       
2.475044e+003       1.306220e-001       
2.480773e+003       1.323579e-001       
2.486502e+003       1.330811e-001       
2.492232e+003       1.348170e-001       
2.497961e+003       1.413987e-001       
2.503690e+003       1.471848e-001       
2.509419e+003       1.586848e-001       
2.515149e+003       1.684489e-001       
2.520878e+003       1.800935e-001       
2.526607e+003       1.931123e-001       
2.532336e+003       2.085179e-001       
2.538066e+003       2.228386e-001       
2.543795e+003       2.402693e-001       
2.549524e+003       2.561089e-001       
2.555253e+003       2.712975e-001       
2.560983e+003       2.882219e-001       
2.566712e+003       3.042061e-001       
2.572441e+003       3.194670e-001       
2.578170e+003       3.332814e-001       
2.583900e+003       3.457940e-001       
2.589629e+003       3.554134e-001       
2.595358e+003       3.649605e-001       
2.601087e+003       3.727718e-001       
2.606817e+003       3.781963e-001       
2.612546e+003       3.785580e-001       
2.618275e+003       3.810171e-001       
2.624004e+003       3.774007e-001       
2.629734e+003       3.733504e-001       
2.635463e+003       3.674920e-001       
2.641192e+003       3.564260e-001       
2.646921e+003       3.465895e-001       
2.652651e+003       3.361022e-001       
2.658380e+003       3.222154e-001       
2.664109e+003       3.093413e-001       
2.669838e+003       2.930678e-001       
2.675568e+003       2.759264e-001       
2.681297e+003       2.603761e-001       
2.687026e+003       2.444642e-001       
2.692755e+003       2.297096e-001       
2.698485e+003       2.144487e-001       
2.704214e+003       2.012852e-001       
2.709943e+003       1.854457e-001       
2.715672e+003       1.730778e-001       
2.721402e+003       1.638200e-001       
2.727131e+003       1.561534e-001       
2.732860e+003       1.459553e-001       
2.738589e+003       1.405308e-001       
2.744319e+003       1.359019e-001       
2.750048e+003       1.309113e-001       
2.755777e+003       1.283799e-001       
2.761506e+003       1.245466e-001       
2.767236e+003       1.259931e-001       
2.772965e+003       1.301881e-001       
2.778694e+003       1.340937e-001       
2.784423e+003       1.425559e-001       
2.790153e+003       1.507288e-001       
2.795882e+003       1.635307e-001       
2.801611e+003       1.750306e-001       
2.807340e+003       1.899299e-001       
2.813070e+003       2.051909e-001       
2.818799e+003       2.206688e-001       
2.824528e+003       2.373039e-001       
2.830257e+003       2.526372e-001       
2.835987e+003       2.700679e-001       
2.841716e+003       2.866307e-001       
2.847445e+003       3.008791e-001       
2.853174e+003       3.178035e-001       
2.858904e+003       3.297374e-001       
2.864633e+003       3.422500e-001       
2.870362e+003       3.519417e-001       
2.876091e+003       3.600423e-001       
2.881821e+003       3.640926e-001       
2.887550e+003       3.686492e-001       
2.893279e+003       3.676366e-001       
2.899008e+003       3.692278e-001       
2.904738e+003       3.635863e-001       
2.910467e+003       3.610549e-001       
2.916196e+003       3.521587e-001       
2.921925e+003       3.452154e-001       
2.927655e+003       3.316179e-001       
