Calculated Z (nm)   Deflection (V)      
Extend Data
0.000000e+000       3.270613e-001       
5.729293e+000       3.339324e-001       
1.145859e+001       3.414544e-001       
1.718788e+001       3.515078e-001       
2.291717e+001       3.586681e-001       
2.864647e+001       3.625737e-001       
3.437576e+001       3.682152e-001       
4.010505e+001       3.685045e-001       
4.583435e+001       3.710360e-001       
5.156364e+001       3.703127e-001       
5.729293e+001       3.669133e-001       
6.302223e+001       3.631524e-001       
6.875152e+001       3.585958e-001       
7.448081e+001       3.525203e-001       
8.021011e+001       3.432625e-001       
8.593940e+001       3.324859e-001       
9.166869e+001       3.218538e-001       
9.739799e+001       3.106432e-001       
1.031273e+002       2.974074e-001       
1.088566e+002       2.834483e-001       
1.145859e+002       2.673918e-001       
1.203152e+002       2.530711e-001       
1.260445e+002       2.380995e-001       
1.317737e+002       2.248637e-001       
1.375030e+002       2.105430e-001       
1.432323e+002       1.965840e-001       
1.489616e+002       1.829142e-001       
1.546909e+002       1.705464e-001       
1.604202e+002       1.607822e-001       
1.661495e+002       1.512351e-001       
1.718788e+002       1.450150e-001       
1.776081e+002       1.399522e-001       
1.833374e+002       1.352509e-001       
1.890667e+002       1.326472e-001       
1.947960e+002       1.294648e-001       
2.005253e+002       1.314176e-001       
2.062546e+002       1.330088e-001       
2.119839e+002       1.363358e-001       
2.177132e+002       1.386503e-001       
2.234424e+002       1.451597e-001       
2.291717e+002       1.493546e-001       
2.349010e+002       1.608546e-001       
2.406303e+002       1.685935e-001       
2.463596e+002       1.799488e-001       
2.520889e+002       1.903639e-001       
2.578182e+002       2.013575e-001       
2.635475e+002       2.154612e-001       
2.692768e+002       2.265996e-001       
2.750060e+002       2.422944e-001       
2.807353e+002       2.563981e-001       
2.864646e+002       2.735396e-001       
2.921939e+002       2.888728e-001       
2.979232e+002       3.018193e-001       
3.036524e+002       3.162123e-001       
3.093817e+002       3.287249e-001       
3.151110e+002       3.421053e-001       
3.208403e+002       3.519417e-001       
3.265695e+002       3.623568e-001       
3.322988e+002       3.713976e-001       
3.380281e+002       3.772561e-001       
3.437574e+002       3.798598e-001       
3.494867e+002       3.833315e-001       
3.552159e+002       3.849950e-001       
3.609452e+002       3.825359e-001       
3.666745e+002       3.794982e-001       
3.724038e+002       3.723378e-001       
3.781331e+002       3.657561e-001       
3.838623e+002       3.564983e-001       
3.895916e+002       3.457940e-001       
3.953209e+002       3.332091e-001       
4.010502e+002       3.196840e-001       
4.067794e+002       3.047124e-001       
4.125087e+002       2.907533e-001       
4.182380e+002       2.742628e-001       
4.239673e+002       2.583510e-001       
4.296966e+002       2.413542e-001       
4.354258e+002       2.271782e-001       
4.411551e+002       2.111216e-001       
4.468844e+002       1.986814e-001       
4.526137e+002       1.832759e-001       
4.583430e+002       1.721375e-001       
4.640722e+002       1.645432e-001       
4.698015e+002       1.531156e-001       
4.755308e+002       1.477634e-001       
4.812601e+002       1.397352e-001       
4.869893e+002       1.377824e-001       
4.927186e+002       1.317069e-001       
4.984479e+002       1.317069e-001       
5.041772e+002       1.335151e-001       
5.099065e+002       1.356849e-001       
5.156357e+002       1.404584e-001       
5.213651e+002       1.446534e-001       
5.270944e+002       1.531156e-001       
5.328237e+002       1.610716e-001       
5.385530e+002       1.695338e-001       
5.442823e+002       1.809614e-001       
5.500116e+002       1.913764e-001       
5.557409e+002       2.026594e-001       
5.614702e+002       2.140870e-001       
5.671995e+002       2.265996e-001       
5.729288e+002       2.416435e-001       
5.786581e+002       2.558195e-001       
5.843875e+002       2.714421e-001       
5.901168e+002       2.850395e-001       
5.958461e+002       2.987093e-001       
6.015754e+002       3.114388e-001       
6.073047e+002       3.251809e-001       
6.130340e+002       3.357405e-001       
6.187633e+002       3.464449e-001       
6.244926e+002       3.587404e-001       
6.302219e+002       3.634417e-001       
6.359512e+002       3.703127e-001       
6.416805e+002       3.738567e-001       
6.474099e+002       3.759542e-001       
6.531392e+002       3.721209e-001       
6.588685e+002       3.685769e-001       
6.645978e+002       3.625737e-001       
6.703271e+002       3.551964e-001       
6.760564e+002       3.442028e-001       
6.817857e+002       3.319072e-001       
6.875150e+002       3.195394e-001       
6.932443e+002       3.076778e-001       
6.989736e+002       2.940080e-001       
7.047029e+002       2.795427e-001       
7.104323e+002       2.636308e-001       
7.161616e+002       2.482976e-001       
7.218909e+002       2.345555e-001       
7.276202e+002       2.220430e-001       
7.333495e+002       2.107600e-001       
7.390788e+002       1.994047e-001       
7.448081e+002       1.872538e-001       
7.505374e+002       1.775620e-001       
7.562667e+002       1.687382e-001       
7.619960e+002       1.609992e-001       
7.677253e+002       1.553577e-001       
7.734547e+002       1.544175e-001       
7.791840e+002       1.515968e-001       
7.849133e+002       1.494270e-001       
7.906426e+002       1.503672e-001       
7.963719e+002       1.542729e-001       
8.021012e+002       1.560087e-001       
8.078305e+002       1.599867e-001       
8.135598e+002       1.693168e-001       
8.192891e+002       1.760432e-001       
8.250184e+002       1.835652e-001       
8.307477e+002       1.905809e-001       
8.364771e+002       1.993324e-001       
8.422064e+002       2.096028e-001       
8.479357e+002       2.186436e-001       
8.536650e+002       2.309391e-001       
8.593943e+002       2.435240e-001       
8.651236e+002       2.551686e-001       
8.708529e+002       2.667409e-001       
8.765822e+002       2.775176e-001       
8.823115e+002       2.904640e-001       
8.880408e+002       2.994325e-001       
8.937701e+002       3.129576e-001       
8.994995e+002       3.197563e-001       
9.052288e+002       3.325582e-001       
9.109581e+002       3.395015e-001       
9.166874e+002       3.479638e-001       
9.224167e+002       3.549071e-001       
9.281460e+002       3.619951e-001       
9.338753e+002       3.648159e-001       
9.396046e+002       3.679982e-001       
9.453339e+002       3.679259e-001       
9.510632e+002       3.648159e-001       
9.567925e+002       3.611995e-001       
9.625219e+002       3.580172e-001       
9.682512e+002       3.464449e-001       
9.739805e+002       3.378380e-001       
9.797098e+002       3.260488e-001       
9.854391e+002       3.128853e-001       
9.911684e+002       2.977690e-001       
9.968977e+002       2.812786e-001       
1.002627e+003       2.658006e-001       
1.008356e+003       2.494548e-001       
1.014086e+003       2.333259e-001       
1.019815e+003       2.162568e-001       
1.025544e+003       2.017192e-001       
1.031273e+003       1.873985e-001       
1.037003e+003       1.748860e-001       
1.042732e+003       1.633137e-001       
1.048461e+003       1.510182e-001       
1.054190e+003       1.434238e-001       
1.059920e+003       1.351063e-001       
1.065649e+003       1.305497e-001       
1.071378e+003       1.244019e-001       
1.077107e+003       1.264271e-001       
1.082837e+003       1.267164e-001       
1.088566e+003       1.283076e-001       
1.094295e+003       1.316346e-001       
1.100024e+003       1.361912e-001       
1.105754e+003       1.461723e-001       
1.111483e+003       1.539835e-001       
1.117212e+003       1.645432e-001       
1.122941e+003       1.752476e-001       
1.128671e+003       1.884834e-001       
1.134400e+003       2.005619e-001       
1.140129e+003       2.158229e-001       
1.145858e+003       2.301436e-001       
1.151588e+003       2.420051e-001       
1.157317e+003       2.579170e-001       
1.163046e+003       2.739012e-001       
1.168775e+003       2.863414e-001       
1.174505e+003       2.987816e-001       
1.180234e+003       3.106432e-001       
1.185963e+003       3.214199e-001       
1.191692e+003       3.334261e-001       
1.197422e+003       3.442028e-001       
1.203151e+003       3.523034e-001       
1.208880e+003       3.583788e-001       
1.214609e+003       3.659731e-001       
1.220339e+003       3.685769e-001       
1.226068e+003       3.698787e-001       
1.231797e+003       3.706743e-001       
1.237526e+003       3.714699e-001       
1.243256e+003       3.695171e-001       
1.248985e+003       3.669133e-001       
1.254714e+003       3.613442e-001       
1.260443e+003       3.551964e-001       
1.266173e+003       3.458663e-001       
1.271902e+003       3.363191e-001       
1.277631e+003       3.276400e-001       
1.283360e+003       3.154168e-001       
1.289090e+003       3.023979e-001       
1.294819e+003       2.895238e-001       
1.300548e+003       2.747691e-001       
1.306277e+003       2.608824e-001       
1.312007e+003       2.466341e-001       
1.317736e+003       2.318794e-001       
1.323465e+003       2.198732e-001       
1.329194e+003       2.067820e-001       
1.334924e+003       1.948481e-001       
1.340653e+003       1.815400e-001       
1.346382e+003       1.704740e-001       
1.352111e+003       1.594080e-001       
1.357841e+003       1.492100e-001       
1.363570e+003       1.423389e-001       
1.369299e+003       1.374207e-001       
1.375028e+003       1.367698e-001       
1.380758e+003       1.316346e-001       
1.386487e+003       1.297541e-001       
1.392216e+003       1.321409e-001       
1.397945e+003       1.328641e-001       
1.403675e+003       1.381440e-001       
1.409404e+003       1.396629e-001       
1.415133e+003       1.471125e-001       
1.420862e+003       1.547791e-001       
1.426592e+003       1.664961e-001       
1.432321e+003       1.765495e-001       
1.438050e+003       1.855903e-001       
1.443779e+003       1.999110e-001       
1.449509e+003       2.132914e-001       
1.455238e+003       2.277568e-001       
1.460967e+003       2.410649e-001       
1.466696e+003       2.561089e-001       
1.472426e+003       2.692000e-001       
1.478155e+003       2.854012e-001       
1.483884e+003       2.991432e-001       
1.489613e+003       3.131746e-001       
1.495343e+003       3.254701e-001       
1.501072e+003       3.360299e-001       
1.506801e+003       3.476021e-001       
1.512530e+003       3.572216e-001       
1.518260e+003       3.663347e-001       
1.523989e+003       3.689385e-001       
1.529718e+003       3.745077e-001       
1.535447e+003       3.737844e-001       
1.541177e+003       3.725548e-001       
1.546906e+003       3.716146e-001       
1.552635e+003       3.633693e-001       
1.558364e+003       3.591744e-001       
1.564094e+003       3.515801e-001       
1.569823e+003       3.435518e-001       
1.575552e+003       3.311840e-001       
1.581281e+003       3.217815e-001       
1.587010e+003       3.094859e-001       
1.592740e+003       2.956716e-001       
1.598469e+003       2.827251e-001       
1.604198e+003       2.707912e-001       
1.609927e+003       2.553132e-001       
1.615657e+003       2.437410e-001       
1.621386e+003       2.303605e-001       
1.627115e+003       2.192222e-001       
1.632844e+003       2.074330e-001       
1.638574e+003       1.973072e-001       
1.644303e+003       1.880494e-001       
1.650032e+003       1.785746e-001       
1.655761e+003       1.701124e-001       
1.661491e+003       1.643986e-001       
1.667220e+003       1.601313e-001       
1.672949e+003       1.573106e-001       
1.678678e+003       1.512351e-001       
1.684408e+003       1.510905e-001       
1.690137e+003       1.505842e-001       
1.695866e+003       1.502226e-001       
1.701595e+003       1.082731e-001       
1.707325e+003       1.137699e-001       
1.713054e+003       2.475743e-001       
1.718783e+003       3.787026e-001       
1.724512e+003       6.089185e-001       
1.730242e+003       8.295149e-001       
1.735971e+003       1.049677e+000       
1.741700e+003       1.265717e+000       
1.747429e+003       1.481179e+000       
1.753159e+003       1.699533e+000       
1.758888e+003       1.913981e+000       
1.764617e+003       2.132119e+000       
1.770346e+003       2.324869e+000       
1.776076e+003       2.369784e+000       
1.781805e+003       2.369784e+000       
1.787534e+003       2.369784e+000       
1.793263e+003       2.369784e+000       
1.798993e+003       2.369784e+000       
1.804722e+003       2.369784e+000       
1.810451e+003       2.369784e+000       
1.816180e+003       2.369784e+000       
1.821910e+003       2.369784e+000       
1.827639e+003       2.369784e+000       
1.833368e+003       2.369784e+000       
1.839097e+003       2.369784e+000       
1.844827e+003       2.369784e+000       
1.850556e+003       2.369784e+000       
1.856285e+003       2.369784e+000       
1.862014e+003       2.369784e+000       
1.867744e+003       2.369784e+000       
1.873473e+003       2.369784e+000       
1.879202e+003       2.369784e+000       
1.884931e+003       2.369784e+000       
1.890661e+003       2.369784e+000       
1.896390e+003       2.369784e+000       
1.902119e+003       2.369784e+000       
1.907848e+003       2.369784e+000       
1.913578e+003       2.369784e+000       
1.919307e+003       2.369784e+000       
1.925036e+003       2.369784e+000       
1.930765e+003       2.369784e+000       
1.936495e+003       2.369784e+000       
1.942224e+003       2.369784e+000       
1.947953e+003       2.369784e+000       
1.953682e+003       2.369784e+000       
1.959412e+003       2.369784e+000       
1.965141e+003       2.369784e+000       
1.970870e+003       2.369784e+000       
1.976599e+003       2.369784e+000       
1.982329e+003       2.369784e+000       
1.988058e+003       2.369784e+000       
1.993787e+003       2.369784e+000       
1.999516e+003       2.369784e+000       
2.005246e+003       2.369784e+000       
2.010975e+003       2.369784e+000       
2.016704e+003       2.369784e+000       
2.022433e+003       2.369784e+000       
2.028163e+003       2.369784e+000       
2.033892e+003       2.369784e+000       
2.039621e+003       2.369784e+000       
2.045350e+003       2.369784e+000       
2.051080e+003       2.369784e+000       
2.056809e+003       2.369784e+000       
2.062538e+003       2.369784e+000       
2.068267e+003       2.369784e+000       
2.073997e+003       2.369784e+000       
2.079726e+003       2.369784e+000       
2.085455e+003       2.369784e+000       
2.091184e+003       2.369784e+000       
2.096914e+003       2.369784e+000       
2.102643e+003       2.369784e+000       
2.108372e+003       2.369784e+000       
2.114101e+003       2.369784e+000       
2.119831e+003       2.369784e+000       
2.125560e+003       2.369784e+000       
2.131289e+003       2.369784e+000       
2.137018e+003       2.369784e+000       
2.142748e+003       2.369784e+000       
2.148477e+003       2.369784e+000       
2.154206e+003       2.369784e+000       
2.159935e+003       2.369784e+000       
2.165665e+003       2.369784e+000       
2.171394e+003       2.369784e+000       
2.177123e+003       2.369784e+000       
2.182852e+003       2.369784e+000       
2.188582e+003       2.369784e+000       
2.194311e+003       2.369784e+000       
2.200040e+003       2.369784e+000       
2.205769e+003       2.369784e+000       
2.211499e+003       2.369784e+000       
2.217228e+003       2.369784e+000       
2.222957e+003       2.369784e+000       
2.228686e+003       2.369784e+000       
2.234416e+003       2.369784e+000       
2.240145e+003       2.369784e+000       
2.245874e+003       2.369784e+000       
2.251603e+003       2.369784e+000       
2.257333e+003       2.369784e+000       
2.263062e+003       2.369784e+000       
2.268791e+003       2.369784e+000       
2.274520e+003       2.369784e+000       
2.280250e+003       2.369784e+000       
2.285979e+003       2.369784e+000       
2.291708e+003       2.369784e+000       
2.297437e+003       2.369784e+000       
2.303167e+003       2.369784e+000       
2.308896e+003       2.369784e+000       
2.314625e+003       2.369784e+000       
2.320354e+003       2.369784e+000       
2.326083e+003       2.369784e+000       
2.331813e+003       2.369784e+000       
2.337542e+003       2.369784e+000       
2.343271e+003       2.369784e+000       
2.349000e+003       2.369784e+000       
2.354730e+003       2.369784e+000       
2.360459e+003       2.369784e+000       
2.366188e+003       2.369784e+000       
2.371917e+003       2.369784e+000       
2.377647e+003       2.369784e+000       
2.383376e+003       2.369784e+000       
2.389105e+003       2.369784e+000       
2.394834e+003       2.369784e+000       
2.400564e+003       2.369784e+000       
2.406293e+003       2.369784e+000       
2.412022e+003       2.369784e+000       
2.417751e+003       2.369784e+000       
2.423481e+003       2.369784e+000       
2.429210e+003       2.369784e+000       
2.434939e+003       2.369784e+000       
2.440668e+003       2.369784e+000       
2.446398e+003       2.369784e+000       
2.452127e+003       2.369784e+000       
2.457856e+003       2.369784e+000       
2.463585e+003       2.369784e+000       
2.469315e+003       2.369784e+000       
2.475044e+003       2.369784e+000       
2.480773e+003       2.369784e+000       
2.486502e+003       2.369784e+000       
2.492232e+003       2.369784e+000       
2.497961e+003       2.369784e+000       
2.503690e+003       2.369784e+000       
2.509419e+003       2.369784e+000       
2.515149e+003       2.369784e+000       
2.520878e+003       2.369784e+000       
2.526607e+003       2.369784e+000       
2.532336e+003       2.369784e+000       
2.538066e+003       2.369784e+000       
2.543795e+003       2.369784e+000       
2.549524e+003       2.369784e+000       
2.555253e+003       2.369784e+000       
2.560983e+003       2.369784e+000       
2.566712e+003       2.369784e+000       
2.572441e+003       2.369784e+000       
2.578170e+003       2.369784e+000       
2.583900e+003       2.369784e+000       
2.589629e+003       2.369784e+000       
2.595358e+003       2.369784e+000       
2.601087e+003       2.369784e+000       
2.606817e+003       2.369784e+000       
2.612546e+003       2.369784e+000       
2.618275e+003       2.369784e+000       
2.624004e+003       2.369784e+000       
2.629734e+003       2.369784e+000       
2.635463e+003       2.369784e+000       
2.641192e+003       2.369784e+000       
2.646921e+003       2.369784e+000       
2.652651e+003       2.369784e+000       
2.658380e+003       2.369784e+000       
2.664109e+003       2.369784e+000       
2.669838e+003       2.369784e+000       
2.675568e+003       2.369784e+000       
2.681297e+003       2.369784e+000       
2.687026e+003       2.369784e+000       
2.692755e+003       2.369784e+000       
2.698485e+003       2.369784e+000       
2.704214e+003       2.369784e+000       
2.709943e+003       2.369784e+000       
2.715672e+003       2.369784e+000       
2.721402e+003       2.369784e+000       
2.727131e+003       2.369784e+000       
2.732860e+003       2.369784e+000       
2.738589e+003       2.369784e+000       
2.744319e+003       2.369784e+000       
2.750048e+003       2.369784e+000       
2.755777e+003       2.369784e+000       
2.761506e+003       2.369784e+000       
2.767236e+003       2.369784e+000       
2.772965e+003       2.369784e+000       
2.778694e+003       2.369784e+000       
2.784423e+003       2.369784e+000       
2.790153e+003       2.369784e+000       
2.795882e+003       2.369784e+000       
2.801611e+003       2.369784e+000       
2.807340e+003       2.369784e+000       
2.813070e+003       2.369784e+000       
2.818799e+003       2.369784e+000       
2.824528e+003       2.369784e+000       
2.830257e+003       2.369784e+000       
2.835987e+003       2.369784e+000       
2.841716e+003       2.369784e+000       
2.847445e+003       2.369784e+000       
2.853174e+003       2.369784e+000       
2.858904e+003       2.369784e+000       
2.864633e+003       2.369784e+000       
2.870362e+003       2.369784e+000       
2.876091e+003       2.369784e+000       
2.881821e+003       2.369784e+000       
2.887550e+003       2.369784e+000       
2.893279e+003       2.369784e+000       
2.899008e+003       2.369784e+000       
2.904738e+003       2.369784e+000       
2.910467e+003       2.369784e+000       
2.916196e+003       2.369784e+000       
2.921925e+003       2.369784e+000       
2.927655e+003       2.369784e+000       

Retract Data
0.000000e+000       2.369784e+000       
5.729293e+000       2.369784e+000       
1.145859e+001       2.369784e+000       
1.718788e+001       2.369784e+000       
2.291717e+001       2.369784e+000       
2.864647e+001       2.369784e+000       
3.437576e+001       2.369784e+000       
4.010505e+001       2.369784e+000       
4.583435e+001       2.369784e+000       
5.156364e+001       2.369784e+000       
5.729293e+001       2.369784e+000       
6.302223e+001       2.369784e+000       
6.875152e+001       2.369784e+000       
7.448081e+001       2.369784e+000       
8.021011e+001       2.369784e+000       
8.593940e+001       2.369784e+000       
9.166869e+001       2.369784e+000       
9.739799e+001       2.369784e+000       
1.031273e+002       2.369784e+000       
1.088566e+002       2.369784e+000       
1.145859e+002       2.369784e+000       
1.203152e+002       2.369784e+000       
1.260445e+002       2.369784e+000       
1.317737e+002       2.369784e+000       
1.375030e+002       2.369784e+000       
1.432323e+002       2.369784e+000       
1.489616e+002       2.369784e+000       
1.546909e+002       2.369784e+000       
1.604202e+002       2.369784e+000       
1.661495e+002       2.369784e+000       
1.718788e+002       2.369784e+000       
1.776081e+002       2.369784e+000       
1.833374e+002       2.369784e+000       
1.890667e+002       2.369784e+000       
1.947960e+002       2.369784e+000       
2.005253e+002       2.369784e+000       
2.062546e+002       2.369784e+000       
2.119839e+002       2.369784e+000       
2.177132e+002       2.369784e+000       
2.234424e+002       2.369784e+000       
2.291717e+002       2.369784e+000       
2.349010e+002       2.369784e+000       
2.406303e+002       2.369784e+000       
2.463596e+002       2.369784e+000       
2.520889e+002       2.369784e+000       
2.578182e+002       2.369784e+000       
2.635475e+002       2.369784e+000       
2.692768e+002       2.369784e+000       
2.750060e+002       2.369784e+000       
2.807353e+002       2.369784e+000       
2.864646e+002       2.369784e+000       
2.921939e+002       2.369784e+000       
2.979232e+002       2.369784e+000       
3.036524e+002       2.369784e+000       
3.093817e+002       2.369784e+000       
3.151110e+002       2.369784e+000       
3.208403e+002       2.369784e+000       
3.265695e+002       2.369784e+000       
3.322988e+002       2.369784e+000       
3.380281e+002       2.369784e+000       
3.437574e+002       2.369784e+000       
3.494867e+002       2.369784e+000       
3.552159e+002       2.369784e+000       
3.609452e+002       2.369784e+000       
3.666745e+002       2.369784e+000       
3.724038e+002       2.369784e+000       
3.781331e+002       2.369784e+000       
3.838623e+002       2.369784e+000       
3.895916e+002       2.369784e+000       
3.953209e+002       2.369784e+000       
4.010502e+002       2.369784e+000       
4.067794e+002       2.369784e+000       
4.125087e+002       2.369784e+000       
4.182380e+002       2.369784e+000       
4.239673e+002       2.369784e+000       
4.296966e+002       2.369784e+000       
4.354258e+002       2.369784e+000       
4.411551e+002       2.369784e+000       
4.468844e+002       2.369784e+000       
4.526137e+002       2.369784e+000       
4.583430e+002       2.369784e+000       
4.640722e+002       2.369784e+000       
4.698015e+002       2.369784e+000       
4.755308e+002       2.369784e+000       
4.812601e+002       2.369784e+000       
4.869893e+002       2.369784e+000       
4.927186e+002       2.369784e+000       
4.984479e+002       2.369784e+000       
5.041772e+002       2.369784e+000       
5.099065e+002       2.369784e+000       
5.156357e+002       2.369784e+000       
5.213651e+002       2.369784e+000       
5.270944e+002       2.369784e+000       
5.328237e+002       2.369784e+000       
5.385530e+002       2.369784e+000       
5.442823e+002       2.369784e+000       
5.500116e+002       2.369784e+000       
5.557409e+002       2.369784e+000       
5.614702e+002       2.369784e+000       
5.671995e+002       2.369784e+000       
5.729288e+002       2.369784e+000       
5.786581e+002       2.369784e+000       
5.843875e+002       2.369784e+000       
5.901168e+002       2.369784e+000       
5.958461e+002       2.369784e+000       
6.015754e+002       2.369784e+000       
6.073047e+002       2.369784e+000       
6.130340e+002       2.369784e+000       
6.187633e+002       2.369784e+000       
6.244926e+002       2.369784e+000       
6.302219e+002       2.369784e+000       
6.359512e+002       2.369784e+000       
6.416805e+002       2.369784e+000       
6.474099e+002       2.369784e+000       
6.531392e+002       2.369784e+000       
6.588685e+002       2.369784e+000       
6.645978e+002       2.369784e+000       
6.703271e+002       2.369784e+000       
6.760564e+002       2.369784e+000       
6.817857e+002       2.369784e+000       
6.875150e+002       2.369784e+000       
6.932443e+002       2.369784e+000       
6.989736e+002       2.369784e+000       
7.047029e+002       2.369784e+000       
7.104323e+002       2.369784e+000       
7.161616e+002       2.369784e+000       
7.218909e+002       2.369784e+000       
7.276202e+002       2.369784e+000       
7.333495e+002       2.369784e+000       
7.390788e+002       2.369784e+000       
7.448081e+002       2.369784e+000       
7.505374e+002       2.369784e+000       
7.562667e+002       2.369784e+000       
7.619960e+002       2.369784e+000       
7.677253e+002       2.369784e+000       
7.734547e+002       2.369784e+000       
7.791840e+002       2.369784e+000       
7.849133e+002       2.369784e+000       
7.906426e+002       2.369784e+000       
7.963719e+002       2.369784e+000       
8.021012e+002       2.369784e+000       
8.078305e+002       2.369784e+000       
8.135598e+002       2.369784e+000       
8.192891e+002       2.369784e+000       
8.250184e+002       2.369784e+000       
8.307477e+002       2.369784e+000       
8.364771e+002       2.369784e+000       
8.422064e+002       2.369784e+000       
8.479357e+002       2.369784e+000       
8.536650e+002       2.369784e+000       
8.593943e+002       2.369784e+000       
8.651236e+002       2.369784e+000       
8.708529e+002       2.369784e+000       
8.765822e+002       2.369784e+000       
8.823115e+002       2.369784e+000       
8.880408e+002       2.369784e+000       
8.937701e+002       2.369784e+000       
8.994995e+002       2.369784e+000       
9.052288e+002       2.369784e+000       
9.109581e+002       2.369784e+000       
9.166874e+002       2.369784e+000       
9.224167e+002       2.369784e+000       
9.281460e+002       2.369784e+000       
9.338753e+002       2.369784e+000       
9.396046e+002       2.369784e+000       
9.453339e+002       2.369784e+000       
9.510632e+002       2.369784e+000       
9.567925e+002       2.369784e+000       
9.625219e+002       2.369784e+000       
9.682512e+002       2.369784e+000       
9.739805e+002       2.369784e+000       
9.797098e+002       2.369784e+000       
9.854391e+002       2.369784e+000       
9.911684e+002       2.369784e+000       
9.968977e+002       2.369784e+000       
1.002627e+003       2.369784e+000       
1.008356e+003       2.369784e+000       
1.014086e+003       2.369784e+000       
1.019815e+003       2.369784e+000       
1.025544e+003       2.369784e+000       
1.031273e+003       2.369784e+000       
1.037003e+003       2.369784e+000       
1.042732e+003       2.369784e+000       
1.048461e+003       2.369784e+000       
1.054190e+003       2.369784e+000       
1.059920e+003       2.369784e+000       
1.065649e+003       2.369784e+000       
1.071378e+003       2.369784e+000       
1.077107e+003       2.369784e+000       
1.082837e+003       2.369784e+000       
1.088566e+003       2.369784e+000       
1.094295e+003       2.369784e+000       
1.100024e+003       2.369784e+000       
1.105754e+003       2.369784e+000       
1.111483e+003       2.369784e+000       
1.117212e+003       2.369784e+000       
1.122941e+003       2.369784e+000       
1.128671e+003       2.369784e+000       
1.134400e+003       2.369784e+000       
1.140129e+003       2.369784e+000       
1.145858e+003       2.369784e+000       
1.151588e+003       2.369784e+000       
1.157317e+003       2.369784e+000       
1.163046e+003       2.369784e+000       
1.168775e+003       2.369784e+000       
1.174505e+003       2.369784e+000       
1.180234e+003       2.369784e+000       
1.185963e+003       2.369784e+000       
1.191692e+003       2.369784e+000       
1.197422e+003       2.369784e+000       
1.203151e+003       2.353366e+000       
1.208880e+003       2.194971e+000       
1.214609e+003       1.984934e+000       
1.220339e+003       1.777429e+000       
1.226068e+003       1.573612e+000       
1.231797e+003       1.375943e+000       
1.237526e+003       1.166413e+000       
1.243256e+003       9.641873e-001       
1.248985e+003       7.555247e-001       
1.254714e+003       5.391232e-001       
1.260443e+003       3.248192e-001       
1.266173e+003       1.153611e-001       
1.271902e+003       -1.004618e-001      
1.277631e+003       -3.179482e-001      
1.283360e+003       -5.289975e-001      
1.289090e+003       -7.345499e-001      
1.294819e+003       -9.086403e-001      
1.300548e+003       -7.047514e-001      
1.306277e+003       1.551408e-001       
1.312007e+003       1.537666e-001       
1.317736e+003       1.583955e-001       
1.323465e+003       1.623011e-001       
1.329194e+003       1.664961e-001       
1.334924e+003       1.760432e-001       
1.340653e+003       1.898576e-001       
1.346382e+003       2.002003e-001       
1.352111e+003       2.121342e-001       
1.357841e+003       2.250084e-001       
1.363570e+003       2.357127e-001       
1.369299e+003       2.596529e-001       
1.375028e+003       2.753477e-001       
1.380758e+003       2.881496e-001       
1.386487e+003       3.002281e-001       
1.392216e+003       3.124513e-001       
1.397945e+003       3.246745e-001       
1.403675e+003       3.362468e-001       
1.409404e+003       3.447091e-001       
1.415133e+003       3.521587e-001       
1.420862e+003       3.613442e-001       
1.426592e+003       3.662624e-001       
1.432321e+003       3.694448e-001       
1.438050e+003       3.713253e-001       
1.443779e+003       3.708913e-001       
1.449509e+003       3.697341e-001       
1.455238e+003       3.652498e-001       
1.460967e+003       3.578002e-001       
1.466696e+003       3.526650e-001       
1.472426e+003       3.429009e-001       
1.478155e+003       3.342217e-001       
1.483884e+003       3.207689e-001       
1.489613e+003       3.061589e-001       
1.495343e+003       2.929955e-001       
1.501072e+003       2.774452e-001       
1.506801e+003       2.642817e-001       
1.512530e+003       2.481529e-001       
1.518260e+003       2.357850e-001       
1.523989e+003       2.202348e-001       
1.529718e+003       2.072883e-001       
1.535447e+003       1.903639e-001       
1.541177e+003       1.813230e-001       
1.546906e+003       1.681596e-001       
1.552635e+003       1.575276e-001       
1.558364e+003       1.505842e-001       
1.564094e+003       1.421220e-001       
1.569823e+003       1.355402e-001       
1.575552e+003       1.307667e-001       
1.581281e+003       1.268610e-001       
1.587010e+003       1.261378e-001       
1.592740e+003       1.252698e-001       
1.598469e+003       1.270780e-001       
1.604198e+003       1.303327e-001       
1.609927e+003       1.332258e-001       
1.615657e+003       1.404584e-001       
1.621386e+003       1.436408e-001       
1.627115e+003       1.550684e-001       
1.632844e+003       1.646879e-001       
1.638574e+003       1.761878e-001       
1.644303e+003       1.879771e-001       
1.650032e+003       2.007789e-001       
1.655761e+003       2.136531e-001       
1.661491e+003       2.268889e-001       
1.667220e+003       2.416435e-001       
1.672949e+003       2.551686e-001       
1.678678e+003       2.708635e-001       
1.684408e+003       2.812062e-001       
1.690137e+003       2.967564e-001       
1.695866e+003       3.094859e-001       
1.701595e+003       3.200457e-001       
1.707325e+003       3.301714e-001       
1.713054e+003       3.397909e-001       
1.718783e+003       3.469512e-001       
1.724512e+003       3.549795e-001       
1.730242e+003       3.604040e-001       
1.735971e+003       3.641649e-001       
1.741700e+003       3.681429e-001       
1.747429e+003       3.697341e-001       
1.753159e+003       3.693725e-001       
1.758888e+003       3.685045e-001       
1.764617e+003       3.629354e-001       
1.770346e+003       3.587404e-001       
1.776076e+003       3.528820e-001       
1.781805e+003       3.440581e-001       
1.787534e+003       3.355959e-001       
1.793263e+003       3.268444e-001       
1.798993e+003       3.160677e-001       
1.804722e+003       3.018917e-001       
1.810451e+003       2.911873e-001       
1.816180e+003       2.785301e-001       
1.821910e+003       2.642094e-001       
1.827639e+003       2.519862e-001       
1.833368e+003       2.365806e-001       
1.839097e+003       2.220430e-001       
1.844827e+003       2.070713e-001       
1.850556e+003       1.945588e-001       
1.856285e+003       1.798765e-001       
1.862014e+003       1.673640e-001       
1.867744e+003       1.573829e-001       
1.873473e+003       1.477634e-001       
1.879202e+003       1.394459e-001       
1.884931e+003       1.350340e-001       
1.890661e+003       1.272227e-001       
1.896390e+003       1.250529e-001       
1.902119e+003       1.238956e-001       
1.907848e+003       1.209302e-001       
1.913578e+003       1.251252e-001       
1.919307e+003       1.280183e-001       
1.925036e+003       1.322855e-001       
1.930765e+003       1.408924e-001       
1.936495e+003       1.498609e-001       
1.942224e+003       1.575276e-001       
1.947953e+003       1.724268e-001       
1.953682e+003       1.836375e-001       
1.959412e+003       1.988261e-001       
1.965141e+003       2.142317e-001       
1.970870e+003       2.312285e-001       
1.976599e+003       2.494548e-001       
1.982329e+003       2.655836e-001       
1.988058e+003       2.804829e-001       
1.993787e+003       2.972627e-001       
1.999516e+003       3.115834e-001       
2.005246e+003       3.242406e-001       
2.010975e+003       3.367531e-001       
2.016704e+003       3.459386e-001       
2.022433e+003       3.541115e-001       
2.028163e+003       3.604763e-001       
2.033892e+003       3.630077e-001       
2.039621e+003       3.631524e-001       
2.045350e+003       3.639480e-001       
2.051080e+003       3.611272e-001       
2.056809e+003       3.570046e-001       
2.062538e+003       3.525927e-001       
2.068267e+003       3.455046e-001       
2.073997e+003       3.339324e-001       
2.079726e+003       3.265550e-001       
2.085455e+003       3.167909e-001       
2.091184e+003       3.063759e-001       
2.096914e+003       2.966841e-001       
2.102643e+003       2.860521e-001       
2.108372e+003       2.726717e-001       
2.114101e+003       2.639925e-001       
2.119831e+003       2.516246e-001       
2.125560e+003       2.391121e-001       
2.131289e+003       2.260209e-001       
2.137018e+003       2.159675e-001       
2.142748e+003       2.051909e-001       
2.148477e+003       1.959330e-001       
2.154206e+003       1.889173e-001       
2.159935e+003       1.757539e-001       
2.165665e+003       1.688828e-001       
2.171394e+003       1.625181e-001       
2.177123e+003       1.563703e-001       
2.182852e+003       1.523200e-001       
2.188582e+003       1.478358e-001       
2.194311e+003       1.460999e-001       
2.200040e+003       1.454490e-001       
2.205769e+003       1.479804e-001       
2.211499e+003       1.512351e-001       
2.217228e+003       1.554301e-001       
2.222957e+003       1.612162e-001       
2.228686e+003       1.660621e-001       
2.234416e+003       1.731501e-001       
2.240145e+003       1.832759e-001       
2.245874e+003       1.975965e-001       
2.251603e+003       2.077946e-001       
2.257333e+003       2.233448e-001       
2.263062e+003       2.362190e-001       
2.268791e+003       2.502504e-001       
2.274520e+003       2.647881e-001       
2.280250e+003       2.803383e-001       
2.285979e+003       2.961778e-001       
2.291708e+003       3.104262e-001       
2.297437e+003       3.236620e-001       
2.303167e+003       3.355959e-001       
2.308896e+003       3.485424e-001       
2.314625e+003       3.572216e-001       
2.320354e+003       3.632970e-001       
2.326083e+003       3.675643e-001       
2.331813e+003       3.686492e-001       
2.337542e+003       3.723378e-001       
2.343271e+003       3.672750e-001       
2.349000e+003       3.641649e-001       
2.354730e+003       3.554134e-001       
2.360459e+003       3.440581e-001       
2.366188e+003       3.351619e-001       
2.371917e+003       3.223601e-001       
2.377647e+003       3.111495e-001       
2.383376e+003       2.972627e-001       
2.389105e+003       2.839546e-001       
2.394834e+003       2.681151e-001       
2.400564e+003       2.526372e-001       
2.406293e+003       2.362913e-001       
2.412022e+003       2.224769e-001       
2.417751e+003       2.083732e-001       
2.423481e+003       1.947758e-001       
2.429210e+003       1.839991e-001       
2.434939e+003       1.740904e-001       
2.440668e+003       1.622288e-001       
2.446398e+003       1.544175e-001       
2.452127e+003       1.457383e-001       
2.457856e+003       1.369144e-001       
2.463585e+003       1.330811e-001       
2.469315e+003       1.306220e-001       
2.475044e+003       1.272227e-001       
2.480773e+003       1.267164e-001       
2.486502e+003       1.302604e-001       
2.492232e+003       1.320686e-001       
2.497961e+003       1.392289e-001       
2.503690e+003       1.464616e-001       
2.509419e+003       1.563703e-001       
2.515149e+003       1.666407e-001       
2.520878e+003       1.789363e-001       
2.526607e+003       1.937632e-001       
2.532336e+003       2.061311e-001       
2.538066e+003       2.218983e-001       
2.543795e+003       2.385335e-001       
2.549524e+003       2.565428e-001       
2.555253e+003       2.718761e-001       
2.560983e+003       2.885112e-001       
2.566712e+003       3.036998e-001       
2.572441e+003       3.196117e-001       
2.578170e+003       3.337877e-001       
2.583900e+003       3.470235e-001       
2.589629e+003       3.566430e-001       
2.595358e+003       3.664071e-001       
2.601087e+003       3.730611e-001       
2.606817e+003       3.766775e-001       
2.612546e+003       3.786303e-001       
2.618275e+003       3.800045e-001       
2.624004e+003       3.796428e-001       
2.629734e+003       3.721932e-001       
2.635463e+003       3.668410e-001       
2.641192e+003       3.578725e-001       
2.646921e+003       3.476745e-001       
2.652651e+003       3.341494e-001       
2.658380e+003       3.208413e-001       
2.664109e+003       3.055803e-001       
2.669838e+003       2.916936e-001       
2.675568e+003       2.740459e-001       
2.681297e+003       2.574831e-001       
2.687026e+003       2.419328e-001       
2.692755e+003       2.258040e-001       
2.698485e+003       2.106154e-001       
2.704214e+003       1.973072e-001       
2.709943e+003       1.837098e-001       
2.715672e+003       1.718482e-001       
2.721402e+003       1.614332e-001       
2.727131e+003       1.529710e-001       
2.732860e+003       1.442194e-001       
2.738589e+003       1.367698e-001       
2.744319e+003       1.296095e-001       
2.750048e+003       1.283799e-001       
2.755777e+003       1.262101e-001       
2.761506e+003       1.258485e-001       
2.767236e+003       1.249082e-001       
2.772965e+003       1.277290e-001       
2.778694e+003       1.347446e-001       
2.784423e+003       1.426283e-001       
2.790153e+003       1.533326e-001       
2.795882e+003       1.642539e-001       
2.801611e+003       1.752476e-001       
2.807340e+003       1.888450e-001       
2.813070e+003       2.049739e-001       
2.818799e+003       2.219706e-001       
2.824528e+003       2.379548e-001       
2.830257e+003       2.553132e-001       
2.835987e+003       2.724547e-001       
2.841716e+003       2.888005e-001       
2.847445e+003       3.024703e-001       
2.853174e+003       3.165740e-001       
2.858904e+003       3.293758e-001       
2.864633e+003       3.423223e-001       
2.870362e+003       3.508568e-001       
2.876091e+003       3.577279e-001       
2.881821e+003       3.642372e-001       
2.887550e+003       3.653945e-001       
2.893279e+003       3.683599e-001       
2.899008e+003       3.669857e-001       
2.904738e+003       3.627907e-001       
2.910467e+003       3.577279e-001       
2.916196e+003       3.502782e-001       
2.921925e+003       3.425393e-001       
2.927655e+003       3.336431e-001       
