Calculated Z (nm)   Deflection (V)      
Extend Data
0.000000e+000       3.319072e-001       
5.729293e+000       3.407311e-001       
1.145859e+001       3.464449e-001       
1.718788e+001       3.530990e-001       
2.291717e+001       3.586681e-001       
2.864647e+001       3.626461e-001       
3.437576e+001       3.649605e-001       
4.010505e+001       3.664794e-001       
4.583435e+001       3.664071e-001       
5.156364e+001       3.625737e-001       
5.729293e+001       3.630077e-001       
6.302223e+001       3.557750e-001       
6.875152e+001       3.491210e-001       
7.448081e+001       3.416713e-001       
8.021011e+001       3.301714e-001       
8.593940e+001       3.196117e-001       
9.166869e+001       3.072438e-001       
9.739799e+001       2.941527e-001       
1.031273e+002       2.825804e-001       
1.088566e+002       2.658730e-001       
1.145859e+002       2.511183e-001       
1.203152e+002       2.376655e-001       
1.260445e+002       2.244298e-001       
1.317737e+002       2.086625e-001       
1.375030e+002       1.944865e-001       
1.432323e+002       1.811784e-001       
1.489616e+002       1.690998e-001       
1.546909e+002       1.589018e-001       
1.604202e+002       1.494270e-001       
1.661495e+002       1.402415e-001       
1.718788e+002       1.350340e-001       
1.776081e+002       1.313453e-001       
1.833374e+002       1.266440e-001       
1.890667e+002       1.232447e-001       
1.947960e+002       1.227384e-001       
2.005253e+002       1.247636e-001       
2.062546e+002       1.249082e-001       
2.119839e+002       1.320686e-001       
2.177132e+002       1.346000e-001       
2.234424e+002       1.413987e-001       
2.291717e+002       1.492823e-001       
2.349010e+002       1.585401e-001       
2.406303e+002       1.680149e-001       
2.463596e+002       1.813954e-001       
2.520889e+002       1.904362e-001       
2.578182e+002       2.040336e-001       
2.635475e+002       2.161122e-001       
2.692768e+002       2.317348e-001       
2.750060e+002       2.448982e-001       
2.807353e+002       2.614610e-001       
2.864646e+002       2.745522e-001       
2.921939e+002       2.890175e-001       
2.979232e+002       3.049294e-001       
3.036524e+002       3.185991e-001       
3.093817e+002       3.309670e-001       
3.151110e+002       3.452154e-001       
3.208403e+002       3.530266e-001       
3.265695e+002       3.623568e-001       
3.322988e+002       3.685769e-001       
3.380281e+002       3.730611e-001       
3.437574e+002       3.792089e-001       
3.494867e+002       3.789196e-001       
3.552159e+002       3.796428e-001       
3.609452e+002       3.764605e-001       
3.666745e+002       3.713976e-001       
3.724038e+002       3.635863e-001       
3.781331e+002       3.545455e-001       
3.838623e+002       3.457940e-001       
3.895916e+002       3.348003e-001       
3.953209e+002       3.197563e-001       
4.010502e+002       3.074608e-001       
4.067794e+002       2.908257e-001       
4.125087e+002       2.736842e-001       
4.182380e+002       2.602315e-001       
4.239673e+002       2.448982e-001       
4.296966e+002       2.278291e-001       
4.354258e+002       2.118449e-001       
4.411551e+002       1.978135e-001       
4.468844e+002       1.837821e-001       
4.526137e+002       1.717759e-001       
4.583430e+002       1.615779e-001       
4.640722e+002       1.520307e-001       
4.698015e+002       1.425559e-001       
4.755308e+002       1.366975e-001       
4.812601e+002       1.316346e-001       
4.869893e+002       1.282352e-001       
4.927186e+002       1.266440e-001       
4.984479e+002       1.271503e-001       
5.041772e+002       1.303327e-001       
5.099065e+002       1.332258e-001       
5.156357e+002       1.377824e-001       
5.213651e+002       1.445811e-001       
5.270944e+002       1.494270e-001       
5.328237e+002       1.583955e-001       
5.385530e+002       1.688828e-001       
5.442823e+002       1.797318e-001       
5.500116e+002       1.906532e-001       
5.557409e+002       2.011406e-001       
5.614702e+002       2.124235e-001       
5.671995e+002       2.271782e-001       
5.729288e+002       2.404139e-001       
5.786581e+002       2.551686e-001       
5.843875e+002       2.697786e-001       
5.901168e+002       2.831590e-001       
5.958461e+002       2.995772e-001       
6.015754e+002       3.131746e-001       
6.073047e+002       3.243129e-001       
6.130340e+002       3.363191e-001       
6.187633e+002       3.471681e-001       
6.244926e+002       3.562090e-001       
6.302219e+002       3.615612e-001       
6.359512e+002       3.683599e-001       
6.416805e+002       3.682876e-001       
6.474099e+002       3.703850e-001       
6.531392e+002       3.666241e-001       
6.588685e+002       3.625014e-001       
6.645978e+002       3.541839e-001       
6.703271e+002       3.460833e-001       
6.760564e+002       3.369701e-001       
6.817857e+002       3.217092e-001       
6.875150e+002       3.105709e-001       
6.932443e+002       2.964672e-001       
6.989736e+002       2.822911e-001       
7.047029e+002       2.659453e-001       
7.104323e+002       2.515523e-001       
7.161616e+002       2.388951e-001       
7.218909e+002       2.241405e-001       
7.276202e+002       2.108323e-001       
7.333495e+002       2.017192e-001       
7.390788e+002       1.897853e-001       
7.448081e+002       1.804551e-001       
7.505374e+002       1.709080e-001       
7.562667e+002       1.637477e-001       
7.619960e+002       1.572382e-001       
7.677253e+002       1.521754e-001       
7.734547e+002       1.484867e-001       
7.791840e+002       1.484867e-001       
7.849133e+002       1.484867e-001       
7.906426e+002       1.507288e-001       
7.963719e+002       1.526817e-001       
8.021012e+002       1.575999e-001       
8.078305e+002       1.640370e-001       
8.135598e+002       1.698954e-001       
8.192891e+002       1.786470e-001       
8.250184e+002       1.873985e-001       
8.307477e+002       1.954991e-001       
8.364771e+002       2.064927e-001       
8.422064e+002       2.173417e-001       
8.479357e+002       2.268165e-001       
8.536650e+002       2.370869e-001       
8.593943e+002       2.482976e-001       
8.651236e+002       2.596529e-001       
8.708529e+002       2.707188e-001       
8.765822e+002       2.806999e-001       
8.823115e+002       2.932124e-001       
8.880408e+002       3.007344e-001       
8.937701e+002       3.140425e-001       
8.994995e+002       3.212752e-001       
9.052288e+002       3.329198e-001       
9.109581e+002       3.402248e-001       
9.166874e+002       3.459386e-001       
9.224167e+002       3.543285e-001       
9.281460e+002       3.580172e-001       
9.338753e+002       3.638033e-001       
9.396046e+002       3.646712e-001       
9.453339e+002       3.646712e-001       
9.510632e+002       3.609826e-001       
9.567925e+002       3.553411e-001       
9.625219e+002       3.481807e-001       
9.682512e+002       3.391399e-001       
9.739805e+002       3.266997e-001       
9.797098e+002       3.151998e-001       
9.854391e+002       3.029765e-001       
9.911684e+002       2.859798e-001       
9.968977e+002       2.718761e-001       
1.002627e+003       2.553132e-001       
1.008356e+003       2.406309e-001       
1.014086e+003       2.227662e-001       
1.019815e+003       2.088795e-001       
1.025544e+003       1.930400e-001       
1.031273e+003       1.791532e-001       
1.037003e+003       1.669300e-001       
1.042732e+003       1.549961e-001       
1.048461e+003       1.468232e-001       
1.054190e+003       1.388673e-001       
1.059920e+003       1.305497e-001       
1.065649e+003       1.273673e-001       
1.071378e+003       1.246912e-001       
1.077107e+003       1.223768e-001       
1.082837e+003       1.251975e-001       
1.088566e+003       1.273673e-001       
1.094295e+003       1.326472e-001       
1.100024e+003       1.390842e-001       
1.105754e+003       1.474018e-001       
1.111483e+003       1.583955e-001       
1.117212e+003       1.690998e-001       
1.122941e+003       1.795149e-001       
1.128671e+003       1.927507e-001       
1.134400e+003       2.046122e-001       
1.140129e+003       2.187159e-001       
1.145858e+003       2.359297e-001       
1.151588e+003       2.495994e-001       
1.157317e+003       2.645711e-001       
1.163046e+003       2.816402e-001       
1.168775e+003       2.952376e-001       
1.174505e+003       3.062313e-001       
1.180234e+003       3.187438e-001       
1.185963e+003       3.290865e-001       
1.191692e+003       3.381273e-001       
1.197422e+003       3.463726e-001       
1.203151e+003       3.536052e-001       
1.208880e+003       3.591021e-001       
1.214609e+003       3.657561e-001       
1.220339e+003       3.693001e-001       
1.226068e+003       3.704574e-001       
1.231797e+003       3.700234e-001       
1.237526e+003       3.674196e-001       
1.243256e+003       3.653945e-001       
1.248985e+003       3.587404e-001       
1.254714e+003       3.549071e-001       
1.260443e+003       3.446367e-001       
1.266173e+003       3.389952e-001       
1.271902e+003       3.274953e-001       
1.277631e+003       3.165740e-001       
1.283360e+003       3.030489e-001       
1.289090e+003       2.916936e-001       
1.294819e+003       2.798320e-001       
1.300548e+003       2.649327e-001       
1.306277e+003       2.494548e-001       
1.312007e+003       2.362190e-001       
1.317736e+003       2.218983e-001       
1.323465e+003       2.081562e-001       
1.329194e+003       1.957161e-001       
1.334924e+003       1.816847e-001       
1.340653e+003       1.712696e-001       
1.346382e+003       1.611439e-001       
1.352111e+003       1.521031e-001       
1.357841e+003       1.427729e-001       
1.363570e+003       1.339491e-001       
1.369299e+003       1.289585e-001       
1.375028e+003       1.262101e-001       
1.380758e+003       1.225214e-001       
1.386487e+003       1.237510e-001       
1.392216e+003       1.237510e-001       
1.397945e+003       1.258485e-001       
1.403675e+003       1.317069e-001       
1.409404e+003       1.378547e-001       
1.415133e+003       1.447257e-001       
1.420862e+003       1.521754e-001       
1.426592e+003       1.647602e-001       
1.432321e+003       1.741627e-001       
1.438050e+003       1.859519e-001       
1.443779e+003       1.987538e-001       
1.449509e+003       2.130745e-001       
1.455238e+003       2.263102e-001       
1.460967e+003       2.409926e-001       
1.466696e+003       2.572661e-001       
1.472426e+003       2.720207e-001       
1.478155e+003       2.875710e-001       
1.483884e+003       2.985646e-001       
1.489613e+003       3.123067e-001       
1.495343e+003       3.259041e-001       
1.501072e+003       3.366808e-001       
1.506801e+003       3.462279e-001       
1.512530e+003       3.516524e-001       
1.518260e+003       3.603316e-001       
1.523989e+003       3.632970e-001       
1.529718e+003       3.658285e-001       
1.535447e+003       3.668410e-001       
1.541177e+003       3.659731e-001       
1.546906e+003       3.611995e-001       
1.552635e+003       3.554857e-001       
1.558364e+003       3.470235e-001       
1.564094e+003       3.413097e-001       
1.569823e+003       3.319072e-001       
1.575552e+003       3.205519e-001       
1.581281e+003       3.093413e-001       
1.587010e+003       2.964672e-001       
1.592740e+003       2.833760e-001       
1.598469e+003       2.724547e-001       
1.604198e+003       2.594359e-001       
1.609927e+003       2.480806e-001       
1.615657e+003       2.332536e-001       
1.621386e+003       2.208134e-001       
1.627115e+003       2.085902e-001       
1.632844e+003       1.973796e-001       
1.638574e+003       1.845054e-001       
1.644303e+003       1.761878e-001       
1.650032e+003       1.661344e-001       
1.655761e+003       1.588294e-001       
1.661491e+003       1.540559e-001       
1.667220e+003       1.481251e-001       
1.672949e+003       1.450874e-001       
1.678678e+003       1.446534e-001       
1.684408e+003       1.429176e-001       
1.690137e+003       1.440025e-001       
1.695866e+003       1.461723e-001       
1.701595e+003       1.469679e-001       
1.707325e+003       8.888952e-002       
1.713054e+003       1.944142e-001       
1.718783e+003       4.226772e-001       
1.724512e+003       6.555692e-001       
1.730242e+003       8.946813e-001       
1.735971e+003       1.140447e+000       
1.741700e+003       1.390987e+000       
1.747429e+003       1.645360e+000       
1.753159e+003       1.899372e+000       
1.758888e+003       2.154251e+000       
1.764617e+003       2.345700e+000       
1.770346e+003       2.369784e+000       
1.776076e+003       2.369784e+000       
1.781805e+003       2.369784e+000       
1.787534e+003       2.369784e+000       
1.793263e+003       2.369784e+000       
1.798993e+003       2.369784e+000       
1.804722e+003       2.369784e+000       
1.810451e+003       2.369784e+000       
1.816180e+003       2.369784e+000       
1.821910e+003       2.369784e+000       
1.827639e+003       2.369784e+000       
1.833368e+003       2.369784e+000       
1.839097e+003       2.369784e+000       
1.844827e+003       2.369784e+000       
1.850556e+003       2.369784e+000       
1.856285e+003       2.369784e+000       
1.862014e+003       2.369784e+000       
1.867744e+003       2.369784e+000       
1.873473e+003       2.369784e+000       
1.879202e+003       2.369784e+000       
1.884931e+003       2.369784e+000       
1.890661e+003       2.369784e+000       
1.896390e+003       2.369784e+000       
1.902119e+003       2.369784e+000       
1.907848e+003       2.369784e+000       
1.913578e+003       2.369784e+000       
1.919307e+003       2.369784e+000       
1.925036e+003       2.369784e+000       
1.930765e+003       2.369784e+000       
1.936495e+003       2.369784e+000       
1.942224e+003       2.369784e+000       
1.947953e+003       2.369784e+000       
1.953682e+003       2.369784e+000       
1.959412e+003       2.369784e+000       
1.965141e+003       2.369784e+000       
1.970870e+003       2.369784e+000       
1.976599e+003       2.369784e+000       
1.982329e+003       2.369784e+000       
1.988058e+003       2.369784e+000       
1.993787e+003       2.369784e+000       
1.999516e+003       2.369784e+000       
2.005246e+003       2.369784e+000       
2.010975e+003       2.369784e+000       
2.016704e+003       2.369784e+000       
2.022433e+003       2.369784e+000       
2.028163e+003       2.369784e+000       
2.033892e+003       2.369784e+000       
2.039621e+003       2.369784e+000       
2.045350e+003       2.369784e+000       
2.051080e+003       2.369784e+000       
2.056809e+003       2.369784e+000       
2.062538e+003       2.369784e+000       
2.068267e+003       2.369784e+000       
2.073997e+003       2.369784e+000       
2.079726e+003       2.369784e+000       
2.085455e+003       2.369784e+000       
2.091184e+003       2.369784e+000       
2.096914e+003       2.369784e+000       
2.102643e+003       2.369784e+000       
2.108372e+003       2.369784e+000       
2.114101e+003       2.369784e+000       
2.119831e+003       2.369784e+000       
2.125560e+003       2.369784e+000       
2.131289e+003       2.369784e+000       
2.137018e+003       2.369784e+000       
2.142748e+003       2.369784e+000       
2.148477e+003       2.369784e+000       
2.154206e+003       2.369784e+000       
2.159935e+003       2.369784e+000       
2.165665e+003       2.369784e+000       
2.171394e+003       2.369784e+000       
2.177123e+003       2.369784e+000       
2.182852e+003       2.369784e+000       
2.188582e+003       2.369784e+000       
2.194311e+003       2.369784e+000       
2.200040e+003       2.369784e+000       
2.205769e+003       2.369784e+000       
2.211499e+003       2.369784e+000       
2.217228e+003       2.369784e+000       
2.222957e+003       2.369784e+000       
2.228686e+003       2.369784e+000       
2.234416e+003       2.369784e+000       
2.240145e+003       2.369784e+000       
2.245874e+003       2.369784e+000       
2.251603e+003       2.369784e+000       
2.257333e+003       2.369784e+000       
2.263062e+003       2.369784e+000       
2.268791e+003       2.369784e+000       
2.274520e+003       2.369784e+000       
2.280250e+003       2.369784e+000       
2.285979e+003       2.369784e+000       
2.291708e+003       2.369784e+000       
2.297437e+003       2.369784e+000       
2.303167e+003       2.369784e+000       
2.308896e+003       2.369784e+000       
2.314625e+003       2.369784e+000       
2.320354e+003       2.369784e+000       
2.326083e+003       2.369784e+000       
2.331813e+003       2.369784e+000       
2.337542e+003       2.369784e+000       
2.343271e+003       2.369784e+000       
2.349000e+003       2.369784e+000       
2.354730e+003       2.369784e+000       
2.360459e+003       2.369784e+000       
2.366188e+003       2.369784e+000       
2.371917e+003       2.369784e+000       
2.377647e+003       2.369784e+000       
2.383376e+003       2.369784e+000       
2.389105e+003       2.369784e+000       
2.394834e+003       2.369784e+000       
2.400564e+003       2.369784e+000       
2.406293e+003       2.369784e+000       
2.412022e+003       2.369784e+000       
2.417751e+003       2.369784e+000       
2.423481e+003       2.369784e+000       
2.429210e+003       2.369784e+000       
2.434939e+003       2.369784e+000       
2.440668e+003       2.369784e+000       
2.446398e+003       2.369784e+000       
2.452127e+003       2.369784e+000       
2.457856e+003       2.369784e+000       
2.463585e+003       2.369784e+000       
2.469315e+003       2.369784e+000       
2.475044e+003       2.369784e+000       
2.480773e+003       2.369784e+000       
2.486502e+003       2.369784e+000       
2.492232e+003       2.369784e+000       
2.497961e+003       2.369784e+000       
2.503690e+003       2.369784e+000       
2.509419e+003       2.369784e+000       
2.515149e+003       2.369784e+000       
2.520878e+003       2.369784e+000       
2.526607e+003       2.369784e+000       
2.532336e+003       2.369784e+000       
2.538066e+003       2.369784e+000       
2.543795e+003       2.369784e+000       
2.549524e+003       2.369784e+000       
2.555253e+003       2.369784e+000       
2.560983e+003       2.369784e+000       
2.566712e+003       2.369784e+000       
2.572441e+003       2.369784e+000       
2.578170e+003       2.369784e+000       
2.583900e+003       2.369784e+000       
2.589629e+003       2.369784e+000       
2.595358e+003       2.369784e+000       
2.601087e+003       2.369784e+000       
2.606817e+003       2.369784e+000       
2.612546e+003       2.369784e+000       
2.618275e+003       2.369784e+000       
2.624004e+003       2.369784e+000       
2.629734e+003       2.369784e+000       
2.635463e+003       2.369784e+000       
2.641192e+003       2.369784e+000       
2.646921e+003       2.369784e+000       
2.652651e+003       2.369784e+000       
2.658380e+003       2.369784e+000       
2.664109e+003       2.369784e+000       
2.669838e+003       2.369784e+000       
2.675568e+003       2.369784e+000       
2.681297e+003       2.369784e+000       
2.687026e+003       2.369784e+000       
2.692755e+003       2.369784e+000       
2.698485e+003       2.369784e+000       
2.704214e+003       2.369784e+000       
2.709943e+003       2.369784e+000       
2.715672e+003       2.369784e+000       
2.721402e+003       2.369784e+000       
2.727131e+003       2.369784e+000       
2.732860e+003       2.369784e+000       
2.738589e+003       2.369784e+000       
2.744319e+003       2.369784e+000       
2.750048e+003       2.369784e+000       
2.755777e+003       2.369784e+000       
2.761506e+003       2.369784e+000       
2.767236e+003       2.369784e+000       
2.772965e+003       2.369784e+000       
2.778694e+003       2.369784e+000       
2.784423e+003       2.369784e+000       
2.790153e+003       2.369784e+000       
2.795882e+003       2.369784e+000       
2.801611e+003       2.369784e+000       
2.807340e+003       2.369784e+000       
2.813070e+003       2.369784e+000       
2.818799e+003       2.369784e+000       
2.824528e+003       2.369784e+000       
2.830257e+003       2.369784e+000       
2.835987e+003       2.369784e+000       
2.841716e+003       2.369784e+000       
2.847445e+003       2.369784e+000       
2.853174e+003       2.369784e+000       
2.858904e+003       2.369784e+000       
2.864633e+003       2.369784e+000       
2.870362e+003       2.369784e+000       
2.876091e+003       2.369784e+000       
2.881821e+003       2.369784e+000       
2.887550e+003       2.369784e+000       
2.893279e+003       2.369784e+000       
2.899008e+003       2.369784e+000       
2.904738e+003       2.369784e+000       
2.910467e+003       2.369784e+000       
2.916196e+003       2.369784e+000       
2.921925e+003       2.369784e+000       
2.927655e+003       2.369784e+000       

Retract Data
0.000000e+000       2.369784e+000       
5.729293e+000       2.369784e+000       
1.145859e+001       2.369784e+000       
1.718788e+001       2.369784e+000       
2.291717e+001       2.369784e+000       
2.864647e+001       2.369784e+000       
3.437576e+001       2.369784e+000       
4.010505e+001       2.369784e+000       
4.583435e+001       2.369784e+000       
5.156364e+001       2.369784e+000       
5.729293e+001       2.369784e+000       
6.302223e+001       2.369784e+000       
6.875152e+001       2.369784e+000       
7.448081e+001       2.369784e+000       
8.021011e+001       2.369784e+000       
8.593940e+001       2.369784e+000       
9.166869e+001       2.369784e+000       
9.739799e+001       2.369784e+000       
1.031273e+002       2.369784e+000       
1.088566e+002       2.369784e+000       
1.145859e+002       2.369784e+000       
1.203152e+002       2.369784e+000       
1.260445e+002       2.369784e+000       
1.317737e+002       2.369784e+000       
1.375030e+002       2.369784e+000       
1.432323e+002       2.369784e+000       
1.489616e+002       2.369784e+000       
1.546909e+002       2.369784e+000       
1.604202e+002       2.369784e+000       
1.661495e+002       2.369784e+000       
1.718788e+002       2.369784e+000       
1.776081e+002       2.369784e+000       
1.833374e+002       2.369784e+000       
1.890667e+002       2.369784e+000       
1.947960e+002       2.369784e+000       
2.005253e+002       2.369784e+000       
2.062546e+002       2.369784e+000       
2.119839e+002       2.369784e+000       
2.177132e+002       2.369784e+000       
2.234424e+002       2.369784e+000       
2.291717e+002       2.369784e+000       
2.349010e+002       2.369784e+000       
2.406303e+002       2.369784e+000       
2.463596e+002       2.369784e+000       
2.520889e+002       2.369784e+000       
2.578182e+002       2.369784e+000       
2.635475e+002       2.369784e+000       
2.692768e+002       2.369784e+000       
2.750060e+002       2.369784e+000       
2.807353e+002       2.369784e+000       
2.864646e+002       2.369784e+000       
2.921939e+002       2.369784e+000       
2.979232e+002       2.369784e+000       
3.036524e+002       2.369784e+000       
3.093817e+002       2.369784e+000       
3.151110e+002       2.369784e+000       
3.208403e+002       2.369784e+000       
3.265695e+002       2.369784e+000       
3.322988e+002       2.369784e+000       
3.380281e+002       2.369784e+000       
3.437574e+002       2.369784e+000       
3.494867e+002       2.369784e+000       
3.552159e+002       2.369784e+000       
3.609452e+002       2.369784e+000       
3.666745e+002       2.369784e+000       
3.724038e+002       2.369784e+000       
3.781331e+002       2.369784e+000       
3.838623e+002       2.369784e+000       
3.895916e+002       2.369784e+000       
3.953209e+002       2.369784e+000       
4.010502e+002       2.369784e+000       
4.067794e+002       2.369784e+000       
4.125087e+002       2.369784e+000       
4.182380e+002       2.369784e+000       
4.239673e+002       2.369784e+000       
4.296966e+002       2.369784e+000       
4.354258e+002       2.369784e+000       
4.411551e+002       2.369784e+000       
4.468844e+002       2.369784e+000       
4.526137e+002       2.369784e+000       
4.583430e+002       2.369784e+000       
4.640722e+002       2.369784e+000       
4.698015e+002       2.369784e+000       
4.755308e+002       2.369784e+000       
4.812601e+002       2.369784e+000       
4.869893e+002       2.369784e+000       
4.927186e+002       2.369784e+000       
4.984479e+002       2.369784e+000       
5.041772e+002       2.369784e+000       
5.099065e+002       2.369784e+000       
5.156357e+002       2.369784e+000       
5.213651e+002       2.369784e+000       
5.270944e+002       2.369784e+000       
5.328237e+002       2.369784e+000       
5.385530e+002       2.369784e+000       
5.442823e+002       2.369784e+000       
5.500116e+002       2.369784e+000       
5.557409e+002       2.369784e+000       
5.614702e+002       2.369784e+000       
5.671995e+002       2.369784e+000       
5.729288e+002       2.369784e+000       
5.786581e+002       2.369784e+000       
5.843875e+002       2.369784e+000       
5.901168e+002       2.369784e+000       
5.958461e+002       2.369784e+000       
6.015754e+002       2.369784e+000       
6.073047e+002       2.369784e+000       
6.130340e+002       2.369784e+000       
6.187633e+002       2.369784e+000       
6.244926e+002       2.369784e+000       
6.302219e+002       2.369784e+000       
6.359512e+002       2.369784e+000       
6.416805e+002       2.369784e+000       
6.474099e+002       2.369784e+000       
6.531392e+002       2.369784e+000       
6.588685e+002       2.369784e+000       
6.645978e+002       2.369784e+000       
6.703271e+002       2.369784e+000       
6.760564e+002       2.369784e+000       
6.817857e+002       2.369784e+000       
6.875150e+002       2.369784e+000       
6.932443e+002       2.369784e+000       
6.989736e+002       2.369784e+000       
7.047029e+002       2.369784e+000       
7.104323e+002       2.369784e+000       
7.161616e+002       2.369784e+000       
7.218909e+002       2.369784e+000       
7.276202e+002       2.369784e+000       
7.333495e+002       2.369784e+000       
7.390788e+002       2.369784e+000       
7.448081e+002       2.369784e+000       
7.505374e+002       2.369784e+000       
7.562667e+002       2.369784e+000       
7.619960e+002       2.369784e+000       
7.677253e+002       2.369784e+000       
7.734547e+002       2.369784e+000       
7.791840e+002       2.369784e+000       
7.849133e+002       2.369784e+000       
7.906426e+002       2.369784e+000       
7.963719e+002       2.369784e+000       
8.021012e+002       2.369784e+000       
8.078305e+002       2.369784e+000       
8.135598e+002       2.369784e+000       
8.192891e+002       2.369784e+000       
8.250184e+002       2.369784e+000       
8.307477e+002       2.369784e+000       
8.364771e+002       2.369784e+000       
8.422064e+002       2.369784e+000       
8.479357e+002       2.369784e+000       
8.536650e+002       2.369784e+000       
8.593943e+002       2.369784e+000       
8.651236e+002       2.369784e+000       
8.708529e+002       2.369784e+000       
8.765822e+002       2.369784e+000       
8.823115e+002       2.369784e+000       
8.880408e+002       2.369784e+000       
8.937701e+002       2.369784e+000       
8.994995e+002       2.369784e+000       
9.052288e+002       2.369784e+000       
9.109581e+002       2.369784e+000       
9.166874e+002       2.369784e+000       
9.224167e+002       2.369784e+000       
9.281460e+002       2.369784e+000       
9.338753e+002       2.369784e+000       
9.396046e+002       2.369784e+000       
9.453339e+002       2.369784e+000       
9.510632e+002       2.369784e+000       
9.567925e+002       2.369784e+000       
9.625219e+002       2.369784e+000       
9.682512e+002       2.369784e+000       
9.739805e+002       2.369784e+000       
9.797098e+002       2.369784e+000       
9.854391e+002       2.369784e+000       
9.911684e+002       2.369784e+000       
9.968977e+002       2.369784e+000       
1.002627e+003       2.369784e+000       
1.008356e+003       2.369784e+000       
1.014086e+003       2.369784e+000       
1.019815e+003       2.369784e+000       
1.025544e+003       2.369784e+000       
1.031273e+003       2.369784e+000       
1.037003e+003       2.369784e+000       
1.042732e+003       2.369784e+000       
1.048461e+003       2.369784e+000       
1.054190e+003       2.369784e+000       
1.059920e+003       2.369784e+000       
1.065649e+003       2.369784e+000       
1.071378e+003       2.369784e+000       
1.077107e+003       2.369784e+000       
1.082837e+003       2.369784e+000       
1.088566e+003       2.369784e+000       
1.094295e+003       2.369784e+000       
1.100024e+003       2.369784e+000       
1.105754e+003       2.369784e+000       
1.111483e+003       2.369784e+000       
1.117212e+003       2.369784e+000       
1.122941e+003       2.369784e+000       
1.128671e+003       2.369784e+000       
1.134400e+003       2.369784e+000       
1.140129e+003       2.369784e+000       
1.145858e+003       2.369784e+000       
1.151588e+003       2.369784e+000       
1.157317e+003       2.369784e+000       
1.163046e+003       2.369784e+000       
1.168775e+003       2.369784e+000       
1.174505e+003       2.369784e+000       
1.180234e+003       2.369784e+000       
1.185963e+003       2.369784e+000       
1.191692e+003       2.369784e+000       
1.197422e+003       2.369784e+000       
1.203151e+003       2.369784e+000       
1.208880e+003       2.369784e+000       
1.214609e+003       2.286247e+000       
1.220339e+003       2.045978e+000       
1.226068e+003       1.796161e+000       
1.231797e+003       1.554518e+000       
1.237526e+003       1.307739e+000       
1.243256e+003       1.068989e+000       
1.248985e+003       8.399300e-001       
1.254714e+003       6.094971e-001       
1.260443e+003       3.897686e-001       
1.266173e+003       1.757539e-001       
1.271902e+003       -3.601870e-002      
1.277631e+003       -2.388228e-001      
1.283360e+003       -4.380105e-001      
1.289090e+003       -6.302549e-001      
1.294819e+003       -8.215590e-001      
1.300548e+003       -1.011851e+000      
1.306277e+003       -5.708023e-001      
1.312007e+003       1.514521e-001       
1.317736e+003       1.627351e-001       
1.323465e+003       1.704017e-001       
1.329194e+003       1.798042e-001       
1.334924e+003       1.864582e-001       
1.340653e+003       1.978135e-001       
1.346382e+003       2.090965e-001       
1.352111e+003       2.212474e-001       
1.357841e+003       2.317348e-001       
1.363570e+003       2.441749e-001       
1.369299e+003       2.571214e-001       
1.375028e+003       2.705742e-001       
1.380758e+003       2.830144e-001       
1.386487e+003       2.953822e-001       
1.392216e+003       3.069545e-001       
1.397945e+003       3.198287e-001       
1.403675e+003       3.285802e-001       
1.409404e+003       3.407311e-001       
1.415133e+003       3.489040e-001       
1.420862e+003       3.566430e-001       
1.426592e+003       3.617058e-001       
1.432321e+003       3.677090e-001       
1.438050e+003       3.679982e-001       
1.443779e+003       3.714699e-001       
1.449509e+003       3.679259e-001       
1.455238e+003       3.645266e-001       
1.460967e+003       3.620675e-001       
1.466696e+003       3.559920e-001       
1.472426e+003       3.474575e-001       
1.478155e+003       3.362468e-001       
1.483884e+003       3.249639e-001       
1.489613e+003       3.140425e-001       
1.495343e+003       2.989263e-001       
1.501072e+003       2.854735e-001       
1.506801e+003       2.732503e-001       
1.512530e+003       2.570491e-001       
1.518260e+003       2.432347e-001       
1.523989e+003       2.276845e-001       
1.529718e+003       2.130745e-001       
1.535447e+003       1.973072e-001       
1.541177e+003       1.860243e-001       
1.546906e+003       1.725715e-001       
1.552635e+003       1.638200e-001       
1.558364e+003       1.531879e-001       
1.564094e+003       1.436408e-001       
1.569823e+003       1.394459e-001       
1.575552e+003       1.335874e-001       
1.581281e+003       1.298988e-001       
1.587010e+003       1.272227e-001       
1.592740e+003       1.254145e-001       
1.598469e+003       1.261378e-001       
1.604198e+003       1.284522e-001       
1.609927e+003       1.344553e-001       
1.615657e+003       1.379270e-001       
1.621386e+003       1.437855e-001       
1.627115e+003       1.508012e-001       
1.632844e+003       1.616502e-001       
1.638574e+003       1.704740e-001       
1.644303e+003       1.846501e-001       
1.650032e+003       1.964393e-001       
1.655761e+003       2.093135e-001       
1.661491e+003       2.216090e-001       
1.667220e+003       2.360743e-001       
1.672949e+003       2.488762e-001       
1.678678e+003       2.649327e-001       
1.684408e+003       2.773729e-001       
1.690137e+003       2.901747e-001       
1.695866e+003       3.047124e-001       
1.701595e+003       3.149104e-001       
1.707325e+003       3.256148e-001       
1.713054e+003       3.361745e-001       
1.718783e+003       3.439858e-001       
1.724512e+003       3.525927e-001       
1.730242e+003       3.597530e-001       
1.735971e+003       3.649605e-001       
1.741700e+003       3.687215e-001       
1.747429e+003       3.683599e-001       
1.753159e+003       3.698787e-001       
1.758888e+003       3.715422e-001       
1.764617e+003       3.687938e-001       
1.770346e+003       3.635863e-001       
1.776076e+003       3.614165e-001       
1.781805e+003       3.507845e-001       
1.787534e+003       3.410927e-001       
1.793263e+003       3.355959e-001       
1.798993e+003       3.236620e-001       
1.804722e+003       3.125237e-001       
1.810451e+003       3.020363e-001       
1.816180e+003       2.891622e-001       
1.821910e+003       2.766496e-001       
1.827639e+003       2.626182e-001       
1.833368e+003       2.473573e-001       
1.839097e+003       2.318794e-001       
1.844827e+003       2.176310e-001       
1.850556e+003       2.034550e-001       
1.856285e+003       1.887004e-001       
1.862014e+003       1.762602e-001       
1.867744e+003       1.643986e-001       
1.873473e+003       1.554301e-001       
1.879202e+003       1.449427e-001       
1.884931e+003       1.387226e-001       
1.890661e+003       1.313453e-001       
1.896390e+003       1.287415e-001       
1.902119e+003       1.231724e-001       
1.907848e+003       1.233170e-001       
1.913578e+003       1.257761e-001       
1.919307e+003       1.271503e-001       
1.925036e+003       1.308390e-001       
1.930765e+003       1.360465e-001       
1.936495e+003       1.479081e-001       
1.942224e+003       1.587571e-001       
1.947953e+003       1.690998e-001       
1.953682e+003       1.798765e-001       
1.959412e+003       1.948481e-001       
1.965141e+003       2.098198e-001       
1.970870e+003       2.247914e-001       
1.976599e+003       2.400523e-001       
1.982329e+003       2.567598e-001       
1.988058e+003       2.754201e-001       
1.993787e+003       2.898131e-001       
1.999516e+003       3.042061e-001       
2.005246e+003       3.179482e-001       
2.010975e+003       3.307500e-001       
2.016704e+003       3.405864e-001       
2.022433e+003       3.489040e-001       
2.028163e+003       3.539669e-001       
2.033892e+003       3.591021e-001       
2.039621e+003       3.625014e-001       
2.045350e+003       3.631524e-001       
2.051080e+003       3.600423e-001       
2.056809e+003       3.572939e-001       
2.062538e+003       3.525203e-001       
2.068267e+003       3.463002e-001       
2.073997e+003       3.366085e-001       
2.079726e+003       3.292311e-001       
2.085455e+003       3.212752e-001       
2.091184e+003       3.100646e-001       
2.096914e+003       2.997942e-001       
2.102643e+003       2.911873e-001       
2.108372e+003       2.799043e-001       
2.114101e+003       2.681874e-001       
2.119831e+003       2.587126e-001       
2.125560e+003       2.476466e-001       
2.131289e+003       2.350618e-001       
2.137018e+003       2.228386e-001       
2.142748e+003       2.119896e-001       
2.148477e+003       2.022978e-001       
2.154206e+003       1.931123e-001       
2.159935e+003       1.832035e-001       
2.165665e+003       1.734394e-001       
2.171394e+003       1.670747e-001       
2.177123e+003       1.605653e-001       
2.182852e+003       1.560087e-001       
2.188582e+003       1.521031e-001       
2.194311e+003       1.508735e-001       
2.200040e+003       1.483421e-001       
2.205769e+003       1.531156e-001       
2.211499e+003       1.523200e-001       
2.217228e+003       1.565873e-001       
2.222957e+003       1.615055e-001       
2.228686e+003       1.680149e-001       
2.234416e+003       1.742350e-001       
2.240145e+003       1.854457e-001       
2.245874e+003       1.963670e-001       
2.251603e+003       2.069990e-001       
2.257333e+003       2.190776e-001       
2.263062e+003       2.342662e-001       
2.268791e+003       2.475020e-001       
2.274520e+003       2.610271e-001       
2.280250e+003       2.752754e-001       
2.285979e+003       2.921275e-001       
2.291708e+003       3.055803e-001       
2.297437e+003       3.180928e-001       
2.303167e+003       3.311840e-001       
2.308896e+003       3.408034e-001       
2.314625e+003       3.502059e-001       
2.320354e+003       3.591021e-001       
2.326083e+003       3.647436e-001       
2.331813e+003       3.694448e-001       
2.337542e+003       3.690108e-001       
2.343271e+003       3.688662e-001       
2.349000e+003       3.656838e-001       
2.354730e+003       3.580172e-001       
2.360459e+003       3.499889e-001       
2.366188e+003       3.383443e-001       
2.371917e+003       3.260488e-001       
2.377647e+003       3.135363e-001       
2.383376e+003       2.989986e-001       
2.389105e+003       2.865584e-001       
2.394834e+003       2.715867e-001       
2.400564e+003       2.566151e-001       
2.406293e+003       2.452598e-001       
2.412022e+003       2.286970e-001       
2.417751e+003       2.130745e-001       
2.423481e+003       2.004896e-001       
2.429210e+003       1.870368e-001       
2.434939e+003       1.754646e-001       
2.440668e+003       1.673640e-001       
2.446398e+003       1.560087e-001       
2.452127e+003       1.489930e-001       
2.457856e+003       1.420496e-001       
2.463585e+003       1.364082e-001       
2.469315e+003       1.305497e-001       
2.475044e+003       1.293201e-001       
2.480773e+003       1.286692e-001       
2.486502e+003       1.283799e-001       
2.492232e+003       1.327918e-001       
2.497961e+003       1.347446e-001       
2.503690e+003       1.430622e-001       
2.509419e+003       1.510182e-001       
2.515149e+003       1.616502e-001       
2.520878e+003       1.733671e-001       
2.526607e+003       1.862413e-001       
2.532336e+003       1.998387e-001       
2.538066e+003       2.135084e-001       
2.543795e+003       2.292033e-001       
2.549524e+003       2.482252e-001       
2.555253e+003       2.645711e-001       
2.560983e+003       2.812786e-001       
2.566712e+003       2.971904e-001       
2.572441e+003       3.129576e-001       
2.578170e+003       3.295928e-001       
2.583900e+003       3.413097e-001       
2.589629e+003       3.529543e-001       
2.595358e+003       3.614165e-001       
2.601087e+003       3.708913e-001       
2.606817e+003       3.748693e-001       
2.612546e+003       3.776177e-001       
2.618275e+003       3.812340e-001       
2.624004e+003       3.768221e-001       
2.629734e+003       3.766051e-001       
2.635463e+003       3.710360e-001       
2.641192e+003       3.638033e-001       
2.646921e+003       3.529543e-001       
2.652651e+003       3.407311e-001       
2.658380e+003       3.280739e-001       
2.664109e+003       3.136809e-001       
2.669838e+003       2.971904e-001       
2.675568e+003       2.838823e-001       
2.681297e+003       2.641371e-001       
2.687026e+003       2.480083e-001       
2.692755e+003       2.320964e-001       
2.698485e+003       2.162568e-001       
2.704214e+003       1.993324e-001       
2.709943e+003       1.871815e-001       
2.715672e+003       1.735841e-001       
2.721402e+003       1.617948e-001       
2.727131e+003       1.509458e-001       
2.732860e+003       1.437131e-001       
2.738589e+003       1.359742e-001       
2.744319e+003       1.309837e-001       
2.750048e+003       1.285245e-001       
2.755777e+003       1.273673e-001       
2.761506e+003       1.251975e-001       
2.767236e+003       1.263547e-001       
2.772965e+003       1.284522e-001       
2.778694e+003       1.338044e-001       
2.784423e+003       1.393012e-001       
2.790153e+003       1.468955e-001       
2.795882e+003       1.578892e-001       
2.801611e+003       1.685212e-001       
2.807340e+003       1.826973e-001       
2.813070e+003       1.948481e-001       
2.818799e+003       2.095305e-001       
2.824528e+003       2.276121e-001       
2.830257e+003       2.448259e-001       
2.835987e+003       2.595082e-001       
2.841716e+003       2.765050e-001       
2.847445e+003       2.918382e-001       
2.853174e+003       3.065206e-001       
2.858904e+003       3.209859e-001       
2.864633e+003       3.331368e-001       
2.870362e+003       3.440581e-001       
2.876091e+003       3.552687e-001       
2.881821e+003       3.637310e-001       
2.887550e+003       3.680706e-001       
2.893279e+003       3.708190e-001       
2.899008e+003       3.714699e-001       
2.904738e+003       3.702404e-001       
2.910467e+003       3.674920e-001       
2.916196e+003       3.595360e-001       
2.921925e+003       3.528096e-001       
2.927655e+003       3.446367e-001       
