Calculated Z (nm)   Deflection (V)      
Extend Data
0.000000e+000       3.216368e-001       
5.729293e+000       3.309670e-001       
1.145859e+001       3.369701e-001       
1.718788e+001       3.452877e-001       
2.291717e+001       3.530266e-001       
2.864647e+001       3.581618e-001       
3.437576e+001       3.629354e-001       
4.010505e+001       3.673473e-001       
4.583435e+001       3.690832e-001       
5.156364e+001       3.711083e-001       
5.729293e+001       3.694448e-001       
6.302223e+001       3.661177e-001       
6.875152e+001       3.611272e-001       
7.448081e+001       3.557027e-001       
8.021011e+001       3.458663e-001       
8.593940e+001       3.371871e-001       
9.166869e+001       3.260488e-001       
9.739799e+001       3.131023e-001       
1.031273e+002       3.005174e-001       
1.088566e+002       2.869200e-001       
1.145859e+002       2.748415e-001       
1.203152e+002       2.585680e-001       
1.260445e+002       2.432347e-001       
1.317737e+002       2.281184e-001       
1.375030e+002       2.126405e-001       
1.432323e+002       1.998387e-001       
1.489616e+002       1.855903e-001       
1.546909e+002       1.728608e-001       
1.604202e+002       1.616502e-001       
1.661495e+002       1.536219e-001       
1.718788e+002       1.434238e-001       
1.776081e+002       1.374207e-001       
1.833374e+002       1.316346e-001       
1.890667e+002       1.282352e-001       
1.947960e+002       1.268610e-001       
2.005253e+002       1.262101e-001       
2.062546e+002       1.302604e-001       
2.119839e+002       1.317793e-001       
2.177132e+002       1.387949e-001       
2.234424e+002       1.420496e-001       
2.291717e+002       1.492100e-001       
2.349010e+002       1.579615e-001       
2.406303e+002       1.674363e-001       
2.463596e+002       1.777790e-001       
2.520889e+002       1.866752e-001       
2.578182e+002       2.004173e-001       
2.635475e+002       2.132191e-001       
2.692768e+002       2.263102e-001       
2.750060e+002       2.405586e-001       
2.807353e+002       2.550963e-001       
2.864646e+002       2.682597e-001       
2.921939e+002       2.830144e-001       
2.979232e+002       2.989986e-001       
3.036524e+002       3.120174e-001       
3.093817e+002       3.244576e-001       
3.151110e+002       3.373317e-001       
3.208403e+002       3.479638e-001       
3.265695e+002       3.588127e-001       
3.322988e+002       3.674196e-001       
3.380281e+002       3.728441e-001       
3.437574e+002       3.786303e-001       
3.494867e+002       3.811617e-001       
3.552159e+002       3.809447e-001       
3.609452e+002       3.792089e-001       
3.666745e+002       3.756649e-001       
3.724038e+002       3.719039e-001       
3.781331e+002       3.665517e-001       
3.838623e+002       3.561367e-001       
3.895916e+002       3.456493e-001       
3.953209e+002       3.352343e-001       
4.010502e+002       3.207689e-001       
4.067794e+002       3.073162e-001       
4.125087e+002       2.910427e-001       
4.182380e+002       2.744798e-001       
4.239673e+002       2.600868e-001       
4.296966e+002       2.438133e-001       
4.354258e+002       2.281907e-001       
4.411551e+002       2.127128e-001       
4.468844e+002       1.986814e-001       
4.526137e+002       1.850840e-001       
4.583430e+002       1.735841e-001       
4.640722e+002       1.612885e-001       
4.698015e+002       1.522477e-001       
4.755308e+002       1.432792e-001       
4.812601e+002       1.348170e-001       
4.869893e+002       1.318516e-001       
4.927186e+002       1.280183e-001       
4.984479e+002       1.287415e-001       
5.041772e+002       1.283799e-001       
5.099065e+002       1.319962e-001       
5.156357e+002       1.351063e-001       
5.213651e+002       1.418327e-001       
5.270944e+002       1.479081e-001       
5.328237e+002       1.577445e-001       
5.385530e+002       1.649772e-001       
5.442823e+002       1.745967e-001       
5.500116e+002       1.879048e-001       
5.557409e+002       2.010682e-001       
5.614702e+002       2.103260e-001       
5.671995e+002       2.238511e-001       
5.729288e+002       2.397630e-001       
5.786581e+002       2.537221e-001       
5.843875e+002       2.683321e-001       
5.901168e+002       2.833760e-001       
5.958461e+002       2.964672e-001       
6.015754e+002       3.094136e-001       
6.073047e+002       3.240959e-001       
6.130340e+002       3.360299e-001       
6.187633e+002       3.494826e-001       
6.244926e+002       3.564983e-001       
6.302219e+002       3.645989e-001       
6.359512e+002       3.709636e-001       
6.416805e+002       3.739291e-001       
6.474099e+002       3.759542e-001       
6.531392e+002       3.773284e-001       
6.588685e+002       3.726272e-001       
6.645978e+002       3.666241e-001       
6.703271e+002       3.564260e-001       
6.760564e+002       3.463002e-001       
6.817857e+002       3.352343e-001       
6.875150e+002       3.227940e-001       
6.932443e+002       3.100646e-001       
6.989736e+002       2.941527e-001       
7.047029e+002       2.783131e-001       
7.104323e+002       2.662346e-001       
7.161616e+002       2.506120e-001       
7.218909e+002       2.370146e-001       
7.276202e+002       2.232002e-001       
7.333495e+002       2.080116e-001       
7.390788e+002       1.962223e-001       
7.448081e+002       1.847224e-001       
7.505374e+002       1.758262e-001       
7.562667e+002       1.683766e-001       
7.619960e+002       1.612162e-001       
7.677253e+002       1.535496e-001       
7.734547e+002       1.498609e-001       
7.791840e+002       1.493546e-001       
7.849133e+002       1.485590e-001       
7.906426e+002       1.497163e-001       
7.963719e+002       1.505119e-001       
8.021012e+002       1.539112e-001       
8.078305e+002       1.599143e-001       
8.135598e+002       1.645432e-001       
8.192891e+002       1.724992e-001       
8.250184e+002       1.808891e-001       
8.307477e+002       1.892790e-001       
8.364771e+002       1.991877e-001       
8.422064e+002       2.112663e-001       
8.479357e+002       2.200902e-001       
8.536650e+002       2.310838e-001       
8.593943e+002       2.442473e-001       
8.651236e+002       2.545176e-001       
8.708529e+002       2.655836e-001       
8.765822e+002       2.775176e-001       
8.823115e+002       2.889452e-001       
8.880408e+002       2.995049e-001       
8.937701e+002       3.103539e-001       
8.994995e+002       3.227217e-001       
9.052288e+002       3.319795e-001       
9.109581e+002       3.417436e-001       
9.166874e+002       3.499166e-001       
9.224167e+002       3.566430e-001       
9.281460e+002       3.628631e-001       
9.338753e+002       3.666241e-001       
9.396046e+002       3.683599e-001       
9.453339e+002       3.685769e-001       
9.510632e+002       3.680706e-001       
9.567925e+002       3.649605e-001       
9.625219e+002       3.588127e-001       
9.682512e+002       3.515078e-001       
9.739805e+002       3.418883e-001       
9.797098e+002       3.288695e-001       
9.854391e+002       3.158507e-001       
9.911684e+002       3.025426e-001       
9.968977e+002       2.840270e-001       
1.002627e+003       2.700679e-001       
1.008356e+003       2.525648e-001       
1.014086e+003       2.358574e-001       
1.019815e+003       2.200902e-001       
1.025544e+003       2.061311e-001       
1.031273e+003       1.906532e-001       
1.037003e+003       1.760432e-001       
1.042732e+003       1.623011e-001       
1.048461e+003       1.513075e-001       
1.054190e+003       1.437131e-001       
1.059920e+003       1.362635e-001       
1.065649e+003       1.315623e-001       
1.071378e+003       1.272227e-001       
1.077107e+003       1.252698e-001       
1.082837e+003       1.259931e-001       
1.088566e+003       1.265717e-001       
1.094295e+003       1.316346e-001       
1.100024e+003       1.372761e-001       
1.105754e+003       1.442918e-001       
1.111483e+003       1.530433e-001       
1.117212e+003       1.635307e-001       
1.122941e+003       1.743797e-001       
1.128671e+003       1.867475e-001       
1.134400e+003       1.988984e-001       
1.140129e+003       2.160399e-001       
1.145858e+003       2.309391e-001       
1.151588e+003       2.451152e-001       
1.157317e+003       2.606654e-001       
1.163046e+003       2.736119e-001       
1.168775e+003       2.887282e-001       
1.174505e+003       3.020363e-001       
1.180234e+003       3.155614e-001       
1.185963e+003       3.275676e-001       
1.191692e+003       3.381996e-001       
1.197422e+003       3.474575e-001       
1.203151e+003       3.566430e-001       
1.208880e+003       3.605486e-001       
1.214609e+003       3.644542e-001       
1.220339e+003       3.694448e-001       
1.226068e+003       3.726272e-001       
1.231797e+003       3.708190e-001       
1.237526e+003       3.708190e-001       
1.243256e+003       3.704574e-001       
1.248985e+003       3.662624e-001       
1.254714e+003       3.607656e-001       
1.260443e+003       3.554134e-001       
1.266173e+003       3.478191e-001       
1.271902e+003       3.369701e-001       
1.277631e+003       3.284355e-001       
1.283360e+003       3.174419e-001       
1.289090e+003       3.050740e-001       
1.294819e+003       2.912596e-001       
1.300548e+003       2.767220e-001       
1.306277e+003       2.613887e-001       
1.312007e+003       2.490208e-001       
1.317736e+003       2.342662e-001       
1.323465e+003       2.214644e-001       
1.329194e+003       2.062757e-001       
1.334924e+003       1.926783e-001       
1.340653e+003       1.796595e-001       
1.346382e+003       1.680873e-001       
1.352111e+003       1.583955e-001       
1.357841e+003       1.503672e-001       
1.363570e+003       1.415434e-001       
1.369299e+003       1.370591e-001       
1.375028e+003       1.335874e-001       
1.380758e+003       1.306220e-001       
1.386487e+003       1.263547e-001       
1.392216e+003       1.284522e-001       
1.397945e+003       1.293201e-001       
1.403675e+003       1.328641e-001       
1.409404e+003       1.385780e-001       
1.415133e+003       1.460276e-001       
1.420862e+003       1.521031e-001       
1.426592e+003       1.629521e-001       
1.432321e+003       1.734394e-001       
1.438050e+003       1.847947e-001       
1.443779e+003       1.973796e-001       
1.449509e+003       2.105430e-001       
1.455238e+003       2.250807e-001       
1.460967e+003       2.391844e-001       
1.466696e+003       2.547346e-001       
1.472426e+003       2.681874e-001       
1.478155e+003       2.854735e-001       
1.483884e+003       2.985646e-001       
1.489613e+003       3.128853e-001       
1.495343e+003       3.232280e-001       
1.501072e+003       3.361022e-001       
1.506801e+003       3.457216e-001       
1.512530e+003       3.546901e-001       
1.518260e+003       3.627184e-001       
1.523989e+003       3.679259e-001       
1.529718e+003       3.732781e-001       
1.535447e+003       3.747970e-001       
1.541177e+003       3.709636e-001       
1.546906e+003       3.710360e-001       
1.552635e+003       3.677090e-001       
1.558364e+003       3.599700e-001       
1.564094e+003       3.519417e-001       
1.569823e+003       3.432625e-001       
1.575552e+003       3.327028e-001       
1.581281e+003       3.234450e-001       
1.587010e+003       3.100646e-001       
1.592740e+003       2.966841e-001       
1.598469e+003       2.837377e-001       
1.604198e+003       2.700679e-001       
1.609927e+003       2.549516e-001       
1.615657e+003       2.427284e-001       
1.621386e+003       2.322410e-001       
1.627115e+003       2.189329e-001       
1.632844e+003       2.063481e-001       
1.638574e+003       1.958607e-001       
1.644303e+003       1.868922e-001       
1.650032e+003       1.779960e-001       
1.655761e+003       1.703294e-001       
1.661491e+003       1.618672e-001       
1.667220e+003       1.581062e-001       
1.672949e+003       1.534773e-001       
1.678678e+003       1.507288e-001       
1.684408e+003       1.476911e-001       
1.690137e+003       1.487037e-001       
1.695866e+003       1.492100e-001       
1.701595e+003       1.524647e-001       
1.707325e+003       7.594304e-002       
1.713054e+003       1.055970e-001       
1.718783e+003       3.191777e-001       
1.724512e+003       5.410761e-001       
1.730242e+003       7.737510e-001       
1.735971e+003       1.008162e+000       
1.741700e+003       1.242862e+000       
1.747429e+003       1.478068e+000       
1.753159e+003       1.722822e+000       
1.758888e+003       1.967648e+000       
1.764617e+003       2.213848e+000       
1.770346e+003       2.368844e+000       
1.776076e+003       2.369784e+000       
1.781805e+003       2.369784e+000       
1.787534e+003       2.369784e+000       
1.793263e+003       2.369784e+000       
1.798993e+003       2.369784e+000       
1.804722e+003       2.369784e+000       
1.810451e+003       2.369784e+000       
1.816180e+003       2.369784e+000       
1.821910e+003       2.369784e+000       
1.827639e+003       2.369784e+000       
1.833368e+003       2.369784e+000       
1.839097e+003       2.369784e+000       
1.844827e+003       2.369784e+000       
1.850556e+003       2.369784e+000       
1.856285e+003       2.369784e+000       
1.862014e+003       2.369784e+000       
1.867744e+003       2.369784e+000       
1.873473e+003       2.369784e+000       
1.879202e+003       2.369784e+000       
1.884931e+003       2.369784e+000       
1.890661e+003       2.369784e+000       
1.896390e+003       2.369784e+000       
1.902119e+003       2.369784e+000       
1.907848e+003       2.369784e+000       
1.913578e+003       2.369784e+000       
1.919307e+003       2.369784e+000       
1.925036e+003       2.369784e+000       
1.930765e+003       2.369784e+000       
1.936495e+003       2.369784e+000       
1.942224e+003       2.369784e+000       
1.947953e+003       2.369784e+000       
1.953682e+003       2.369784e+000       
1.959412e+003       2.369784e+000       
1.965141e+003       2.369784e+000       
1.970870e+003       2.369784e+000       
1.976599e+003       2.369784e+000       
1.982329e+003       2.369784e+000       
1.988058e+003       2.369784e+000       
1.993787e+003       2.369784e+000       
1.999516e+003       2.369784e+000       
2.005246e+003       2.369784e+000       
2.010975e+003       2.369784e+000       
2.016704e+003       2.369784e+000       
2.022433e+003       2.369784e+000       
2.028163e+003       2.369784e+000       
2.033892e+003       2.369784e+000       
2.039621e+003       2.369784e+000       
2.045350e+003       2.369784e+000       
2.051080e+003       2.369784e+000       
2.056809e+003       2.369784e+000       
2.062538e+003       2.369784e+000       
2.068267e+003       2.369784e+000       
2.073997e+003       2.369784e+000       
2.079726e+003       2.369784e+000       
2.085455e+003       2.369784e+000       
2.091184e+003       2.369784e+000       
2.096914e+003       2.369784e+000       
2.102643e+003       2.369784e+000       
2.108372e+003       2.369784e+000       
2.114101e+003       2.369784e+000       
2.119831e+003       2.369784e+000       
2.125560e+003       2.369784e+000       
2.131289e+003       2.369784e+000       
2.137018e+003       2.369784e+000       
2.142748e+003       2.369784e+000       
2.148477e+003       2.369784e+000       
2.154206e+003       2.369784e+000       
2.159935e+003       2.369784e+000       
2.165665e+003       2.369784e+000       
2.171394e+003       2.369784e+000       
2.177123e+003       2.369784e+000       
2.182852e+003       2.369784e+000       
2.188582e+003       2.369784e+000       
2.194311e+003       2.369784e+000       
2.200040e+003       2.369784e+000       
2.205769e+003       2.369784e+000       
2.211499e+003       2.369784e+000       
2.217228e+003       2.369784e+000       
2.222957e+003       2.369784e+000       
2.228686e+003       2.369784e+000       
2.234416e+003       2.369784e+000       
2.240145e+003       2.369784e+000       
2.245874e+003       2.369784e+000       
2.251603e+003       2.369784e+000       
2.257333e+003       2.369784e+000       
2.263062e+003       2.369784e+000       
2.268791e+003       2.369784e+000       
2.274520e+003       2.369784e+000       
2.280250e+003       2.369784e+000       
2.285979e+003       2.369784e+000       
2.291708e+003       2.369784e+000       
2.297437e+003       2.369784e+000       
2.303167e+003       2.369784e+000       
2.308896e+003       2.369784e+000       
2.314625e+003       2.369784e+000       
2.320354e+003       2.369784e+000       
2.326083e+003       2.369784e+000       
2.331813e+003       2.369784e+000       
2.337542e+003       2.369784e+000       
2.343271e+003       2.369784e+000       
2.349000e+003       2.369784e+000       
2.354730e+003       2.369784e+000       
2.360459e+003       2.369784e+000       
2.366188e+003       2.369784e+000       
2.371917e+003       2.369784e+000       
2.377647e+003       2.369784e+000       
2.383376e+003       2.369784e+000       
2.389105e+003       2.369784e+000       
2.394834e+003       2.369784e+000       
2.400564e+003       2.369784e+000       
2.406293e+003       2.369784e+000       
2.412022e+003       2.369784e+000       
2.417751e+003       2.369784e+000       
2.423481e+003       2.369784e+000       
2.429210e+003       2.369784e+000       
2.434939e+003       2.369784e+000       
2.440668e+003       2.369784e+000       
2.446398e+003       2.369784e+000       
2.452127e+003       2.369784e+000       
2.457856e+003       2.369784e+000       
2.463585e+003       2.369784e+000       
2.469315e+003       2.369784e+000       
2.475044e+003       2.369784e+000       
2.480773e+003       2.369784e+000       
2.486502e+003       2.369784e+000       
2.492232e+003       2.369784e+000       
2.497961e+003       2.369784e+000       
2.503690e+003       2.369784e+000       
2.509419e+003       2.369784e+000       
2.515149e+003       2.369784e+000       
2.520878e+003       2.369784e+000       
2.526607e+003       2.369784e+000       
2.532336e+003       2.369784e+000       
2.538066e+003       2.369784e+000       
2.543795e+003       2.369784e+000       
2.549524e+003       2.369784e+000       
2.555253e+003       2.369784e+000       
2.560983e+003       2.369784e+000       
2.566712e+003       2.369784e+000       
2.572441e+003       2.369784e+000       
2.578170e+003       2.369784e+000       
2.583900e+003       2.369784e+000       
2.589629e+003       2.369784e+000       
2.595358e+003       2.369784e+000       
2.601087e+003       2.369784e+000       
2.606817e+003       2.369784e+000       
2.612546e+003       2.369784e+000       
2.618275e+003       2.369784e+000       
2.624004e+003       2.369784e+000       
2.629734e+003       2.369784e+000       
2.635463e+003       2.369784e+000       
2.641192e+003       2.369784e+000       
2.646921e+003       2.369784e+000       
2.652651e+003       2.369784e+000       
2.658380e+003       2.369784e+000       
2.664109e+003       2.369784e+000       
2.669838e+003       2.369784e+000       
2.675568e+003       2.369784e+000       
2.681297e+003       2.369784e+000       
2.687026e+003       2.369784e+000       
2.692755e+003       2.369784e+000       
2.698485e+003       2.369784e+000       
2.704214e+003       2.369784e+000       
2.709943e+003       2.369784e+000       
2.715672e+003       2.369784e+000       
2.721402e+003       2.369784e+000       
2.727131e+003       2.369784e+000       
2.732860e+003       2.369784e+000       
2.738589e+003       2.369784e+000       
2.744319e+003       2.369784e+000       
2.750048e+003       2.369784e+000       
2.755777e+003       2.369784e+000       
2.761506e+003       2.369784e+000       
2.767236e+003       2.369784e+000       
2.772965e+003       2.369784e+000       
2.778694e+003       2.369784e+000       
2.784423e+003       2.369784e+000       
2.790153e+003       2.369784e+000       
2.795882e+003       2.369784e+000       
2.801611e+003       2.369784e+000       
2.807340e+003       2.369784e+000       
2.813070e+003       2.369784e+000       
2.818799e+003       2.369784e+000       
2.824528e+003       2.369784e+000       
2.830257e+003       2.369784e+000       
2.835987e+003       2.369784e+000       
2.841716e+003       2.369784e+000       
2.847445e+003       2.369784e+000       
2.853174e+003       2.369784e+000       
2.858904e+003       2.369784e+000       
2.864633e+003       2.369784e+000       
2.870362e+003       2.369784e+000       
2.876091e+003       2.369784e+000       
2.881821e+003       2.369784e+000       
2.887550e+003       2.369784e+000       
2.893279e+003       2.369784e+000       
2.899008e+003       2.369784e+000       
2.904738e+003       2.369784e+000       
2.910467e+003       2.369784e+000       
2.916196e+003       2.369784e+000       
2.921925e+003       2.369784e+000       
2.927655e+003       2.369784e+000       

Retract Data
0.000000e+000       2.369784e+000       
5.729293e+000       2.369784e+000       
1.145859e+001       2.369784e+000       
1.718788e+001       2.369784e+000       
2.291717e+001       2.369784e+000       
2.864647e+001       2.369784e+000       
3.437576e+001       2.369784e+000       
4.010505e+001       2.369784e+000       
4.583435e+001       2.369784e+000       
5.156364e+001       2.369784e+000       
5.729293e+001       2.369784e+000       
6.302223e+001       2.369784e+000       
6.875152e+001       2.369784e+000       
7.448081e+001       2.369784e+000       
8.021011e+001       2.369784e+000       
8.593940e+001       2.369784e+000       
9.166869e+001       2.369784e+000       
9.739799e+001       2.369784e+000       
1.031273e+002       2.369784e+000       
1.088566e+002       2.369784e+000       
1.145859e+002       2.369784e+000       
1.203152e+002       2.369784e+000       
1.260445e+002       2.369784e+000       
1.317737e+002       2.369784e+000       
1.375030e+002       2.369784e+000       
1.432323e+002       2.369784e+000       
1.489616e+002       2.369784e+000       
1.546909e+002       2.369784e+000       
1.604202e+002       2.369784e+000       
1.661495e+002       2.369784e+000       
1.718788e+002       2.369784e+000       
1.776081e+002       2.369784e+000       
1.833374e+002       2.369784e+000       
1.890667e+002       2.369784e+000       
1.947960e+002       2.369784e+000       
2.005253e+002       2.369784e+000       
2.062546e+002       2.369784e+000       
2.119839e+002       2.369784e+000       
2.177132e+002       2.369784e+000       
2.234424e+002       2.369784e+000       
2.291717e+002       2.369784e+000       
2.349010e+002       2.369784e+000       
2.406303e+002       2.369784e+000       
2.463596e+002       2.369784e+000       
2.520889e+002       2.369784e+000       
2.578182e+002       2.369784e+000       
2.635475e+002       2.369784e+000       
2.692768e+002       2.369784e+000       
2.750060e+002       2.369784e+000       
2.807353e+002       2.369784e+000       
2.864646e+002       2.369784e+000       
2.921939e+002       2.369784e+000       
2.979232e+002       2.369784e+000       
3.036524e+002       2.369784e+000       
3.093817e+002       2.369784e+000       
3.151110e+002       2.369784e+000       
3.208403e+002       2.369784e+000       
3.265695e+002       2.369784e+000       
3.322988e+002       2.369784e+000       
3.380281e+002       2.369784e+000       
3.437574e+002       2.369784e+000       
3.494867e+002       2.369784e+000       
3.552159e+002       2.369784e+000       
3.609452e+002       2.369784e+000       
3.666745e+002       2.369784e+000       
3.724038e+002       2.369784e+000       
3.781331e+002       2.369784e+000       
3.838623e+002       2.369784e+000       
3.895916e+002       2.369784e+000       
3.953209e+002       2.369784e+000       
4.010502e+002       2.369784e+000       
4.067794e+002       2.369784e+000       
4.125087e+002       2.369784e+000       
4.182380e+002       2.369784e+000       
4.239673e+002       2.369784e+000       
4.296966e+002       2.369784e+000       
4.354258e+002       2.369784e+000       
4.411551e+002       2.369784e+000       
4.468844e+002       2.369784e+000       
4.526137e+002       2.369784e+000       
4.583430e+002       2.369784e+000       
4.640722e+002       2.369784e+000       
4.698015e+002       2.369784e+000       
4.755308e+002       2.369784e+000       
4.812601e+002       2.369784e+000       
4.869893e+002       2.369784e+000       
4.927186e+002       2.369784e+000       
4.984479e+002       2.369784e+000       
5.041772e+002       2.369784e+000       
5.099065e+002       2.369784e+000       
5.156357e+002       2.369784e+000       
5.213651e+002       2.369784e+000       
5.270944e+002       2.369784e+000       
5.328237e+002       2.369784e+000       
5.385530e+002       2.369784e+000       
5.442823e+002       2.369784e+000       
5.500116e+002       2.369784e+000       
5.557409e+002       2.369784e+000       
5.614702e+002       2.369784e+000       
5.671995e+002       2.369784e+000       
5.729288e+002       2.369784e+000       
5.786581e+002       2.369784e+000       
5.843875e+002       2.369784e+000       
5.901168e+002       2.369784e+000       
5.958461e+002       2.369784e+000       
6.015754e+002       2.369784e+000       
6.073047e+002       2.369784e+000       
6.130340e+002       2.369784e+000       
6.187633e+002       2.369784e+000       
6.244926e+002       2.369784e+000       
6.302219e+002       2.369784e+000       
6.359512e+002       2.369784e+000       
6.416805e+002       2.369784e+000       
6.474099e+002       2.369784e+000       
6.531392e+002       2.369784e+000       
6.588685e+002       2.369784e+000       
6.645978e+002       2.369784e+000       
6.703271e+002       2.369784e+000       
6.760564e+002       2.369784e+000       
6.817857e+002       2.369784e+000       
6.875150e+002       2.369784e+000       
6.932443e+002       2.369784e+000       
6.989736e+002       2.369784e+000       
7.047029e+002       2.369784e+000       
7.104323e+002       2.369784e+000       
7.161616e+002       2.369784e+000       
7.218909e+002       2.369784e+000       
7.276202e+002       2.369784e+000       
7.333495e+002       2.369784e+000       
7.390788e+002       2.369784e+000       
7.448081e+002       2.369784e+000       
7.505374e+002       2.369784e+000       
7.562667e+002       2.369784e+000       
7.619960e+002       2.369784e+000       
7.677253e+002       2.369784e+000       
7.734547e+002       2.369784e+000       
7.791840e+002       2.369784e+000       
7.849133e+002       2.369784e+000       
7.906426e+002       2.369784e+000       
7.963719e+002       2.369784e+000       
8.021012e+002       2.369784e+000       
8.078305e+002       2.369784e+000       
8.135598e+002       2.369784e+000       
8.192891e+002       2.369784e+000       
8.250184e+002       2.369784e+000       
8.307477e+002       2.369784e+000       
8.364771e+002       2.369784e+000       
8.422064e+002       2.369784e+000       
8.479357e+002       2.369784e+000       
8.536650e+002       2.369784e+000       
8.593943e+002       2.369784e+000       
8.651236e+002       2.369784e+000       
8.708529e+002       2.369784e+000       
8.765822e+002       2.369784e+000       
8.823115e+002       2.369784e+000       
8.880408e+002       2.369784e+000       
8.937701e+002       2.369784e+000       
8.994995e+002       2.369784e+000       
9.052288e+002       2.369784e+000       
9.109581e+002       2.369784e+000       
9.166874e+002       2.369784e+000       
9.224167e+002       2.369784e+000       
9.281460e+002       2.369784e+000       
9.338753e+002       2.369784e+000       
9.396046e+002       2.369784e+000       
9.453339e+002       2.369784e+000       
9.510632e+002       2.369784e+000       
9.567925e+002       2.369784e+000       
9.625219e+002       2.369784e+000       
9.682512e+002       2.369784e+000       
9.739805e+002       2.369784e+000       
9.797098e+002       2.369784e+000       
9.854391e+002       2.369784e+000       
9.911684e+002       2.369784e+000       
9.968977e+002       2.369784e+000       
1.002627e+003       2.369784e+000       
1.008356e+003       2.369784e+000       
1.014086e+003       2.369784e+000       
1.019815e+003       2.369784e+000       
1.025544e+003       2.369784e+000       
1.031273e+003       2.369784e+000       
1.037003e+003       2.369784e+000       
1.042732e+003       2.369784e+000       
1.048461e+003       2.369784e+000       
1.054190e+003       2.369784e+000       
1.059920e+003       2.369784e+000       
1.065649e+003       2.369784e+000       
1.071378e+003       2.369784e+000       
1.077107e+003       2.369784e+000       
1.082837e+003       2.369784e+000       
1.088566e+003       2.369784e+000       
1.094295e+003       2.369784e+000       
1.100024e+003       2.369784e+000       
1.105754e+003       2.369784e+000       
1.111483e+003       2.369784e+000       
1.117212e+003       2.369784e+000       
1.122941e+003       2.369784e+000       
1.128671e+003       2.369784e+000       
1.134400e+003       2.369784e+000       
1.140129e+003       2.369784e+000       
1.145858e+003       2.369784e+000       
1.151588e+003       2.369784e+000       
1.157317e+003       2.369784e+000       
1.163046e+003       2.369784e+000       
1.168775e+003       2.369784e+000       
1.174505e+003       2.369784e+000       
1.180234e+003       2.369784e+000       
1.185963e+003       2.369784e+000       
1.191692e+003       2.369784e+000       
1.197422e+003       2.369784e+000       
1.203151e+003       2.369784e+000       
1.208880e+003       2.316118e+000       
1.214609e+003       2.120185e+000       
1.220339e+003       1.898865e+000       
1.226068e+003       1.681379e+000       
1.231797e+003       1.457238e+000       
1.237526e+003       1.222466e+000       
1.243256e+003       9.854513e-001       
1.248985e+003       7.497386e-001       
1.254714e+003       5.182931e-001       
1.260443e+003       2.895238e-001       
1.266173e+003       6.755314e-002       
1.271902e+003       -1.442918e-001      
1.277631e+003       -3.489763e-001      
1.283360e+003       -5.428842e-001      
1.289090e+003       -7.018583e-001      
1.294819e+003       -8.470180e-001      
1.300548e+003       -9.641149e-001      
1.306277e+003       1.303327e-001       
1.312007e+003       1.552854e-001       
1.317736e+003       1.617225e-001       
1.323465e+003       1.756816e-001       
1.329194e+003       1.860966e-001       
1.334924e+003       1.944865e-001       
1.340653e+003       2.048292e-001       
1.346382e+003       2.175587e-001       
1.352111e+003       2.267442e-001       
1.357841e+003       2.394737e-001       
1.363570e+003       2.545176e-001       
1.369299e+003       2.667409e-001       
1.375028e+003       2.805553e-001       
1.380758e+003       2.934294e-001       
1.386487e+003       3.039891e-001       
1.392216e+003       3.151998e-001       
1.397945e+003       3.290865e-001       
1.403675e+003       3.405864e-001       
1.409404e+003       3.496273e-001       
1.415133e+003       3.570769e-001       
1.420862e+003       3.621398e-001       
1.426592e+003       3.696618e-001       
1.432321e+003       3.714699e-001       
1.438050e+003       3.726272e-001       
1.443779e+003       3.732781e-001       
1.449509e+003       3.713253e-001       
1.455238e+003       3.672750e-001       
1.460967e+003       3.612719e-001       
1.466696e+003       3.518694e-001       
1.472426e+003       3.430455e-001       
1.478155e+003       3.321965e-001       
1.483884e+003       3.203349e-001       
1.489613e+003       3.059419e-001       
1.495343e+003       2.947313e-001       
1.501072e+003       2.794704e-001       
1.506801e+003       2.658730e-001       
1.512530e+003       2.493101e-001       
1.518260e+003       2.365083e-001       
1.523989e+003       2.203795e-001       
1.529718e+003       2.083009e-001       
1.535447e+003       1.937632e-001       
1.541177e+003       1.816123e-001       
1.546906e+003       1.700401e-001       
1.552635e+003       1.620841e-001       
1.558364e+003       1.523200e-001       
1.564094e+003       1.458829e-001       
1.569823e+003       1.391566e-001       
1.575552e+003       1.332981e-001       
1.581281e+003       1.314899e-001       
1.587010e+003       1.284522e-001       
1.592740e+003       1.280906e-001       
1.598469e+003       1.288138e-001       
1.604198e+003       1.330088e-001       
1.609927e+003       1.373484e-001       
1.615657e+003       1.438578e-001       
1.621386e+003       1.502949e-001       
1.627115e+003       1.597697e-001       
1.632844e+003       1.698954e-001       
1.638574e+003       1.800212e-001       
1.644303e+003       1.930400e-001       
1.650032e+003       2.057695e-001       
1.655761e+003       2.203795e-001       
1.661491e+003       2.337599e-001       
1.667220e+003       2.467787e-001       
1.672949e+003       2.608824e-001       
1.678678e+003       2.752031e-001       
1.684408e+003       2.880772e-001       
1.690137e+003       3.026872e-001       
1.695866e+003       3.134639e-001       
1.701595e+003       3.255425e-001       
1.707325e+003       3.338600e-001       
1.713054e+003       3.460833e-001       
1.718783e+003       3.538222e-001       
1.724512e+003       3.595360e-001       
1.730242e+003       3.654668e-001       
1.735971e+003       3.696618e-001       
1.741700e+003       3.700234e-001       
1.747429e+003       3.711083e-001       
1.753159e+003       3.716869e-001       
1.758888e+003       3.707467e-001       
1.764617e+003       3.675643e-001       
1.770346e+003       3.642372e-001       
1.776076e+003       3.564983e-001       
1.781805e+003       3.491210e-001       
1.787534e+003       3.397909e-001       
1.793263e+003       3.302437e-001       
1.798993e+003       3.222154e-001       
1.804722e+003       3.078224e-001       
1.810451e+003       2.952376e-001       
1.816180e+003       2.806999e-001       
1.821910e+003       2.675365e-001       
1.827639e+003       2.524925e-001       
1.833368e+003       2.385335e-001       
1.839097e+003       2.226216e-001       
1.844827e+003       2.084455e-001       
1.850556e+003       1.939079e-001       
1.856285e+003       1.812507e-001       
1.862014e+003       1.688828e-001       
1.867744e+003       1.589018e-001       
1.873473e+003       1.483421e-001       
1.879202e+003       1.422666e-001       
1.884931e+003       1.361188e-001       
1.890661e+003       1.309113e-001       
1.896390e+003       1.270057e-001       
1.902119e+003       1.238956e-001       
1.907848e+003       1.260654e-001       
1.913578e+003       1.280906e-001       
1.919307e+003       1.301157e-001       
1.925036e+003       1.374207e-001       
1.930765e+003       1.434962e-001       
1.936495e+003       1.547791e-001       
1.942224e+003       1.650495e-001       
1.947953e+003       1.752476e-001       
1.953682e+003       1.923167e-001       
1.959412e+003       2.051185e-001       
1.965141e+003       2.216813e-001       
1.970870e+003       2.383888e-001       
1.976599e+003       2.561812e-001       
1.982329e+003       2.709358e-001       
1.988058e+003       2.857628e-001       
1.993787e+003       3.036998e-001       
1.999516e+003       3.179482e-001       
2.005246e+003       3.309670e-001       
2.010975e+003       3.405141e-001       
2.016704e+003       3.507122e-001       
2.022433e+003       3.555581e-001       
2.028163e+003       3.622121e-001       
2.033892e+003       3.679982e-001       
2.039621e+003       3.690832e-001       
2.045350e+003       3.664794e-001       
2.051080e+003       3.622121e-001       
2.056809e+003       3.595360e-001       
2.062538e+003       3.541115e-001       
2.068267e+003       3.485424e-001       
2.073997e+003       3.381996e-001       
2.079726e+003       3.285802e-001       
2.085455e+003       3.205519e-001       
2.091184e+003       3.104985e-001       
2.096914e+003       2.993602e-001       
2.102643e+003       2.875710e-001       
2.108372e+003       2.749138e-001       
2.114101e+003       2.621120e-001       
2.119831e+003       2.524202e-001       
2.125560e+003       2.418605e-001       
2.131289e+003       2.292033e-001       
2.137018e+003       2.194392e-001       
2.142748e+003       2.064204e-001       
2.148477e+003       1.986814e-001       
2.154206e+003       1.884111e-001       
2.159935e+003       1.783576e-001       
2.165665e+003       1.710526e-001       
2.171394e+003       1.645432e-001       
2.177123e+003       1.573106e-001       
2.182852e+003       1.510905e-001       
2.188582e+003       1.502226e-001       
2.194311e+003       1.484144e-001       
2.200040e+003       1.466062e-001       
2.205769e+003       1.487037e-001       
2.211499e+003       1.523200e-001       
2.217228e+003       1.560087e-001       
2.222957e+003       1.611439e-001       
2.228686e+003       1.702570e-001       
2.234416e+003       1.805274e-001       
2.240145e+003       1.896406e-001       
2.245874e+003       2.007066e-001       
2.251603e+003       2.131468e-001       
2.257333e+003       2.289863e-001       
2.263062e+003       2.425838e-001       
2.268791e+003       2.571937e-001       
2.274520e+003       2.732503e-001       
2.280250e+003       2.883666e-001       
2.285979e+003       3.029765e-001       
2.291708e+003       3.171526e-001       
2.297437e+003       3.273506e-001       
2.303167e+003       3.402971e-001       
2.308896e+003       3.510015e-001       
2.314625e+003       3.595360e-001       
2.320354e+003       3.666241e-001       
2.326083e+003       3.694448e-001       
2.331813e+003       3.708190e-001       
2.337542e+003       3.737121e-001       
2.343271e+003       3.691555e-001       
2.349000e+003       3.629354e-001       
2.354730e+003       3.541115e-001       
2.360459e+003       3.449984e-001       
2.366188e+003       3.336431e-001       
2.371917e+003       3.242406e-001       
2.377647e+003       3.081118e-001       
2.383376e+003       2.946590e-001       
2.389105e+003       2.793257e-001       
2.394834e+003       2.640648e-001       
2.400564e+003       2.506844e-001       
2.406293e+003       2.334706e-001       
2.412022e+003       2.228386e-001       
2.417751e+003       2.078669e-001       
2.423481e+003       1.967286e-001       
2.429210e+003       1.838545e-001       
2.434939e+003       1.735118e-001       
2.440668e+003       1.632414e-001       
2.446398e+003       1.555747e-001       
2.452127e+003       1.476188e-001       
2.457856e+003       1.381440e-001       
2.463585e+003       1.320686e-001       
2.469315e+003       1.297541e-001       
2.475044e+003       1.264994e-001       
2.480773e+003       1.287415e-001       
2.486502e+003       1.292478e-001       
2.492232e+003       1.341660e-001       
2.497961e+003       1.390842e-001       
2.503690e+003       1.478358e-001       
2.509419e+003       1.568766e-001       
2.515149e+003       1.651942e-001       
2.520878e+003       1.781407e-001       
2.526607e+003       1.935463e-001       
2.532336e+003       2.097474e-001       
2.538066e+003       2.252977e-001       
2.543795e+003       2.428731e-001       
2.549524e+003       2.597252e-001       
2.555253e+003       2.744798e-001       
2.560983e+003       2.917659e-001       
2.566712e+003       3.106432e-001       
2.572441e+003       3.248915e-001       
2.578170e+003       3.387783e-001       
2.583900e+003       3.497719e-001       
2.589629e+003       3.610549e-001       
2.595358e+003       3.693725e-001       
2.601087e+003       3.742907e-001       
2.606817e+003       3.773284e-001       
2.612546e+003       3.795705e-001       
2.618275e+003       3.784856e-001       
2.624004e+003       3.770391e-001       
2.629734e+003       3.719762e-001       
2.635463e+003       3.645989e-001       
2.641192e+003       3.554134e-001       
2.646921e+003       3.416713e-001       
2.652651e+003       3.311116e-001       
2.658380e+003       3.170803e-001       
2.664109e+003       3.025426e-001       
2.669838e+003       2.861967e-001       
2.675568e+003       2.699232e-001       
2.681297e+003       2.547346e-001       
2.687026e+003       2.390397e-001       
2.692755e+003       2.229109e-001       
2.698485e+003       2.094581e-001       
2.704214e+003       1.952098e-001       
2.709943e+003       1.805998e-001       
2.715672e+003       1.690998e-001       
2.721402e+003       1.591911e-001       
2.727131e+003       1.518137e-001       
2.732860e+003       1.448704e-001       
2.738589e+003       1.381440e-001       
2.744319e+003       1.328641e-001       
2.750048e+003       1.296095e-001       
2.755777e+003       1.277290e-001       
2.761506e+003       1.282352e-001       
2.767236e+003       1.297541e-001       
2.772965e+003       1.340214e-001       
2.778694e+003       1.379270e-001       
2.784423e+003       1.463892e-001       
2.790153e+003       1.562980e-001       
2.795882e+003       1.678703e-001       
2.801611e+003       1.796595e-001       
2.807340e+003       1.964393e-001       
2.813070e+003       2.108323e-001       
2.818799e+003       2.261656e-001       
2.824528e+003       2.441026e-001       
2.830257e+003       2.603761e-001       
2.835987e+003       2.762880e-001       
2.841716e+003       2.910427e-001       
2.847445e+003       3.058696e-001       
2.853174e+003       3.225771e-001       
2.858904e+003       3.351619e-001       
2.864633e+003       3.457940e-001       
2.870362e+003       3.543285e-001       
2.876091e+003       3.612719e-001       
2.881821e+003       3.659731e-001       
2.887550e+003       3.685045e-001       
2.893279e+003       3.699511e-001       
2.899008e+003       3.665517e-001       
2.904738e+003       3.653222e-001       
2.910467e+003       3.581618e-001       
2.916196e+003       3.501336e-001       
2.921925e+003       3.407311e-001       
2.927655e+003       3.297374e-001       
