Calculated Z (nm)   Deflection (V)      
Extend Data
0.000000e+000       6.697453e-001       
6.042505e+000       6.596195e-001       
1.208501e+001       6.477579e-001       
1.812751e+001       6.362580e-001       
2.417002e+001       6.279404e-001       
3.021252e+001       6.220819e-001       
3.625503e+001       6.156449e-001       
4.229753e+001       6.106544e-001       
4.834003e+001       6.113053e-001       
5.438254e+001       6.121732e-001       
6.042504e+001       6.127518e-001       
6.646754e+001       6.205631e-001       
7.251005e+001       6.269279e-001       
7.855255e+001       6.348115e-001       
8.459505e+001       6.451542e-001       
9.063756e+001       6.561478e-001       
9.668006e+001       6.705408e-001       
1.027226e+002       6.838490e-001       
1.087651e+002       6.996162e-001       
1.148076e+002       7.183488e-001       
1.208501e+002       7.351286e-001       
1.268926e+002       7.542952e-001       
1.329351e+002       7.758485e-001       
1.389776e+002       7.927006e-001       
1.450201e+002       8.131691e-001       
1.510626e+002       8.291533e-001       
1.571051e+002       8.472350e-001       
1.631476e+002       8.647380e-001       
1.691902e+002       8.786247e-001       
1.752327e+002       8.904864e-001       
1.812752e+002       9.009737e-001       
1.873177e+002       9.077724e-001       
1.933602e+002       9.131969e-001       
1.994027e+002       9.160177e-001       
2.054452e+002       9.161623e-001       
2.114877e+002       9.126906e-001       
2.175302e+002       9.079894e-001       
2.235728e+002       9.015523e-001       
2.296153e+002       8.907033e-001       
2.356578e+002       8.803606e-001       
2.417003e+002       8.684990e-001       
2.477428e+002       8.535997e-001       
2.537853e+002       8.384835e-001       
2.598278e+002       8.204018e-001       
2.658703e+002       8.026817e-001       
2.719128e+002       7.855403e-001       
2.779554e+002       7.676756e-001       
2.839979e+002       7.514021e-001       
2.900404e+002       7.336820e-001       
2.960829e+002       7.166129e-001       
3.021254e+002       7.001225e-001       
3.081679e+002       6.828364e-001       
3.142104e+002       6.693836e-001       
3.202529e+002       6.561478e-001       
3.262954e+002       6.464561e-001       
3.323380e+002       6.361133e-001       
3.383805e+002       6.292423e-001       
3.444230e+002       6.247581e-001       
3.504655e+002       6.212140e-001       
3.565080e+002       6.204184e-001       
3.625505e+002       6.209247e-001       
3.685930e+002       6.241071e-001       
3.746355e+002       6.315567e-001       
3.806780e+002       6.383554e-001       
3.867206e+002       6.472517e-001       
3.927631e+002       6.567264e-001       
3.988056e+002       6.685880e-001       
4.048481e+002       6.811728e-001       
4.108906e+002       6.975187e-001       
4.169331e+002       7.128519e-001       
4.229756e+002       7.347670e-001       
4.290181e+002       7.518361e-001       
4.350606e+002       7.663014e-001       
4.411031e+002       7.844554e-001       
4.471457e+002       8.036219e-001       
4.531882e+002       8.228609e-001       
4.592307e+002       8.371092e-001       
4.652732e+002       8.536720e-001       
4.713157e+002       8.679928e-001       
4.773582e+002       8.784801e-001       
4.834007e+002       8.878102e-001       
4.894432e+002       8.949706e-001       
4.954857e+002       9.011907e-001       
5.015283e+002       9.037945e-001       
5.075708e+002       9.047347e-001       
5.136133e+002       9.002504e-001       
5.196558e+002       8.930178e-001       
5.256982e+002       8.873763e-001       
5.317407e+002       8.782631e-001       
5.377832e+002       8.671972e-001       
5.438257e+002       8.541783e-001       
5.498682e+002       8.412318e-001       
5.559106e+002       8.252476e-001       
5.619531e+002       8.086848e-001       
5.679956e+002       7.909648e-001       
5.740381e+002       7.741850e-001       
5.800806e+002       7.595750e-001       
5.861230e+002       7.404084e-001       
5.921655e+002       7.273896e-001       
5.982080e+002       7.124180e-001       
6.042505e+002       6.977357e-001       
6.102930e+002       6.819685e-001       
6.163354e+002       6.733616e-001       
6.223779e+002       6.626572e-001       
6.284204e+002       6.556416e-001       
6.344629e+002       6.495661e-001       
6.405054e+002       6.464561e-001       
6.465479e+002       6.449372e-001       
6.525903e+002       6.434183e-001       
6.586328e+002       6.458774e-001       
6.646753e+002       6.470346e-001       
6.707178e+002       6.533994e-001       
6.767603e+002       6.559308e-001       
6.828027e+002       6.639591e-001       
6.888452e+002       6.726383e-001       
6.948877e+002       6.825471e-001       
7.009302e+002       6.945533e-001       
7.069727e+002       7.057639e-001       
7.130151e+002       7.209526e-001       
7.190576e+002       7.357795e-001       
7.251001e+002       7.500279e-001       
7.311426e+002       7.673863e-001       
7.371851e+002       7.806221e-001       
7.432275e+002       7.991377e-001       
7.492700e+002       8.124458e-001       
7.553125e+002       8.264049e-001       
7.613550e+002       8.410872e-001       
7.673975e+002       8.547570e-001       
7.734399e+002       8.651720e-001       
7.794824e+002       8.764549e-001       
7.855249e+002       8.841216e-001       
7.915674e+002       8.894737e-001       
7.976099e+002       8.922222e-001       
8.036523e+002       8.934518e-001       
8.096948e+002       8.937410e-001       
8.157373e+002       8.914989e-001       
8.217798e+002       8.871593e-001       
8.278223e+002       8.825304e-001       
8.338647e+002       8.719707e-001       
8.399072e+002       8.606154e-001       
8.459497e+002       8.496941e-001       
8.519922e+002       8.349394e-001       
8.580347e+002       8.207634e-001       
8.640771e+002       8.028263e-001       
8.701196e+002       7.882887e-001       
8.761621e+002       7.715089e-001       
8.822046e+002       7.540781e-001       
8.882471e+002       7.390342e-001       
8.942896e+002       7.214589e-001       
9.003320e+002       7.088017e-001       
9.063745e+002       6.914433e-001       
9.124170e+002       6.814622e-001       
9.184595e+002       6.667799e-001       
9.245020e+002       6.579560e-001       
9.305444e+002       6.503617e-001       
9.365869e+002       6.411039e-001       
9.426294e+002       6.396573e-001       
9.486719e+002       6.371982e-001       
9.547144e+002       6.385001e-001       
9.607568e+002       6.420441e-001       
9.667993e+002       6.454435e-001       
9.728418e+002       6.518806e-001       
9.788843e+002       6.649717e-001       
9.849268e+002       6.736509e-001       
9.909692e+002       6.843553e-001       
9.970117e+002       6.961445e-001       
1.003054e+003       7.098866e-001       
1.009097e+003       7.238456e-001       
1.015139e+003       7.393236e-001       
1.021182e+003       7.516190e-001       
1.027224e+003       7.669523e-001       
1.033267e+003       7.831535e-001       
1.039309e+003       7.955214e-001       
1.045352e+003       8.114333e-001       
1.051394e+003       8.256816e-001       
1.057437e+003       8.363137e-001       
1.063479e+003       8.475966e-001       
1.069521e+003       8.585179e-001       
1.075564e+003       8.685713e-001       
1.081606e+003       8.759487e-001       
1.087649e+003       8.815178e-001       
1.093691e+003       8.850619e-001       
1.099734e+003       8.891845e-001       
1.105776e+003       8.907033e-001       
1.111819e+003       8.869423e-001       
1.117861e+003       8.852788e-001       
1.123904e+003       8.792757e-001       
1.129946e+003       8.760210e-001       
1.135989e+003       8.669078e-001       
1.142031e+003       8.571437e-001       
1.148074e+003       8.467287e-001       
1.154116e+003       8.366753e-001       
1.160159e+003       8.207634e-001       
1.166201e+003       8.086125e-001       
1.172244e+003       7.927006e-001       
1.178286e+003       7.782353e-001       
1.184329e+003       7.605876e-001       
1.190371e+003       7.440971e-001       
1.196414e+003       7.317292e-001       
1.202456e+003       7.168300e-001       
1.208499e+003       7.000501e-001       
1.214541e+003       6.871036e-001       
1.220583e+003       6.756037e-001       
1.226626e+003       6.637421e-001       
1.232668e+003       6.539780e-001       
1.238711e+003       6.458774e-001       
1.244753e+003       6.394404e-001       
1.250796e+003       6.352454e-001       
1.256838e+003       6.330033e-001       
1.262881e+003       6.337989e-001       
1.268923e+003       6.355347e-001       
1.274966e+003       6.391510e-001       
1.281008e+003       6.466007e-001       
1.287051e+003       6.549906e-001       
1.293093e+003       6.646100e-001       
1.299136e+003       6.758207e-001       
1.305178e+003       6.886225e-001       
1.311221e+003       7.029432e-001       
1.317263e+003       7.205186e-001       
1.323306e+003       7.375154e-001       
1.329348e+003       7.530656e-001       
1.335391e+003       7.686881e-001       
1.341433e+003       7.837321e-001       
1.347476e+003       8.005843e-001       
1.353518e+003       8.163515e-001       
1.359561e+003       8.295873e-001       
1.365603e+003       8.422444e-001       
1.371646e+003       8.543953e-001       
1.377688e+003       8.626406e-001       
1.383730e+003       8.714644e-001       
1.389773e+003       8.771782e-001       
1.395815e+003       8.818071e-001       
1.401858e+003       8.842663e-001       
1.407900e+003       8.852065e-001       
1.413943e+003       8.862191e-001       
1.419985e+003       8.838323e-001       
1.426028e+003       8.791310e-001       
1.432070e+003       8.737065e-001       
1.438113e+003       8.682097e-001       
1.444155e+003       8.601091e-001       
1.450198e+003       8.514299e-001       
1.456240e+003       8.434017e-001       
1.462283e+003       8.302382e-001       
1.468325e+003       8.174363e-001       
1.474368e+003       8.053578e-001       
1.480410e+003       7.931346e-001       
1.486453e+003       7.821409e-001       
1.492495e+003       7.660844e-001       
1.498538e+003       7.514744e-001       
1.504580e+003       7.388896e-001       
1.510623e+003       7.257261e-001       
1.516665e+003       7.103928e-001       
1.522708e+003       6.951319e-001       
1.528750e+003       6.827641e-001       
1.534792e+003       6.709025e-001       
1.540835e+003       6.643208e-001       
1.546877e+003       6.541227e-001       
1.552920e+003       6.486982e-001       
1.558962e+003       6.434907e-001       
1.565005e+003       6.384278e-001       
1.571047e+003       6.385725e-001       
1.577090e+003       6.400913e-001       
1.583132e+003       6.439246e-001       
1.589175e+003       6.525315e-001       
1.595217e+003       6.589686e-001       
1.601260e+003       6.682987e-001       
1.607302e+003       6.779181e-001       
1.613345e+003       6.917326e-001       
1.619387e+003       7.060533e-001       
1.625430e+003       7.222545e-001       
1.631472e+003       7.383833e-001       
1.637515e+003       7.474241e-001       
1.643557e+003       8.091188e-001       
1.649600e+003       9.052410e-001       
1.655642e+003       9.630300e-001       
1.661685e+003       1.045265e+000       
1.667727e+003       1.065445e+000       
1.673770e+003       1.080127e+000       
1.679812e+003       1.219501e+000       
1.685854e+003       1.374497e+000       
1.691897e+003       1.536075e+000       
1.697939e+003       1.689262e+000       
1.703982e+003       1.844620e+000       
1.710024e+003       2.002582e+000       
1.716067e+003       2.157795e+000       
1.722109e+003       2.292973e+000       
1.728152e+003       2.369784e+000       
1.734194e+003       2.369784e+000       
1.740237e+003       2.369784e+000       
1.746279e+003       2.369784e+000       
1.752322e+003       2.369784e+000       
1.758364e+003       2.369784e+000       
1.764407e+003       2.369784e+000       
1.770449e+003       2.369784e+000       
1.776492e+003       2.369784e+000       
1.782534e+003       2.369784e+000       
1.788577e+003       2.369784e+000       
1.794619e+003       2.369784e+000       
1.800662e+003       2.369784e+000       
1.806704e+003       2.369784e+000       
1.812747e+003       2.369784e+000       
1.818789e+003       2.369784e+000       
1.824832e+003       2.369784e+000       
1.830874e+003       2.369784e+000       
1.836917e+003       2.369784e+000       
1.842959e+003       2.369784e+000       
1.849001e+003       2.369784e+000       
1.855044e+003       2.369784e+000       
1.861086e+003       2.369784e+000       
1.867129e+003       2.369784e+000       
1.873171e+003       2.369784e+000       
1.879214e+003       2.369784e+000       
1.885256e+003       2.369784e+000       
1.891299e+003       2.369784e+000       
1.897341e+003       2.369784e+000       
1.903384e+003       2.369784e+000       
1.909426e+003       2.369784e+000       
1.915469e+003       2.369784e+000       
1.921511e+003       2.369784e+000       
1.927554e+003       2.369784e+000       
1.933596e+003       2.369784e+000       
1.939639e+003       2.369784e+000       
1.945681e+003       2.369784e+000       
1.951724e+003       2.369784e+000       
1.957766e+003       2.369784e+000       
1.963809e+003       2.369784e+000       
1.969851e+003       2.369784e+000       
1.975894e+003       2.369784e+000       
1.981936e+003       2.369784e+000       
1.987979e+003       2.369784e+000       
1.994021e+003       2.369784e+000       
2.000063e+003       2.369784e+000       
2.006106e+003       2.369784e+000       
2.012148e+003       2.369784e+000       
2.018191e+003       2.369784e+000       
2.024233e+003       2.369784e+000       
2.030276e+003       2.369784e+000       
2.036318e+003       2.369784e+000       
2.042361e+003       2.369784e+000       
2.048403e+003       2.369784e+000       
2.054446e+003       2.369784e+000       
2.060488e+003       2.369784e+000       
2.066531e+003       2.369784e+000       
2.072573e+003       2.369784e+000       
2.078616e+003       2.369784e+000       
2.084658e+003       2.369784e+000       
2.090701e+003       2.369784e+000       
2.096743e+003       2.369784e+000       
2.102786e+003       2.369784e+000       
2.108828e+003       2.369784e+000       
2.114871e+003       2.369784e+000       
2.120913e+003       2.369784e+000       
2.126956e+003       2.369784e+000       
2.132998e+003       2.369784e+000       
2.139041e+003       2.369784e+000       
2.145083e+003       2.369784e+000       
2.151125e+003       2.369784e+000       
2.157168e+003       2.369784e+000       
2.163210e+003       2.369784e+000       
2.169253e+003       2.369784e+000       
2.175295e+003       2.369784e+000       
2.181338e+003       2.369784e+000       
2.187380e+003       2.369784e+000       
2.193423e+003       2.369784e+000       
2.199465e+003       2.369784e+000       
2.205508e+003       2.369784e+000       
2.211550e+003       2.369784e+000       
2.217593e+003       2.369784e+000       
2.223635e+003       2.369784e+000       
2.229678e+003       2.369784e+000       
2.235720e+003       2.369784e+000       
2.241763e+003       2.369784e+000       
2.247805e+003       2.369784e+000       
2.253848e+003       2.369784e+000       
2.259890e+003       2.369784e+000       
2.265933e+003       2.369784e+000       
2.271975e+003       2.369784e+000       
2.278018e+003       2.369784e+000       
2.284060e+003       2.369784e+000       
2.290103e+003       2.369784e+000       
2.296145e+003       2.369784e+000       
2.302188e+003       2.369784e+000       
2.308230e+003       2.369784e+000       
2.314272e+003       2.369784e+000       
2.320315e+003       2.369784e+000       
2.326357e+003       2.369784e+000       
2.332400e+003       2.369784e+000       
2.338442e+003       2.369784e+000       
2.344485e+003       2.369784e+000       
2.350527e+003       2.369784e+000       
2.356570e+003       2.369784e+000       
2.362612e+003       2.369784e+000       
2.368655e+003       2.369784e+000       
2.374697e+003       2.369784e+000       
2.380740e+003       2.369784e+000       
2.386782e+003       2.369784e+000       
2.392825e+003       2.369784e+000       
2.398867e+003       2.369784e+000       
2.404910e+003       2.369784e+000       
2.410952e+003       2.369784e+000       
2.416995e+003       2.369784e+000       
2.423037e+003       2.369784e+000       
2.429080e+003       2.369784e+000       
2.435122e+003       2.369784e+000       
2.441165e+003       2.369784e+000       
2.447207e+003       2.369784e+000       
2.453250e+003       2.369784e+000       
2.459292e+003       2.369784e+000       
2.465334e+003       2.369784e+000       
2.471377e+003       2.369784e+000       
2.477419e+003       2.369784e+000       
2.483462e+003       2.369784e+000       
2.489504e+003       2.369784e+000       
2.495547e+003       2.369784e+000       
2.501589e+003       2.369784e+000       
2.507632e+003       2.369784e+000       
2.513674e+003       2.369784e+000       
2.519717e+003       2.369784e+000       
2.525759e+003       2.369784e+000       
2.531802e+003       2.369784e+000       
2.537844e+003       2.369784e+000       
2.543887e+003       2.369784e+000       
2.549929e+003       2.369784e+000       
2.555972e+003       2.369784e+000       
2.562014e+003       2.369784e+000       
2.568057e+003       2.369784e+000       
2.574099e+003       2.369784e+000       
2.580142e+003       2.369784e+000       
2.586184e+003       2.369784e+000       
2.592227e+003       2.369784e+000       
2.598269e+003       2.369784e+000       
2.604312e+003       2.369784e+000       
2.610354e+003       2.369784e+000       
2.616396e+003       2.369784e+000       
2.622439e+003       2.369784e+000       
2.628481e+003       2.369784e+000       
2.634524e+003       2.369784e+000       
2.640566e+003       2.369784e+000       
2.646609e+003       2.369784e+000       
2.652651e+003       2.369784e+000       
2.658694e+003       2.369784e+000       
2.664736e+003       2.369784e+000       
2.670779e+003       2.369784e+000       
2.676821e+003       2.369784e+000       
2.682864e+003       2.369784e+000       
2.688906e+003       2.369784e+000       
2.694949e+003       2.369784e+000       
2.700991e+003       2.369784e+000       
2.707034e+003       2.369784e+000       
2.713076e+003       2.369784e+000       
2.719119e+003       2.369784e+000       
2.725161e+003       2.369784e+000       
2.731204e+003       2.369784e+000       
2.737246e+003       2.369784e+000       
2.743289e+003       2.369784e+000       
2.749331e+003       2.369784e+000       
2.755374e+003       2.369784e+000       
2.761416e+003       2.369784e+000       
2.767458e+003       2.369784e+000       
2.773501e+003       2.369784e+000       
2.779543e+003       2.369784e+000       
2.785586e+003       2.369784e+000       
2.791628e+003       2.369784e+000       
2.797671e+003       2.369784e+000       
2.803713e+003       2.369784e+000       
2.809756e+003       2.369784e+000       
2.815798e+003       2.369784e+000       
2.821841e+003       2.369784e+000       
2.827883e+003       2.369784e+000       
2.833926e+003       2.369784e+000       
2.839968e+003       2.369784e+000       
2.846011e+003       2.369784e+000       
2.852053e+003       2.369784e+000       
2.858096e+003       2.369784e+000       
2.864138e+003       2.369784e+000       
2.870181e+003       2.369784e+000       
2.876223e+003       2.369784e+000       
2.882266e+003       2.369784e+000       
2.888308e+003       2.369784e+000       
2.894351e+003       2.369784e+000       
2.900393e+003       2.369784e+000       
2.906436e+003       2.369784e+000       
2.912478e+003       2.369784e+000       
2.918521e+003       2.369784e+000       
2.924563e+003       2.369784e+000       
2.930605e+003       2.369784e+000       
2.936648e+003       2.369784e+000       
2.942690e+003       2.369784e+000       
2.948733e+003       2.369784e+000       
2.954775e+003       2.369784e+000       
2.960818e+003       2.369784e+000       
2.966860e+003       2.369784e+000       
2.972903e+003       2.369784e+000       
2.978945e+003       2.369784e+000       
2.984988e+003       2.369784e+000       
2.991030e+003       2.369784e+000       
2.997073e+003       2.369784e+000       
3.003115e+003       2.369784e+000       
3.009158e+003       2.369784e+000       
3.015200e+003       2.369784e+000       
3.021243e+003       2.369784e+000       
3.027285e+003       2.369784e+000       
3.033328e+003       2.369784e+000       
3.039370e+003       2.369784e+000       
3.045413e+003       2.369784e+000       
3.051455e+003       2.369784e+000       
3.057498e+003       2.369784e+000       
3.063540e+003       2.369784e+000       
3.069583e+003       2.369784e+000       
3.075625e+003       2.369784e+000       
3.081667e+003       2.369784e+000       
3.087710e+003       2.369784e+000       

Retract Data
0.000000e+000       2.369784e+000       
6.042505e+000       2.369784e+000       
1.208501e+001       2.369784e+000       
1.812751e+001       2.369784e+000       
2.417002e+001       2.369784e+000       
3.021252e+001       2.369784e+000       
3.625503e+001       2.369784e+000       
4.229753e+001       2.369784e+000       
4.834003e+001       2.369784e+000       
5.438254e+001       2.369784e+000       
6.042504e+001       2.369784e+000       
6.646754e+001       2.369784e+000       
7.251005e+001       2.369784e+000       
7.855255e+001       2.369784e+000       
8.459505e+001       2.369784e+000       
9.063756e+001       2.369784e+000       
9.668006e+001       2.369784e+000       
1.027226e+002       2.369784e+000       
1.087651e+002       2.369784e+000       
1.148076e+002       2.369784e+000       
1.208501e+002       2.369784e+000       
1.268926e+002       2.369784e+000       
1.329351e+002       2.369784e+000       
1.389776e+002       2.369784e+000       
1.450201e+002       2.369784e+000       
1.510626e+002       2.369784e+000       
1.571051e+002       2.369784e+000       
1.631476e+002       2.369784e+000       
1.691902e+002       2.369784e+000       
1.752327e+002       2.369784e+000       
1.812752e+002       2.369784e+000       
1.873177e+002       2.369784e+000       
1.933602e+002       2.369784e+000       
1.994027e+002       2.369784e+000       
2.054452e+002       2.369784e+000       
2.114877e+002       2.369784e+000       
2.175302e+002       2.369784e+000       
2.235728e+002       2.369784e+000       
2.296153e+002       2.369784e+000       
2.356578e+002       2.369784e+000       
2.417003e+002       2.369784e+000       
2.477428e+002       2.369784e+000       
2.537853e+002       2.369784e+000       
2.598278e+002       2.369784e+000       
2.658703e+002       2.369784e+000       
2.719128e+002       2.369784e+000       
2.779554e+002       2.369784e+000       
2.839979e+002       2.369784e+000       
2.900404e+002       2.369784e+000       
2.960829e+002       2.369784e+000       
3.021254e+002       2.369784e+000       
3.081679e+002       2.369784e+000       
3.142104e+002       2.369784e+000       
3.202529e+002       2.369784e+000       
3.262954e+002       2.369784e+000       
3.323380e+002       2.369784e+000       
3.383805e+002       2.369784e+000       
3.444230e+002       2.369784e+000       
3.504655e+002       2.369784e+000       
3.565080e+002       2.369784e+000       
3.625505e+002       2.369784e+000       
3.685930e+002       2.369784e+000       
3.746355e+002       2.369784e+000       
3.806780e+002       2.369784e+000       
3.867206e+002       2.369784e+000       
3.927631e+002       2.369784e+000       
3.988056e+002       2.369784e+000       
4.048481e+002       2.369784e+000       
4.108906e+002       2.369784e+000       
4.169331e+002       2.369784e+000       
4.229756e+002       2.369784e+000       
4.290181e+002       2.369784e+000       
4.350606e+002       2.369784e+000       
4.411031e+002       2.369784e+000       
4.471457e+002       2.369784e+000       
4.531882e+002       2.369784e+000       
4.592307e+002       2.369784e+000       
4.652732e+002       2.369784e+000       
4.713157e+002       2.369784e+000       
4.773582e+002       2.369784e+000       
4.834007e+002       2.369784e+000       
4.894432e+002       2.369784e+000       
4.954857e+002       2.369784e+000       
5.015283e+002       2.369784e+000       
5.075708e+002       2.369784e+000       
5.136133e+002       2.369784e+000       
5.196558e+002       2.369784e+000       
5.256982e+002       2.369784e+000       
5.317407e+002       2.369784e+000       
5.377832e+002       2.369784e+000       
5.438257e+002       2.369784e+000       
5.498682e+002       2.369784e+000       
5.559106e+002       2.369784e+000       
5.619531e+002       2.369784e+000       
5.679956e+002       2.369784e+000       
5.740381e+002       2.369784e+000       
5.800806e+002       2.369784e+000       
5.861230e+002       2.369784e+000       
5.921655e+002       2.369784e+000       
5.982080e+002       2.369784e+000       
6.042505e+002       2.369784e+000       
6.102930e+002       2.369784e+000       
6.163354e+002       2.369784e+000       
6.223779e+002       2.369784e+000       
6.284204e+002       2.369784e+000       
6.344629e+002       2.369784e+000       
6.405054e+002       2.369784e+000       
6.465479e+002       2.369784e+000       
6.525903e+002       2.369784e+000       
6.586328e+002       2.369784e+000       
6.646753e+002       2.369784e+000       
6.707178e+002       2.369784e+000       
6.767603e+002       2.369784e+000       
6.828027e+002       2.369784e+000       
6.888452e+002       2.369784e+000       
6.948877e+002       2.369784e+000       
7.009302e+002       2.369784e+000       
7.069727e+002       2.369784e+000       
7.130151e+002       2.369784e+000       
7.190576e+002       2.369784e+000       
7.251001e+002       2.369784e+000       
7.311426e+002       2.369784e+000       
7.371851e+002       2.369784e+000       
7.432275e+002       2.369784e+000       
7.492700e+002       2.369784e+000       
7.553125e+002       2.369784e+000       
7.613550e+002       2.369784e+000       
7.673975e+002       2.369784e+000       
7.734399e+002       2.369784e+000       
7.794824e+002       2.369784e+000       
7.855249e+002       2.369784e+000       
7.915674e+002       2.369784e+000       
7.976099e+002       2.369784e+000       
8.036523e+002       2.369784e+000       
8.096948e+002       2.369784e+000       
8.157373e+002       2.369784e+000       
8.217798e+002       2.369784e+000       
8.278223e+002       2.369784e+000       
8.338647e+002       2.369784e+000       
8.399072e+002       2.369784e+000       
8.459497e+002       2.369784e+000       
8.519922e+002       2.369784e+000       
8.580347e+002       2.369784e+000       
8.640771e+002       2.369784e+000       
8.701196e+002       2.369784e+000       
8.761621e+002       2.369784e+000       
8.822046e+002       2.369784e+000       
8.882471e+002       2.369784e+000       
8.942896e+002       2.369784e+000       
9.003320e+002       2.369784e+000       
9.063745e+002       2.369784e+000       
9.124170e+002       2.369784e+000       
9.184595e+002       2.369784e+000       
9.245020e+002       2.369784e+000       
9.305444e+002       2.369784e+000       
9.365869e+002       2.369784e+000       
9.426294e+002       2.369784e+000       
9.486719e+002       2.369784e+000       
9.547144e+002       2.369784e+000       
9.607568e+002       2.369784e+000       
9.667993e+002       2.369784e+000       
9.728418e+002       2.369784e+000       
9.788843e+002       2.369784e+000       
9.849268e+002       2.369784e+000       
9.909692e+002       2.369784e+000       
9.970117e+002       2.369784e+000       
1.003054e+003       2.369784e+000       
1.009097e+003       2.369784e+000       
1.015139e+003       2.369784e+000       
1.021182e+003       2.369784e+000       
1.027224e+003       2.369784e+000       
1.033267e+003       2.369784e+000       
1.039309e+003       2.369784e+000       
1.045352e+003       2.369784e+000       
1.051394e+003       2.369784e+000       
1.057437e+003       2.369784e+000       
1.063479e+003       2.369784e+000       
1.069521e+003       2.369784e+000       
1.075564e+003       2.369784e+000       
1.081606e+003       2.369784e+000       
1.087649e+003       2.369784e+000       
1.093691e+003       2.369784e+000       
1.099734e+003       2.369784e+000       
1.105776e+003       2.369784e+000       
1.111819e+003       2.369784e+000       
1.117861e+003       2.369784e+000       
1.123904e+003       2.369784e+000       
1.129946e+003       2.369784e+000       
1.135989e+003       2.369784e+000       
1.142031e+003       2.369784e+000       
1.148074e+003       2.369784e+000       
1.154116e+003       2.369784e+000       
1.160159e+003       2.369784e+000       
1.166201e+003       2.369784e+000       
1.172244e+003       2.369784e+000       
1.178286e+003       2.369784e+000       
1.184329e+003       2.369784e+000       
1.190371e+003       2.369784e+000       
1.196414e+003       2.369784e+000       
1.202456e+003       2.369784e+000       
1.208499e+003       2.369784e+000       
1.214541e+003       2.369784e+000       
1.220583e+003       2.369784e+000       
1.226626e+003       2.369784e+000       
1.232668e+003       2.369784e+000       
1.238711e+003       2.369784e+000       
1.244753e+003       2.369784e+000       
1.250796e+003       2.369784e+000       
1.256838e+003       2.369784e+000       
1.262881e+003       2.369784e+000       
1.268923e+003       2.369784e+000       
1.274966e+003       2.369784e+000       
1.281008e+003       2.369784e+000       
1.287051e+003       2.369784e+000       
1.293093e+003       2.369784e+000       
1.299136e+003       2.369784e+000       
1.305178e+003       2.369784e+000       
1.311221e+003       2.369784e+000       
1.317263e+003       2.369784e+000       
1.323306e+003       2.369784e+000       
1.329348e+003       2.369784e+000       
1.335391e+003       2.369784e+000       
1.341433e+003       2.369784e+000       
1.347476e+003       2.369784e+000       
1.353518e+003       2.369784e+000       
1.359561e+003       2.369784e+000       
1.365603e+003       2.369784e+000       
1.371646e+003       2.369784e+000       
1.377688e+003       2.369784e+000       
1.383730e+003       2.369784e+000       
1.389773e+003       2.369784e+000       
1.395815e+003       2.369784e+000       
1.401858e+003       2.369784e+000       
1.407900e+003       2.367904e+000       
1.413943e+003       2.292539e+000       
1.419985e+003       2.149983e+000       
1.426028e+003       1.990720e+000       
1.432070e+003       1.834060e+000       
1.438113e+003       1.667492e+000       
1.444155e+003       1.495355e+000       
1.450198e+003       1.337393e+000       
1.456240e+003       1.174296e+000       
1.462283e+003       1.015033e+000       
1.468325e+003       8.375432e-001       
1.474368e+003       6.557862e-001       
1.480410e+003       4.941360e-001       
1.486453e+003       3.316903e-001       
1.492495e+003       1.625904e-001       
1.498538e+003       5.062869e-004       
1.504580e+003       -1.795149e-001      
1.510623e+003       -3.507845e-001      
1.516665e+003       -5.176422e-001      
1.522708e+003       -6.785691e-001      
1.528750e+003       -8.170024e-001      
1.534792e+003       -2.074330e-001      
1.540835e+003       5.547458e-001       
1.546877e+003       6.058084e-001       
1.552920e+003       6.442863e-001       
1.558962e+003       6.436353e-001       
1.565005e+003       6.399466e-001       
1.571047e+003       6.381385e-001       
1.577090e+003       6.382108e-001       
1.583132e+003       6.419718e-001       
1.589175e+003       6.471070e-001       
1.595217e+003       6.571604e-001       
1.601260e+003       6.641037e-001       
1.607302e+003       6.743742e-001       
1.613345e+003       6.862357e-001       
1.619387e+003       6.966508e-001       
1.625430e+003       7.122734e-001       
1.631472e+003       7.252921e-001       
1.637515e+003       7.414933e-001       
1.643557e+003       7.551631e-001       
1.649600e+003       7.689775e-001       
1.655642e+003       7.822856e-001       
1.661685e+003       7.987761e-001       
1.667727e+003       8.113609e-001       
1.673770e+003       8.217760e-001       
1.679812e+003       8.337099e-001       
1.685854e+003       8.456438e-001       
1.691897e+003       8.541060e-001       
1.697939e+003       8.623512e-001       
1.703982e+003       8.718984e-001       
1.710024e+003       8.755147e-001       
1.716067e+003       8.789864e-001       
1.722109e+003       8.802159e-001       
1.728152e+003       8.834707e-001       
1.734194e+003       8.835430e-001       
1.740237e+003       8.798543e-001       
1.746279e+003       8.760210e-001       
1.752322e+003       8.715367e-001       
1.758364e+003       8.627852e-001       
1.764407e+003       8.565651e-001       
1.770449e+003       8.469456e-001       
1.776492e+003       8.341438e-001       
1.782534e+003       8.223546e-001       
1.788577e+003       8.068044e-001       
1.794619e+003       7.919773e-001       
1.800662e+003       7.761378e-001       
1.806704e+003       7.602260e-001       
1.812747e+003       7.438078e-001       
1.818789e+003       7.304997e-001       
1.824832e+003       7.122010e-001       
1.830874e+003       6.971571e-001       
1.836917e+003       6.827641e-001       
1.842959e+003       6.723490e-001       
1.849001e+003       6.607767e-001       
1.855044e+003       6.500724e-001       
1.861086e+003       6.431290e-001       
1.867129e+003       6.377769e-001       
1.873171e+003       6.343052e-001       
1.879214e+003       6.358240e-001       
1.885256e+003       6.356794e-001       
1.891299e+003       6.386448e-001       
1.897341e+003       6.437799e-001       
1.903384e+003       6.533994e-001       
1.909426e+003       6.620063e-001       
1.915469e+003       6.749527e-001       
1.921511e+003       6.848615e-001       
1.927554e+003       6.999778e-001       
1.933596e+003       7.132136e-001       
1.939639e+003       7.295594e-001       
1.945681e+003       7.450373e-001       
1.951724e+003       7.600813e-001       
1.957766e+003       7.754145e-001       
1.963809e+003       7.919050e-001       
1.969851e+003       8.063704e-001       
1.975894e+003       8.208357e-001       
1.981936e+003       8.339992e-001       
1.987979e+003       8.461500e-001       
1.994021e+003       8.557695e-001       
2.000063e+003       8.660399e-001       
2.006106e+003       8.730556e-001       
2.012148e+003       8.795650e-001       
2.018191e+003       8.841216e-001       
2.024233e+003       8.889675e-001       
2.030276e+003       8.891845e-001       
2.036318e+003       8.873763e-001       
2.042361e+003       8.862191e-001       
2.048403e+003       8.821688e-001       
2.054446e+003       8.766719e-001       
2.060488e+003       8.721877e-001       
2.066531e+003       8.618450e-001       
2.072573e+003       8.524425e-001       
2.078616e+003       8.388451e-001       
2.084658e+003       8.270558e-001       
2.090701e+003       8.133861e-001       
2.096743e+003       7.991377e-001       
2.102786e+003       7.850340e-001       
2.108828e+003       7.700624e-001       
2.114871e+003       7.551631e-001       
2.120913e+003       7.398298e-001       
2.126956e+003       7.239903e-001       
2.132998e+003       7.086570e-001       
2.139041e+003       6.946980e-001       
2.145083e+003       6.841382e-001       
2.151125e+003       6.716981e-001       
2.157168e+003       6.622956e-001       
2.163210e+003       6.534717e-001       
2.169253e+003       6.471793e-001       
2.175295e+003       6.418995e-001       
2.181338e+003       6.397297e-001       
2.187380e+003       6.375599e-001       
2.193423e+003       6.410316e-001       
2.199465e+003       6.435630e-001       
2.205508e+003       6.513019e-001       
2.211550e+003       6.599811e-001       
2.217593e+003       6.707578e-001       
2.223635e+003       6.812452e-001       
2.229678e+003       6.945533e-001       
2.235720e+003       7.069935e-001       
2.241763e+003       7.243519e-001       
2.247805e+003       7.412040e-001       
2.253848e+003       7.566819e-001       
2.259890e+003       7.725938e-001       
2.265933e+003       7.919773e-001       
2.271975e+003       8.070213e-001       
2.278018e+003       8.226439e-001       
2.284060e+003       8.387727e-001       
2.290103e+003       8.494771e-001       
2.296145e+003       8.616280e-001       
2.302188e+003       8.742128e-001       
2.308230e+003       8.821688e-001       
2.314272e+003       8.870870e-001       
2.320315e+003       8.916436e-001       
2.326357e+003       8.951153e-001       
2.332400e+003       8.925115e-001       
2.338442e+003       8.899800e-001       
2.344485e+003       8.849172e-001       
2.350527e+003       8.792757e-001       
2.356570e+003       8.715367e-001       
2.362612e+003       8.611217e-001       
2.368655e+003       8.504173e-001       
2.374697e+003       8.355904e-001       
2.380740e+003       8.203294e-001       
2.386782e+003       8.044899e-001       
2.392825e+003       7.888673e-001       
2.398867e+003       7.746913e-001       
2.404910e+003       7.579838e-001       
2.410952e+003       7.422889e-001       
2.416995e+003       7.281852e-001       
2.423037e+003       7.129966e-001       
2.429080e+003       6.988929e-001       
2.435122e+003       6.868867e-001       
2.441165e+003       6.787137e-001       
2.447207e+003       6.667799e-001       
2.453250e+003       6.596918e-001       
2.459292e+003       6.536164e-001       
2.465334e+003       6.496384e-001       
2.471377e+003       6.466007e-001       
2.477419e+003       6.437076e-001       
2.483462e+003       6.456605e-001       
2.489504e+003       6.473963e-001       
2.495547e+003       6.502894e-001       
2.501589e+003       6.567988e-001       
2.507632e+003       6.635975e-001       
2.513674e+003       6.711918e-001       
2.519717e+003       6.837043e-001       
2.525759e+003       6.952043e-001       
2.531802e+003       7.082954e-001       
2.537844e+003       7.232670e-001       
2.543887e+003       7.400468e-001       
2.549929e+003       7.558140e-001       
2.555972e+003       7.732447e-001       
2.562014e+003       7.895182e-001       
2.568057e+003       8.057194e-001       
2.574099e+003       8.232225e-001       
2.580142e+003       8.368922e-001       
2.586184e+003       8.500557e-001       
2.592227e+003       8.638701e-001       
2.598269e+003       8.749361e-001       
2.604312e+003       8.862914e-001       
2.610354e+003       8.939580e-001       
2.616396e+003       8.967788e-001       
2.622439e+003       8.993102e-001       
2.628481e+003       8.981529e-001       
2.634524e+003       8.948982e-001       
2.640566e+003       8.895461e-001       
2.646609e+003       8.807222e-001       
2.652651e+003       8.704519e-001       
2.658694e+003       8.586626e-001       
2.664736e+003       8.441249e-001       
2.670779e+003       8.287917e-001       
2.676821e+003       8.096251e-001       
2.682864e+003       7.918327e-001       
2.688906e+003       7.736064e-001       
2.694949e+003       7.572606e-001       
2.700991e+003       7.367921e-001       
2.707034e+003       7.186381e-001       
2.713076e+003       7.014967e-001       
2.719119e+003       6.871036e-001       
2.725161e+003       6.708301e-001       
2.731204e+003       6.586792e-001       
2.737246e+003       6.484089e-001       
2.743289e+003       6.374875e-001       
2.749331e+003       6.319907e-001       
2.755374e+003       6.259153e-001       
2.761416e+003       6.229499e-001       
2.767458e+003       6.217203e-001       
2.773501e+003       6.260599e-001       
2.779543e+003       6.270002e-001       
2.785586e+003       6.361856e-001       
2.791628e+003       6.439246e-001       
2.797671e+003       6.561478e-001       
2.803713e+003       6.670691e-001       
2.809756e+003       6.804496e-001       
2.815798e+003       6.969401e-001       
2.821841e+003       7.155281e-001       
2.827883e+003       7.316569e-001       
2.833926e+003       7.516914e-001       
2.839968e+003       7.691945e-001       
2.846011e+003       7.879271e-001       
2.852053e+003       8.057918e-001       
2.858096e+003       8.251753e-001       
2.864138e+003       8.415935e-001       
2.870181e+003       8.569991e-001       
2.876223e+003       8.720430e-001       
2.882266e+003       8.857127e-001       
2.888308e+003       8.948982e-001       
2.894351e+003       9.017693e-001       
2.900393e+003       9.088573e-001       
2.906436e+003       9.131246e-001       
2.912478e+003       9.126906e-001       
2.918521e+003       9.111718e-001       
2.924563e+003       9.061089e-001       
2.930605e+003       8.980083e-001       
2.936648e+003       8.865807e-001       
2.942690e+003       8.742852e-001       
2.948733e+003       8.576500e-001       
2.954775e+003       8.397853e-001       
2.960818e+003       8.207634e-001       
2.966860e+003       8.026817e-001       
2.972903e+003       7.844554e-001       
2.978945e+003       7.607322e-001       
2.984988e+003       7.417827e-001       
2.991030e+003       7.215312e-001       
2.997073e+003       7.014967e-001       
3.003115e+003       6.860188e-001       
3.009158e+003       6.706132e-001       
3.015200e+003       6.539780e-001       
3.021243e+003       6.424781e-001       
3.027285e+003       6.340882e-001       
3.033328e+003       6.236731e-001       
3.039370e+003       6.192612e-001       
3.045413e+003       6.188272e-001       
3.051455e+003       6.183933e-001       
3.057498e+003       6.200568e-001       
3.063540e+003       6.214310e-001       
3.069583e+003       6.274341e-001       
3.075625e+003       6.387894e-001       
3.081667e+003       6.484089e-001       
3.087710e+003       6.638145e-001       
