Calculated Z (nm)   Deflection (V)      
Extend Data
0.000000e+000       6.743742e-001       
6.042505e+000       6.629465e-001       
1.208501e+001       6.531824e-001       
1.812751e+001       6.424781e-001       
2.417002e+001       6.325693e-001       
3.021252e+001       6.258429e-001       
3.625503e+001       6.199844e-001       
4.229753e+001       6.167298e-001       
4.834003e+001       6.159342e-001       
5.438254e+001       6.175977e-001       
6.042504e+001       6.164405e-001       
6.646754e+001       6.209247e-001       
7.251005e+001       6.267108e-001       
7.855255e+001       6.343775e-001       
8.459505e+001       6.456605e-001       
9.063756e+001       6.583176e-001       
9.668006e+001       6.711918e-001       
1.027226e+002       6.850062e-001       
1.087651e+002       7.020753e-001       
1.148076e+002       7.171192e-001       
1.208501e+002       7.370814e-001       
1.268926e+002       7.548738e-001       
1.329351e+002       7.736064e-001       
1.389776e+002       7.906032e-001       
1.450201e+002       8.097697e-001       
1.510626e+002       8.287193e-001       
1.571051e+002       8.442696e-001       
1.631476e+002       8.596752e-001       
1.691902e+002       8.751531e-001       
1.752327e+002       8.884612e-001       
1.812752e+002       8.973573e-001       
1.873177e+002       9.063259e-001       
1.933602e+002       9.129076e-001       
1.994027e+002       9.152944e-001       
2.054452e+002       9.160177e-001       
2.114877e+002       9.137032e-001       
2.175302e+002       9.083510e-001       
2.235728e+002       9.025649e-001       
2.296153e+002       8.946090e-001       
2.356578e+002       8.827474e-001       
2.417003e+002       8.697286e-001       
2.477428e+002       8.554802e-001       
2.537853e+002       8.407255e-001       
2.598278e+002       8.243797e-001       
2.658703e+002       8.067320e-001       
2.719128e+002       7.903862e-001       
2.779554e+002       7.745466e-001       
2.839979e+002       7.537889e-001       
2.900404e+002       7.359242e-001       
2.960829e+002       7.186381e-001       
3.021254e+002       7.027262e-001       
3.081679e+002       6.868867e-001       
3.142104e+002       6.729999e-001       
3.202529e+002       6.620063e-001       
3.262954e+002       6.523145e-001       
3.323380e+002       6.408145e-001       
3.383805e+002       6.322800e-001       
3.444230e+002       6.272172e-001       
3.504655e+002       6.239625e-001       
3.565080e+002       6.211417e-001       
3.625505e+002       6.205631e-001       
3.685930e+002       6.239625e-001       
3.746355e+002       6.287360e-001       
3.806780e+002       6.360410e-001       
3.867206e+002       6.437799e-001       
3.927631e+002       6.539780e-001       
3.988056e+002       6.672138e-001       
4.048481e+002       6.799433e-001       
4.108906e+002       6.946980e-001       
4.169331e+002       7.117671e-001       
4.229756e+002       7.297041e-001       
4.290181e+002       7.460499e-001       
4.350606e+002       7.631190e-001       
4.411031e+002       7.841661e-001       
4.471457e+002       8.015245e-001       
4.531882e+002       8.183043e-001       
4.592307e+002       8.335652e-001       
4.652732e+002       8.510683e-001       
4.713157e+002       8.633638e-001       
4.773582e+002       8.744298e-001       
4.834007e+002       8.850619e-001       
4.894432e+002       8.931624e-001       
4.954857e+002       8.963448e-001       
5.015283e+002       8.993825e-001       
5.075708e+002       8.982253e-001       
5.136133e+002       8.980083e-001       
5.196558e+002       8.928731e-001       
5.256982e+002       8.843386e-001       
5.317407e+002       8.748637e-001       
5.377832e+002       8.654613e-001       
5.438257e+002       8.509237e-001       
5.498682e+002       8.399300e-001       
5.559106e+002       8.235841e-001       
5.619531e+002       8.093358e-001       
5.679956e+002       7.918327e-001       
5.740381e+002       7.772951e-001       
5.800806e+002       7.591410e-001       
5.861230e+002       7.445310e-001       
5.921655e+002       7.290531e-001       
5.982080e+002       7.160344e-001       
6.042505e+002       6.987482e-001       
6.102930e+002       6.877546e-001       
6.163354e+002       6.769779e-001       
6.223779e+002       6.669245e-001       
6.284204e+002       6.605598e-001       
6.344629e+002       6.499277e-001       
6.405054e+002       6.475409e-001       
6.465479e+002       6.456605e-001       
6.525903e+002       6.420441e-001       
6.586328e+002       6.434907e-001       
6.646753e+002       6.459498e-001       
6.707178e+002       6.497108e-001       
6.767603e+002       6.548460e-001       
6.828027e+002       6.622956e-001       
6.888452e+002       6.710472e-001       
6.948877e+002       6.816791e-001       
7.009302e+002       6.913709e-001       
7.069727e+002       7.023646e-001       
7.130151e+002       7.148048e-001       
7.190576e+002       7.297041e-001       
7.251001e+002       7.459776e-001       
7.311426e+002       7.602983e-001       
7.371851e+002       7.772951e-001       
7.432275e+002       7.911818e-001       
7.492700e+002       8.062257e-001       
7.553125e+002       8.221376e-001       
7.613550e+002       8.362413e-001       
7.673975e+002       8.503450e-001       
7.734399e+002       8.605431e-001       
7.794824e+002       8.706688e-001       
7.855249e+002       8.785524e-001       
7.915674e+002       8.857127e-001       
7.976099e+002       8.907756e-001       
8.036523e+002       8.938134e-001       
8.096948e+002       8.928731e-001       
8.157373e+002       8.894737e-001       
8.217798e+002       8.862191e-001       
8.278223e+002       8.792034e-001       
8.338647e+002       8.684990e-001       
8.399072e+002       8.593135e-001       
8.459497e+002       8.478136e-001       
8.519922e+002       8.349394e-001       
8.580347e+002       8.200401e-001       
8.640771e+002       8.051409e-001       
8.701196e+002       7.910371e-001       
8.761621e+002       7.741127e-001       
8.822046e+002       7.576222e-001       
8.882471e+002       7.414933e-001       
8.942896e+002       7.234840e-001       
9.003320e+002       7.084400e-001       
9.063745e+002       6.932514e-001       
9.124170e+002       6.791477e-001       
9.184595e+002       6.672138e-001       
9.245020e+002       6.573774e-001       
9.305444e+002       6.489875e-001       
9.365869e+002       6.438523e-001       
9.426294e+002       6.377769e-001       
9.486719e+002       6.385725e-001       
9.547144e+002       6.398743e-001       
9.607568e+002       6.405253e-001       
9.667993e+002       6.471793e-001       
9.728418e+002       6.519529e-001       
9.788843e+002       6.604151e-001       
9.849268e+002       6.693113e-001       
9.909692e+002       6.795093e-001       
9.970117e+002       6.927451e-001       
1.003054e+003       7.082954e-001       
1.009097e+003       7.207355e-001       
1.015139e+003       7.354179e-001       
1.021182e+003       7.493770e-001       
1.027224e+003       7.621788e-001       
1.033267e+003       7.808391e-001       
1.039309e+003       7.927006e-001       
1.045352e+003       8.103483e-001       
1.051394e+003       8.243797e-001       
1.057437e+003       8.363860e-001       
1.063479e+003       8.488262e-001       
1.069521e+003       8.590965e-001       
1.075564e+003       8.690776e-001       
1.081606e+003       8.756593e-001       
1.087649e+003       8.799990e-001       
1.093691e+003       8.840492e-001       
1.099734e+003       8.903417e-001       
1.105776e+003       8.903417e-001       
1.111819e+003       8.888952e-001       
1.117861e+003       8.831090e-001       
1.123904e+003       8.817348e-001       
1.129946e+003       8.778291e-001       
1.135989e+003       8.684267e-001       
1.142031e+003       8.575777e-001       
1.148074e+003       8.485368e-001       
1.154116e+003       8.368199e-001       
1.160159e+003       8.253200e-001       
1.166201e+003       8.094804e-001       
1.172244e+003       7.969679e-001       
1.178286e+003       7.813454e-001       
1.184329e+003       7.644209e-001       
1.190371e+003       7.500279e-001       
1.196414e+003       7.349839e-001       
1.202456e+003       7.197230e-001       
1.208499e+003       7.043174e-001       
1.214541e+003       6.886948e-001       
1.220583e+003       6.773396e-001       
1.226626e+003       6.657673e-001       
1.232668e+003       6.551353e-001       
1.238711e+003       6.481919e-001       
1.244753e+003       6.425504e-001       
1.250796e+003       6.358963e-001       
1.256838e+003       6.360410e-001       
1.262881e+003       6.348838e-001       
1.268923e+003       6.377045e-001       
1.274966e+003       6.405253e-001       
1.281008e+003       6.499277e-001       
1.287051e+003       6.557139e-001       
1.293093e+003       6.664906e-001       
1.299136e+003       6.782798e-001       
1.305178e+003       6.931791e-001       
1.311221e+003       7.086570e-001       
1.317263e+003       7.219651e-001       
1.323306e+003       7.365751e-001       
1.329348e+003       7.542952e-001       
1.335391e+003       7.688328e-001       
1.341433e+003       7.855403e-001       
1.347476e+003       7.992824e-001       
1.353518e+003       8.144709e-001       
1.359561e+003       8.278514e-001       
1.365603e+003       8.410149e-001       
1.371646e+003       8.539613e-001       
1.377688e+003       8.644487e-001       
1.383730e+003       8.711751e-001       
1.389773e+003       8.764549e-001       
1.395815e+003       8.814455e-001       
1.401858e+003       8.854958e-001       
1.407900e+003       8.859298e-001       
1.413943e+003       8.875210e-001       
1.419985e+003       8.826751e-001       
1.426028e+003       8.800713e-001       
1.432070e+003       8.738512e-001       
1.438113e+003       8.669801e-001       
1.444155e+003       8.595305e-001       
1.450198e+003       8.507790e-001       
1.456240e+003       8.413765e-001       
1.462283e+003       8.305275e-001       
1.468325e+003       8.216313e-001       
1.474368e+003       8.082509e-001       
1.480410e+003       7.960277e-001       
1.486453e+003       7.804051e-001       
1.492495e+003       7.675309e-001       
1.498538e+003       7.531379e-001       
1.504580e+003       7.365751e-001       
1.510623e+003       7.216758e-001       
1.516665e+003       7.111884e-001       
1.522708e+003       6.970124e-001       
1.528750e+003       6.855848e-001       
1.534792e+003       6.736509e-001       
1.540835e+003       6.618617e-001       
1.546877e+003       6.557139e-001       
1.552920e+003       6.475409e-001       
1.558962e+003       6.439246e-001       
1.565005e+003       6.408869e-001       
1.571047e+003       6.390064e-001       
1.577090e+003       6.413932e-001       
1.583132e+003       6.434183e-001       
1.589175e+003       6.491321e-001       
1.595217e+003       6.583176e-001       
1.601260e+003       6.679371e-001       
1.607302e+003       6.775565e-001       
1.613345e+003       6.904307e-001       
1.619387e+003       6.908646e-001       
1.625430e+003       7.150218e-001       
1.631472e+003       8.050685e-001       
1.637515e+003       8.162068e-001       
1.643557e+003       8.756593e-001       
1.649600e+003       8.680651e-001       
1.655642e+003       9.445144e-001       
1.661685e+003       1.041794e+000       
1.667727e+003       1.104284e+000       
1.673770e+003       1.146234e+000       
1.679812e+003       1.272878e+000       
1.685854e+003       1.417603e+000       
1.691897e+003       1.568260e+000       
1.697939e+003       1.719712e+000       
1.703982e+003       1.874780e+000       
1.710024e+003       2.033393e+000       
1.716067e+003       2.179131e+000       
1.722109e+003       2.314310e+000       
1.728152e+003       2.369784e+000       
1.734194e+003       2.369784e+000       
1.740237e+003       2.369784e+000       
1.746279e+003       2.369784e+000       
1.752322e+003       2.369784e+000       
1.758364e+003       2.369784e+000       
1.764407e+003       2.369784e+000       
1.770449e+003       2.369784e+000       
1.776492e+003       2.369784e+000       
1.782534e+003       2.369784e+000       
1.788577e+003       2.369784e+000       
1.794619e+003       2.369784e+000       
1.800662e+003       2.369784e+000       
1.806704e+003       2.369784e+000       
1.812747e+003       2.369784e+000       
1.818789e+003       2.369784e+000       
1.824832e+003       2.369784e+000       
1.830874e+003       2.369784e+000       
1.836917e+003       2.369784e+000       
1.842959e+003       2.369784e+000       
1.849001e+003       2.369784e+000       
1.855044e+003       2.369784e+000       
1.861086e+003       2.369784e+000       
1.867129e+003       2.369784e+000       
1.873171e+003       2.369784e+000       
1.879214e+003       2.369784e+000       
1.885256e+003       2.369784e+000       
1.891299e+003       2.369784e+000       
1.897341e+003       2.369784e+000       
1.903384e+003       2.369784e+000       
1.909426e+003       2.369784e+000       
1.915469e+003       2.369784e+000       
1.921511e+003       2.369784e+000       
1.927554e+003       2.369784e+000       
1.933596e+003       2.369784e+000       
1.939639e+003       2.369784e+000       
1.945681e+003       2.369784e+000       
1.951724e+003       2.369784e+000       
1.957766e+003       2.369784e+000       
1.963809e+003       2.369784e+000       
1.969851e+003       2.369784e+000       
1.975894e+003       2.369784e+000       
1.981936e+003       2.369784e+000       
1.987979e+003       2.369784e+000       
1.994021e+003       2.369784e+000       
2.000063e+003       2.369784e+000       
2.006106e+003       2.369784e+000       
2.012148e+003       2.369784e+000       
2.018191e+003       2.369784e+000       
2.024233e+003       2.369784e+000       
2.030276e+003       2.369784e+000       
2.036318e+003       2.369784e+000       
2.042361e+003       2.369784e+000       
2.048403e+003       2.369784e+000       
2.054446e+003       2.369784e+000       
2.060488e+003       2.369784e+000       
2.066531e+003       2.369784e+000       
2.072573e+003       2.369784e+000       
2.078616e+003       2.369784e+000       
2.084658e+003       2.369784e+000       
2.090701e+003       2.369784e+000       
2.096743e+003       2.369784e+000       
2.102786e+003       2.369784e+000       
2.108828e+003       2.369784e+000       
2.114871e+003       2.369784e+000       
2.120913e+003       2.369784e+000       
2.126956e+003       2.369784e+000       
2.132998e+003       2.369784e+000       
2.139041e+003       2.369784e+000       
2.145083e+003       2.369784e+000       
2.151125e+003       2.369784e+000       
2.157168e+003       2.369784e+000       
2.163210e+003       2.369784e+000       
2.169253e+003       2.369784e+000       
2.175295e+003       2.369784e+000       
2.181338e+003       2.369784e+000       
2.187380e+003       2.369784e+000       
2.193423e+003       2.369784e+000       
2.199465e+003       2.369784e+000       
2.205508e+003       2.369784e+000       
2.211550e+003       2.369784e+000       
2.217593e+003       2.369784e+000       
2.223635e+003       2.369784e+000       
2.229678e+003       2.369784e+000       
2.235720e+003       2.369784e+000       
2.241763e+003       2.369784e+000       
2.247805e+003       2.369784e+000       
2.253848e+003       2.369784e+000       
2.259890e+003       2.369784e+000       
2.265933e+003       2.369784e+000       
2.271975e+003       2.369784e+000       
2.278018e+003       2.369784e+000       
2.284060e+003       2.369784e+000       
2.290103e+003       2.369784e+000       
2.296145e+003       2.369784e+000       
2.302188e+003       2.369784e+000       
2.308230e+003       2.369784e+000       
2.314272e+003       2.369784e+000       
2.320315e+003       2.369784e+000       
2.326357e+003       2.369784e+000       
2.332400e+003       2.369784e+000       
2.338442e+003       2.369784e+000       
2.344485e+003       2.369784e+000       
2.350527e+003       2.369784e+000       
2.356570e+003       2.369784e+000       
2.362612e+003       2.369784e+000       
2.368655e+003       2.369784e+000       
2.374697e+003       2.369784e+000       
2.380740e+003       2.369784e+000       
2.386782e+003       2.369784e+000       
2.392825e+003       2.369784e+000       
2.398867e+003       2.369784e+000       
2.404910e+003       2.369784e+000       
2.410952e+003       2.369784e+000       
2.416995e+003       2.369784e+000       
2.423037e+003       2.369784e+000       
2.429080e+003       2.369784e+000       
2.435122e+003       2.369784e+000       
2.441165e+003       2.369784e+000       
2.447207e+003       2.369784e+000       
2.453250e+003       2.369784e+000       
2.459292e+003       2.369784e+000       
2.465334e+003       2.369784e+000       
2.471377e+003       2.369784e+000       
2.477419e+003       2.369784e+000       
2.483462e+003       2.369784e+000       
2.489504e+003       2.369784e+000       
2.495547e+003       2.369784e+000       
2.501589e+003       2.369784e+000       
2.507632e+003       2.369784e+000       
2.513674e+003       2.369784e+000       
2.519717e+003       2.369784e+000       
2.525759e+003       2.369784e+000       
2.531802e+003       2.369784e+000       
2.537844e+003       2.369784e+000       
2.543887e+003       2.369784e+000       
2.549929e+003       2.369784e+000       
2.555972e+003       2.369784e+000       
2.562014e+003       2.369784e+000       
2.568057e+003       2.369784e+000       
2.574099e+003       2.369784e+000       
2.580142e+003       2.369784e+000       
2.586184e+003       2.369784e+000       
2.592227e+003       2.369784e+000       
2.598269e+003       2.369784e+000       
2.604312e+003       2.369784e+000       
2.610354e+003       2.369784e+000       
2.616396e+003       2.369784e+000       
2.622439e+003       2.369784e+000       
2.628481e+003       2.369784e+000       
2.634524e+003       2.369784e+000       
2.640566e+003       2.369784e+000       
2.646609e+003       2.369784e+000       
2.652651e+003       2.369784e+000       
2.658694e+003       2.369784e+000       
2.664736e+003       2.369784e+000       
2.670779e+003       2.369784e+000       
2.676821e+003       2.369784e+000       
2.682864e+003       2.369784e+000       
2.688906e+003       2.369784e+000       
2.694949e+003       2.369784e+000       
2.700991e+003       2.369784e+000       
2.707034e+003       2.369784e+000       
2.713076e+003       2.369784e+000       
2.719119e+003       2.369784e+000       
2.725161e+003       2.369784e+000       
2.731204e+003       2.369784e+000       
2.737246e+003       2.369784e+000       
2.743289e+003       2.369784e+000       
2.749331e+003       2.369784e+000       
2.755374e+003       2.369784e+000       
2.761416e+003       2.369784e+000       
2.767458e+003       2.369784e+000       
2.773501e+003       2.369784e+000       
2.779543e+003       2.369784e+000       
2.785586e+003       2.369784e+000       
2.791628e+003       2.369784e+000       
2.797671e+003       2.369784e+000       
2.803713e+003       2.369784e+000       
2.809756e+003       2.369784e+000       
2.815798e+003       2.369784e+000       
2.821841e+003       2.369784e+000       
2.827883e+003       2.369784e+000       
2.833926e+003       2.369784e+000       
2.839968e+003       2.369784e+000       
2.846011e+003       2.369784e+000       
2.852053e+003       2.369784e+000       
2.858096e+003       2.369784e+000       
2.864138e+003       2.369784e+000       
2.870181e+003       2.369784e+000       
2.876223e+003       2.369784e+000       
2.882266e+003       2.369784e+000       
2.888308e+003       2.369784e+000       
2.894351e+003       2.369784e+000       
2.900393e+003       2.369784e+000       
2.906436e+003       2.369784e+000       
2.912478e+003       2.369784e+000       
2.918521e+003       2.369784e+000       
2.924563e+003       2.369784e+000       
2.930605e+003       2.369784e+000       
2.936648e+003       2.369784e+000       
2.942690e+003       2.369784e+000       
2.948733e+003       2.369784e+000       
2.954775e+003       2.369784e+000       
2.960818e+003       2.369784e+000       
2.966860e+003       2.369784e+000       
2.972903e+003       2.369784e+000       
2.978945e+003       2.369784e+000       
2.984988e+003       2.369784e+000       
2.991030e+003       2.369784e+000       
2.997073e+003       2.369784e+000       
3.003115e+003       2.369784e+000       
3.009158e+003       2.369784e+000       
3.015200e+003       2.369784e+000       
3.021243e+003       2.369784e+000       
3.027285e+003       2.369784e+000       
3.033328e+003       2.369784e+000       
3.039370e+003       2.369784e+000       
3.045413e+003       2.369784e+000       
3.051455e+003       2.369784e+000       
3.057498e+003       2.369784e+000       
3.063540e+003       2.369784e+000       
3.069583e+003       2.369784e+000       
3.075625e+003       2.369784e+000       
3.081667e+003       2.369784e+000       
3.087710e+003       2.369784e+000       

Retract Data
0.000000e+000       2.369784e+000       
6.042505e+000       2.369784e+000       
1.208501e+001       2.369784e+000       
1.812751e+001       2.369784e+000       
2.417002e+001       2.369784e+000       
3.021252e+001       2.369784e+000       
3.625503e+001       2.369784e+000       
4.229753e+001       2.369784e+000       
4.834003e+001       2.369784e+000       
5.438254e+001       2.369784e+000       
6.042504e+001       2.369784e+000       
6.646754e+001       2.369784e+000       
7.251005e+001       2.369784e+000       
7.855255e+001       2.369784e+000       
8.459505e+001       2.369784e+000       
9.063756e+001       2.369784e+000       
9.668006e+001       2.369784e+000       
1.027226e+002       2.369784e+000       
1.087651e+002       2.369784e+000       
1.148076e+002       2.369784e+000       
1.208501e+002       2.369784e+000       
1.268926e+002       2.369784e+000       
1.329351e+002       2.369784e+000       
1.389776e+002       2.369784e+000       
1.450201e+002       2.369784e+000       
1.510626e+002       2.369784e+000       
1.571051e+002       2.369784e+000       
1.631476e+002       2.369784e+000       
1.691902e+002       2.369784e+000       
1.752327e+002       2.369784e+000       
1.812752e+002       2.369784e+000       
1.873177e+002       2.369784e+000       
1.933602e+002       2.369784e+000       
1.994027e+002       2.369784e+000       
2.054452e+002       2.369784e+000       
2.114877e+002       2.369784e+000       
2.175302e+002       2.369784e+000       
2.235728e+002       2.369784e+000       
2.296153e+002       2.369784e+000       
2.356578e+002       2.369784e+000       
2.417003e+002       2.369784e+000       
2.477428e+002       2.369784e+000       
2.537853e+002       2.369784e+000       
2.598278e+002       2.369784e+000       
2.658703e+002       2.369784e+000       
2.719128e+002       2.369784e+000       
2.779554e+002       2.369784e+000       
2.839979e+002       2.369784e+000       
2.900404e+002       2.369784e+000       
2.960829e+002       2.369784e+000       
3.021254e+002       2.369784e+000       
3.081679e+002       2.369784e+000       
3.142104e+002       2.369784e+000       
3.202529e+002       2.369784e+000       
3.262954e+002       2.369784e+000       
3.323380e+002       2.369784e+000       
3.383805e+002       2.369784e+000       
3.444230e+002       2.369784e+000       
3.504655e+002       2.369784e+000       
3.565080e+002       2.369784e+000       
3.625505e+002       2.369784e+000       
3.685930e+002       2.369784e+000       
3.746355e+002       2.369784e+000       
3.806780e+002       2.369784e+000       
3.867206e+002       2.369784e+000       
3.927631e+002       2.369784e+000       
3.988056e+002       2.369784e+000       
4.048481e+002       2.369784e+000       
4.108906e+002       2.369784e+000       
4.169331e+002       2.369784e+000       
4.229756e+002       2.369784e+000       
4.290181e+002       2.369784e+000       
4.350606e+002       2.369784e+000       
4.411031e+002       2.369784e+000       
4.471457e+002       2.369784e+000       
4.531882e+002       2.369784e+000       
4.592307e+002       2.369784e+000       
4.652732e+002       2.369784e+000       
4.713157e+002       2.369784e+000       
4.773582e+002       2.369784e+000       
4.834007e+002       2.369784e+000       
4.894432e+002       2.369784e+000       
4.954857e+002       2.369784e+000       
5.015283e+002       2.369784e+000       
5.075708e+002       2.369784e+000       
5.136133e+002       2.369784e+000       
5.196558e+002       2.369784e+000       
5.256982e+002       2.369784e+000       
5.317407e+002       2.369784e+000       
5.377832e+002       2.369784e+000       
5.438257e+002       2.369784e+000       
5.498682e+002       2.369784e+000       
5.559106e+002       2.369784e+000       
5.619531e+002       2.369784e+000       
5.679956e+002       2.369784e+000       
5.740381e+002       2.369784e+000       
5.800806e+002       2.369784e+000       
5.861230e+002       2.369784e+000       
5.921655e+002       2.369784e+000       
5.982080e+002       2.369784e+000       
6.042505e+002       2.369784e+000       
6.102930e+002       2.369784e+000       
6.163354e+002       2.369784e+000       
6.223779e+002       2.369784e+000       
6.284204e+002       2.369784e+000       
6.344629e+002       2.369784e+000       
6.405054e+002       2.369784e+000       
6.465479e+002       2.369784e+000       
6.525903e+002       2.369784e+000       
6.586328e+002       2.369784e+000       
6.646753e+002       2.369784e+000       
6.707178e+002       2.369784e+000       
6.767603e+002       2.369784e+000       
6.828027e+002       2.369784e+000       
6.888452e+002       2.369784e+000       
6.948877e+002       2.369784e+000       
7.009302e+002       2.369784e+000       
7.069727e+002       2.369784e+000       
7.130151e+002       2.369784e+000       
7.190576e+002       2.369784e+000       
7.251001e+002       2.369784e+000       
7.311426e+002       2.369784e+000       
7.371851e+002       2.369784e+000       
7.432275e+002       2.369784e+000       
7.492700e+002       2.369784e+000       
7.553125e+002       2.369784e+000       
7.613550e+002       2.369784e+000       
7.673975e+002       2.369784e+000       
7.734399e+002       2.369784e+000       
7.794824e+002       2.369784e+000       
7.855249e+002       2.369784e+000       
7.915674e+002       2.369784e+000       
7.976099e+002       2.369784e+000       
8.036523e+002       2.369784e+000       
8.096948e+002       2.369784e+000       
8.157373e+002       2.369784e+000       
8.217798e+002       2.369784e+000       
8.278223e+002       2.369784e+000       
8.338647e+002       2.369784e+000       
8.399072e+002       2.369784e+000       
8.459497e+002       2.369784e+000       
8.519922e+002       2.369784e+000       
8.580347e+002       2.369784e+000       
8.640771e+002       2.369784e+000       
8.701196e+002       2.369784e+000       
8.761621e+002       2.369784e+000       
8.822046e+002       2.369784e+000       
8.882471e+002       2.369784e+000       
8.942896e+002       2.369784e+000       
9.003320e+002       2.369784e+000       
9.063745e+002       2.369784e+000       
9.124170e+002       2.369784e+000       
9.184595e+002       2.369784e+000       
9.245020e+002       2.369784e+000       
9.305444e+002       2.369784e+000       
9.365869e+002       2.369784e+000       
9.426294e+002       2.369784e+000       
9.486719e+002       2.369784e+000       
9.547144e+002       2.369784e+000       
9.607568e+002       2.369784e+000       
9.667993e+002       2.369784e+000       
9.728418e+002       2.369784e+000       
9.788843e+002       2.369784e+000       
9.849268e+002       2.369784e+000       
9.909692e+002       2.369784e+000       
9.970117e+002       2.369784e+000       
1.003054e+003       2.369784e+000       
1.009097e+003       2.369784e+000       
1.015139e+003       2.369784e+000       
1.021182e+003       2.369784e+000       
1.027224e+003       2.369784e+000       
1.033267e+003       2.369784e+000       
1.039309e+003       2.369784e+000       
1.045352e+003       2.369784e+000       
1.051394e+003       2.369784e+000       
1.057437e+003       2.369784e+000       
1.063479e+003       2.369784e+000       
1.069521e+003       2.369784e+000       
1.075564e+003       2.369784e+000       
1.081606e+003       2.369784e+000       
1.087649e+003       2.369784e+000       
1.093691e+003       2.369784e+000       
1.099734e+003       2.369784e+000       
1.105776e+003       2.369784e+000       
1.111819e+003       2.369784e+000       
1.117861e+003       2.369784e+000       
1.123904e+003       2.369784e+000       
1.129946e+003       2.369784e+000       
1.135989e+003       2.369784e+000       
1.142031e+003       2.369784e+000       
1.148074e+003       2.369784e+000       
1.154116e+003       2.369784e+000       
1.160159e+003       2.369784e+000       
1.166201e+003       2.369784e+000       
1.172244e+003       2.369784e+000       
1.178286e+003       2.369784e+000       
1.184329e+003       2.369784e+000       
1.190371e+003       2.369784e+000       
1.196414e+003       2.369784e+000       
1.202456e+003       2.369784e+000       
1.208499e+003       2.369784e+000       
1.214541e+003       2.369784e+000       
1.220583e+003       2.369784e+000       
1.226626e+003       2.369784e+000       
1.232668e+003       2.369784e+000       
1.238711e+003       2.369784e+000       
1.244753e+003       2.369784e+000       
1.250796e+003       2.369784e+000       
1.256838e+003       2.369784e+000       
1.262881e+003       2.369784e+000       
1.268923e+003       2.369784e+000       
1.274966e+003       2.369784e+000       
1.281008e+003       2.369784e+000       
1.287051e+003       2.369784e+000       
1.293093e+003       2.369784e+000       
1.299136e+003       2.369784e+000       
1.305178e+003       2.369784e+000       
1.311221e+003       2.369784e+000       
1.317263e+003       2.369784e+000       
1.323306e+003       2.369784e+000       
1.329348e+003       2.369784e+000       
1.335391e+003       2.369784e+000       
1.341433e+003       2.369784e+000       
1.347476e+003       2.369784e+000       
1.353518e+003       2.369784e+000       
1.359561e+003       2.369784e+000       
1.365603e+003       2.369784e+000       
1.371646e+003       2.369784e+000       
1.377688e+003       2.369784e+000       
1.383730e+003       2.369784e+000       
1.389773e+003       2.369784e+000       
1.395815e+003       2.369784e+000       
1.401858e+003       2.369784e+000       
1.407900e+003       2.369784e+000       
1.413943e+003       2.347219e+000       
1.419985e+003       2.227662e+000       
1.426028e+003       2.053283e+000       
1.432070e+003       1.887438e+000       
1.438113e+003       1.724558e+000       
1.444155e+003       1.555747e+000       
1.450198e+003       1.390553e+000       
1.456240e+003       1.221815e+000       
1.462283e+003       1.052932e+000       
1.468325e+003       8.813732e-001       
1.474368e+003       7.111161e-001       
1.480410e+003       5.387616e-001       
1.486453e+003       3.721932e-001       
1.492495e+003       2.107600e-001       
1.498538e+003       4.071993e-002       
1.504580e+003       -1.529710e-001      
1.510623e+003       -3.276400e-001      
1.516665e+003       -4.874096e-001      
1.522708e+003       -6.519529e-001      
1.528750e+003       -8.058641e-001      
1.534792e+003       -1.450874e-001      
1.540835e+003       5.753589e-001       
1.546877e+003       6.021198e-001       
1.552920e+003       6.447926e-001       
1.558962e+003       6.426951e-001       
1.565005e+003       6.418995e-001       
1.571047e+003       6.402360e-001       
1.577090e+003       6.428397e-001       
1.583132e+003       6.455158e-001       
1.589175e+003       6.488428e-001       
1.595217e+003       6.557862e-001       
1.601260e+003       6.650440e-001       
1.607302e+003       6.734339e-001       
1.613345e+003       6.871036e-001       
1.619387e+003       6.985313e-001       
1.625430e+003       7.107545e-001       
1.631472e+003       7.255091e-001       
1.637515e+003       7.398298e-001       
1.643557e+003       7.543675e-001       
1.649600e+003       7.684712e-001       
1.655642e+003       7.839491e-001       
1.661685e+003       7.989931e-001       
1.667727e+003       8.102037e-001       
1.673770e+003       8.223546e-001       
1.679812e+003       8.337822e-001       
1.685854e+003       8.446312e-001       
1.691897e+003       8.536720e-001       
1.697939e+003       8.615556e-001       
1.703982e+003       8.709581e-001       
1.710024e+003       8.758764e-001       
1.716067e+003       8.813732e-001       
1.722109e+003       8.838323e-001       
1.728152e+003       8.832537e-001       
1.734194e+003       8.842663e-001       
1.740237e+003       8.816625e-001       
1.746279e+003       8.784801e-001       
1.752322e+003       8.739958e-001       
1.758364e+003       8.656783e-001       
1.764407e+003       8.570714e-001       
1.770449e+003       8.465840e-001       
1.776492e+003       8.330590e-001       
1.782534e+003       8.195338e-001       
1.788577e+003       8.058641e-001       
1.794619e+003       7.907478e-001       
1.800662e+003       7.753422e-001       
1.806704e+003       7.591410e-001       
1.812747e+003       7.416380e-001       
1.818789e+003       7.274619e-001       
1.824832e+003       7.110438e-001       
1.830874e+003       6.953489e-001       
1.836917e+003       6.826194e-001       
1.842959e+003       6.688050e-001       
1.849001e+003       6.580283e-001       
1.855044e+003       6.489875e-001       
1.861086e+003       6.425504e-001       
1.867129e+003       6.347391e-001       
1.873171e+003       6.334372e-001       
1.879214e+003       6.332203e-001       
1.885256e+003       6.352454e-001       
1.891299e+003       6.360410e-001       
1.897341e+003       6.427674e-001       
1.903384e+003       6.518082e-001       
1.909426e+003       6.601258e-001       
1.915469e+003       6.712641e-001       
1.921511e+003       6.833426e-001       
1.927554e+003       6.972294e-001       
1.933596e+003       7.106099e-001       
1.939639e+003       7.265217e-001       
1.945681e+003       7.414933e-001       
1.951724e+003       7.556694e-001       
1.957766e+003       7.736064e-001       
1.963809e+003       7.869145e-001       
1.969851e+003       8.029710e-001       
1.975894e+003       8.169301e-001       
1.981936e+003       8.314677e-001       
1.987979e+003       8.416658e-001       
1.994021e+003       8.520085e-001       
2.000063e+003       8.631468e-001       
2.006106e+003       8.729833e-001       
2.012148e+003       8.792757e-001       
2.018191e+003       8.841939e-001       
2.024233e+003       8.878102e-001       
2.030276e+003       8.918605e-001       
2.036318e+003       8.909203e-001       
2.042361e+003       8.878102e-001       
2.048403e+003       8.833983e-001       
2.054446e+003       8.802882e-001       
2.060488e+003       8.723323e-001       
2.066531e+003       8.616280e-001       
2.072573e+003       8.503450e-001       
2.078616e+003       8.371816e-001       
2.084658e+003       8.263326e-001       
2.090701e+003       8.119395e-001       
2.096743e+003       7.977635e-001       
2.102786e+003       7.806944e-001       
2.108828e+003       7.674586e-001       
2.114871e+003       7.516914e-001       
2.120913e+003       7.347670e-001       
2.126956e+003       7.207355e-001       
2.132998e+003       7.061979e-001       
2.139041e+003       6.931068e-001       
2.145083e+003       6.797987e-001       
2.151125e+003       6.706855e-001       
2.157168e+003       6.583176e-001       
2.163210e+003       6.506510e-001       
2.169253e+003       6.437076e-001       
2.175295e+003       6.369812e-001       
2.181338e+003       6.374875e-001       
2.187380e+003       6.345944e-001       
2.193423e+003       6.377769e-001       
2.199465e+003       6.393681e-001       
2.205508e+003       6.446479e-001       
2.211550e+003       6.540504e-001       
2.217593e+003       6.631635e-001       
2.223635e+003       6.758207e-001       
2.229678e+003       6.888395e-001       
2.235720e+003       7.025816e-001       
2.241763e+003       7.189274e-001       
2.247805e+003       7.328141e-001       
2.253848e+003       7.498109e-001       
2.259890e+003       7.685435e-001       
2.265933e+003       7.857572e-001       
2.271975e+003       8.022478e-001       
2.278018e+003       8.184490e-001       
2.284060e+003       8.306721e-001       
2.290103e+003       8.470903e-001       
2.296145e+003       8.585902e-001       
2.302188e+003       8.701625e-001       
2.308230e+003       8.763826e-001       
2.314272e+003       8.856404e-001       
2.320315e+003       8.883889e-001       
2.326357e+003       8.906310e-001       
2.332400e+003       8.922945e-001       
2.338442e+003       8.916436e-001       
2.344485e+003       8.855681e-001       
2.350527e+003       8.808669e-001       
2.356570e+003       8.706688e-001       
2.362612e+003       8.607600e-001       
2.368655e+003       8.479582e-001       
2.374697e+003       8.346501e-001       
2.380740e+003       8.218483e-001       
2.386782e+003       8.044176e-001       
2.392825e+003       7.903862e-001       
2.398867e+003       7.741127e-001       
2.404910e+003       7.587794e-001       
2.410952e+003       7.432292e-001       
2.416995e+003       7.270280e-001       
2.423037e+003       7.144431e-001       
2.429080e+003       6.997609e-001       
2.435122e+003       6.883332e-001       
2.441165e+003       6.770502e-001       
2.447207e+003       6.677924e-001       
2.453250e+003       6.584623e-001       
2.459292e+003       6.526038e-001       
2.465334e+003       6.460944e-001       
2.471377e+003       6.418272e-001       
2.477419e+003       6.438523e-001       
2.483462e+003       6.429120e-001       
2.489504e+003       6.447202e-001       
2.495547e+003       6.472517e-001       
2.501589e+003       6.525315e-001       
2.507632e+003       6.604151e-001       
2.513674e+003       6.711195e-001       
2.519717e+003       6.826194e-001       
2.525759e+003       6.949149e-001       
2.531802e+003       7.092356e-001       
2.537844e+003       7.229777e-001       
2.543887e+003       7.383833e-001       
2.549929e+003       7.569712e-001       
2.555972e+003       7.731001e-001       
2.562014e+003       7.891566e-001       
2.568057e+003       8.057918e-001       
2.574099e+003       8.222100e-001       
2.580142e+003       8.392791e-001       
2.586184e+003       8.530934e-001       
2.592227e+003       8.663292e-001       
2.598269e+003       8.781185e-001       
2.604312e+003       8.857127e-001       
2.610354e+003       8.940303e-001       
2.616396e+003       8.984423e-001       
2.622439e+003       9.003228e-001       
2.628481e+003       9.006844e-001       
2.634524e+003       9.006121e-001       
2.640566e+003       8.914989e-001       
2.646609e+003       8.820241e-001       
2.652651e+003       8.747191e-001       
2.658694e+003       8.617003e-001       
2.664736e+003       8.447036e-001       
2.670779e+003       8.305998e-001       
2.676821e+003       8.117226e-001       
2.682864e+003       7.932069e-001       
2.688906e+003       7.752699e-001       
2.694949e+003       7.561756e-001       
2.700991e+003       7.351286e-001       
2.707034e+003       7.174808e-001       
2.713076e+003       6.989653e-001       
2.719119e+003       6.844999e-001       
2.725161e+003       6.710472e-001       
2.731204e+003       6.574497e-001       
2.737246e+003       6.471070e-001       
2.743289e+003       6.358963e-001       
2.749331e+003       6.285914e-001       
2.755374e+003       6.225882e-001       
2.761416e+003       6.204908e-001       
2.767458e+003       6.225159e-001       
2.773501e+003       6.240348e-001       
2.779543e+003       6.280851e-001       
2.785586e+003       6.319184e-001       
2.791628e+003       6.397297e-001       
2.797671e+003       6.517359e-001       
2.803713e+003       6.631635e-001       
2.809756e+003       6.795093e-001       
2.815798e+003       6.950596e-001       
2.821841e+003       7.103205e-001       
2.827883e+003       7.294148e-001       
2.833926e+003       7.480751e-001       
2.839968e+003       7.677479e-001       
2.846011e+003       7.849617e-001       
2.852053e+003       8.043453e-001       
2.858096e+003       8.240181e-001       
2.864138e+003       8.420274e-001       
2.870181e+003       8.568544e-001       
2.876223e+003       8.716091e-001       
2.882266e+003       8.829644e-001       
2.888308e+003       8.953322e-001       
2.894351e+003       9.050240e-001       
2.900393e+003       9.095806e-001       
2.906436e+003       9.144264e-001       
2.912478e+003       9.155837e-001       
2.918521e+003       9.119673e-001       
2.924563e+003       9.071215e-001       
2.930605e+003       8.980083e-001       
2.936648e+003       8.878826e-001       
2.942690e+003       8.718261e-001       
2.948733e+003       8.564205e-001       
2.954775e+003       8.416658e-001       
2.960818e+003       8.208357e-001       
2.966860e+003       8.023201e-001       
2.972903e+003       7.798988e-001       
2.978945e+003       7.603706e-001       
2.984988e+003       7.406254e-001       
2.991030e+003       7.203739e-001       
2.997073e+003       7.020753e-001       
3.003115e+003       6.834150e-001       
3.009158e+003       6.669245e-001       
3.015200e+003       6.523868e-001       
3.021243e+003       6.408145e-001       
3.027285e+003       6.277958e-001       
3.033328e+003       6.216480e-001       
3.039370e+003       6.157172e-001       
3.045413e+003       6.128241e-001       
3.051455e+003       6.122455e-001       
3.057498e+003       6.144153e-001       
3.063540e+003       6.174530e-001       
3.069583e+003       6.256260e-001       
3.075625e+003       6.348115e-001       
3.081667e+003       6.489152e-001       
3.087710e+003       6.623679e-001       
