Calculated Z (nm)   Deflection (V)      
Extend Data
0.000000e+000       6.745188e-001       
6.042505e+000       6.630189e-001       
1.208501e+001       6.520975e-001       
1.812751e+001       6.412485e-001       
2.417002e+001       6.316290e-001       
3.021252e+001       6.260599e-001       
3.625503e+001       6.221543e-001       
4.229753e+001       6.160789e-001       
4.834003e+001       6.160065e-001       
5.438254e+001       6.175977e-001       
6.042504e+001       6.202015e-001       
6.646754e+001       6.230222e-001       
7.251005e+001       6.296039e-001       
7.855255e+001       6.374875e-001       
8.459505e+001       6.469623e-001       
9.063756e+001       6.572327e-001       
9.668006e+001       6.714088e-001       
1.027226e+002       6.867420e-001       
1.087651e+002       7.024369e-001       
1.148076e+002       7.178425e-001       
1.208501e+002       7.369367e-001       
1.268926e+002       7.558140e-001       
1.329351e+002       7.745466e-001       
1.389776e+002       7.917604e-001       
1.450201e+002       8.096251e-001       
1.510626e+002       8.272728e-001       
1.571051e+002       8.462224e-001       
1.631476e+002       8.623512e-001       
1.691902e+002       8.762380e-001       
1.752327e+002       8.878826e-001       
1.812752e+002       8.991655e-001       
1.873177e+002       9.036498e-001       
1.933602e+002       9.113164e-001       
1.994027e+002       9.139202e-001       
2.054452e+002       9.134139e-001       
2.114877e+002       9.152944e-001       
2.175302e+002       9.123290e-001       
2.235728e+002       9.057473e-001       
2.296153e+002       8.959832e-001       
2.356578e+002       8.849172e-001       
2.417003e+002       8.732002e-001       
2.477428e+002       8.596028e-001       
2.537853e+002       8.436186e-001       
2.598278e+002       8.279237e-001       
2.658703e+002       8.117226e-001       
2.719128e+002       7.950874e-001       
2.779554e+002       7.749806e-001       
2.839979e+002       7.589241e-001       
2.900404e+002       7.414933e-001       
2.960829e+002       7.241349e-001       
3.021254e+002       7.069935e-001       
3.081679e+002       6.915879e-001       
3.142104e+002       6.778458e-001       
3.202529e+002       6.638145e-001       
3.262954e+002       6.525315e-001       
3.323380e+002       6.410316e-001       
3.383805e+002       6.353900e-001       
3.444230e+002       6.256983e-001       
3.504655e+002       6.238901e-001       
3.565080e+002       6.235285e-001       
3.625505e+002       6.242517e-001       
3.685930e+002       6.259876e-001       
3.746355e+002       6.301102e-001       
3.806780e+002       6.388617e-001       
3.867206e+002       6.463837e-001       
3.927631e+002       6.573051e-001       
3.988056e+002       6.685880e-001       
4.048481e+002       6.828364e-001       
4.108906e+002       6.987482e-001       
4.169331e+002       7.139369e-001       
4.229756e+002       7.323802e-001       
4.290181e+002       7.482920e-001       
4.350606e+002       7.673140e-001       
4.411031e+002       7.853956e-001       
4.471457e+002       8.023924e-001       
4.531882e+002       8.203294e-001       
4.592307e+002       8.353734e-001       
4.652732e+002       8.507066e-001       
4.713157e+002       8.659676e-001       
4.773582e+002       8.763826e-001       
4.834007e+002       8.859298e-001       
4.894432e+002       8.923668e-001       
4.954857e+002       8.972127e-001       
5.015283e+002       8.983700e-001       
5.075708e+002       8.983700e-001       
5.136133e+002       8.985146e-001       
5.196558e+002       8.923668e-001       
5.256982e+002       8.863637e-001       
5.317407e+002       8.803606e-001       
5.377832e+002       8.684990e-001       
5.438257e+002       8.543953e-001       
5.498682e+002       8.412318e-001       
5.559106e+002       8.277791e-001       
5.619531e+002       8.140370e-001       
5.679956e+002       7.960277e-001       
5.740381e+002       7.781630e-001       
5.800806e+002       7.652165e-001       
5.861230e+002       7.492323e-001       
5.921655e+002       7.324525e-001       
5.982080e+002       7.153111e-001       
6.042505e+002       7.019306e-001       
6.102930e+002       6.911539e-001       
6.163354e+002       6.795817e-001       
6.223779e+002       6.696006e-001       
6.284204e+002       6.604151e-001       
6.344629e+002       6.532547e-001       
6.405054e+002       6.476856e-001       
6.465479e+002       6.460221e-001       
6.525903e+002       6.434183e-001       
6.586328e+002       6.450818e-001       
6.646753e+002       6.479749e-001       
6.707178e+002       6.513019e-001       
6.767603e+002       6.565095e-001       
6.828027e+002       6.620786e-001       
6.888452e+002       6.737232e-001       
6.948877e+002       6.829087e-001       
7.009302e+002       6.928174e-001       
7.069727e+002       7.048960e-001       
7.130151e+002       7.175532e-001       
7.190576e+002       7.321632e-001       
7.251001e+002       7.469178e-001       
7.311426e+002       7.637700e-001       
7.371851e+002       7.786692e-001       
7.432275e+002       7.937132e-001       
7.492700e+002       8.083232e-001       
7.553125e+002       8.251030e-001       
7.613550e+002       8.372539e-001       
7.673975e+002       8.516469e-001       
7.734399e+002       8.634362e-001       
7.794824e+002       8.747914e-001       
7.855249e+002       8.832537e-001       
7.915674e+002       8.899077e-001       
7.976099e+002       8.923668e-001       
8.036523e+002       8.940303e-001       
8.096948e+002       8.938134e-001       
8.157373e+002       8.917159e-001       
8.217798e+002       8.880996e-001       
8.278223e+002       8.814455e-001       
8.338647e+002       8.742852e-001       
8.399072e+002       8.607600e-001       
8.459497e+002       8.502004e-001       
8.519922e+002       8.399300e-001       
8.580347e+002       8.222823e-001       
8.640771e+002       8.062257e-001       
8.701196e+002       7.906032e-001       
8.761621e+002       7.732447e-001       
8.822046e+002       7.586347e-001       
8.882471e+002       7.412040e-001       
8.942896e+002       7.268110e-001       
9.003320e+002       7.108268e-001       
9.063745e+002       6.948426e-001       
9.124170e+002       6.826194e-001       
9.184595e+002       6.696006e-001       
9.245020e+002       6.596918e-001       
9.305444e+002       6.510850e-001       
9.365869e+002       6.451542e-001       
9.426294e+002       6.410316e-001       
9.486719e+002       6.393681e-001       
9.547144e+002       6.391510e-001       
9.607568e+002       6.421888e-001       
9.667993e+002       6.431290e-001       
9.728418e+002       6.515912e-001       
9.788843e+002       6.591855e-001       
9.849268e+002       6.675754e-001       
9.909692e+002       6.809559e-001       
9.970117e+002       6.911539e-001       
1.003054e+003       7.039558e-001       
1.009097e+003       7.193614e-001       
1.015139e+003       7.317292e-001       
1.021182e+003       7.461945e-001       
1.027224e+003       7.639869e-001       
1.033267e+003       7.787416e-001       
1.039309e+003       7.950151e-001       
1.045352e+003       8.069490e-001       
1.051394e+003       8.238735e-001       
1.057437e+003       8.371092e-001       
1.063479e+003       8.463671e-001       
1.069521e+003       8.565651e-001       
1.075564e+003       8.679928e-001       
1.081606e+003       8.737789e-001       
1.087649e+003       8.818071e-001       
1.093691e+003       8.839769e-001       
1.099734e+003       8.885335e-001       
1.105776e+003       8.888228e-001       
1.111819e+003       8.879549e-001       
1.117861e+003       8.872316e-001       
1.123904e+003       8.813009e-001       
1.129946e+003       8.756593e-001       
1.135989e+003       8.688607e-001       
1.142031e+003       8.595305e-001       
1.148074e+003       8.479582e-001       
1.154116e+003       8.366029e-001       
1.160159e+003       8.236564e-001       
1.166201e+003       8.120842e-001       
1.172244e+003       7.977635e-001       
1.178286e+003       7.822133e-001       
1.184329e+003       7.670970e-001       
1.190371e+003       7.528486e-001       
1.196414e+003       7.354179e-001       
1.202456e+003       7.210972e-001       
1.208499e+003       7.066318e-001       
1.214541e+003       6.921665e-001       
1.220583e+003       6.780628e-001       
1.226626e+003       6.682264e-001       
1.232668e+003       6.585346e-001       
1.238711e+003       6.498554e-001       
1.244753e+003       6.437076e-001       
1.250796e+003       6.392957e-001       
1.256838e+003       6.358240e-001       
1.262881e+003       6.360410e-001       
1.268923e+003       6.385725e-001       
1.274966e+003       6.429844e-001       
1.281008e+003       6.484812e-001       
1.287051e+003       6.560755e-001       
1.293093e+003       6.672862e-001       
1.299136e+003       6.799433e-001       
1.305178e+003       6.924558e-001       
1.311221e+003       7.052577e-001       
1.317263e+003       7.225437e-001       
1.323306e+003       7.383833e-001       
1.329348e+003       7.542228e-001       
1.335391e+003       7.691221e-001       
1.341433e+003       7.854680e-001       
1.347476e+003       8.020308e-001       
1.353518e+003       8.164238e-001       
1.359561e+003       8.284300e-001       
1.365603e+003       8.417382e-001       
1.371646e+003       8.549016e-001       
1.377688e+003       8.646657e-001       
1.383730e+003       8.711028e-001       
1.389773e+003       8.792757e-001       
1.395815e+003       8.836876e-001       
1.401858e+003       8.854958e-001       
1.407900e+003       8.876656e-001       
1.413943e+003       8.867977e-001       
1.419985e+003       8.830367e-001       
1.426028e+003       8.784078e-001       
1.432070e+003       8.755147e-001       
1.438113e+003       8.679204e-001       
1.444155e+003       8.608324e-001       
1.450198e+003       8.527318e-001       
1.456240e+003       8.433293e-001       
1.462283e+003       8.314677e-001       
1.468325e+003       8.200401e-001       
1.474368e+003       8.074553e-001       
1.480410e+003       7.961723e-001       
1.486453e+003       7.827196e-001       
1.492495e+003       7.691221e-001       
1.498538e+003       7.542228e-001       
1.504580e+003       7.403361e-001       
1.510623e+003       7.258708e-001       
1.516665e+003       7.110438e-001       
1.522708e+003       6.986759e-001       
1.528750e+003       6.846445e-001       
1.534792e+003       6.733616e-001       
1.540835e+003       6.645377e-001       
1.546877e+003       6.531101e-001       
1.552920e+003       6.466730e-001       
1.558962e+003       6.429844e-001       
1.565005e+003       6.390064e-001       
1.571047e+003       6.409592e-001       
1.577090e+003       6.402360e-001       
1.583132e+003       6.445755e-001       
1.589175e+003       6.502894e-001       
1.595217e+003       6.558585e-001       
1.601260e+003       6.662735e-001       
1.607302e+003       6.805219e-001       
1.613345e+003       6.929621e-001       
1.619387e+003       6.916602e-001       
1.625430e+003       7.085847e-001       
1.631472e+003       7.481474e-001       
1.637515e+003       8.002226e-001       
1.643557e+003       8.092635e-001       
1.649600e+003       8.598921e-001       
1.655642e+003       9.333761e-001       
1.661685e+003       1.072967e+000       
1.667727e+003       1.179432e+000       
1.673770e+003       1.286547e+000       
1.679812e+003       1.293346e+000       
1.685854e+003       1.375148e+000       
1.691897e+003       1.525442e+000       
1.697939e+003       1.689913e+000       
1.703982e+003       1.848019e+000       
1.710024e+003       1.989491e+000       
1.716067e+003       2.126477e+000       
1.722109e+003       2.262741e+000       
1.728152e+003       2.368844e+000       
1.734194e+003       2.369784e+000       
1.740237e+003       2.369784e+000       
1.746279e+003       2.369784e+000       
1.752322e+003       2.369784e+000       
1.758364e+003       2.369784e+000       
1.764407e+003       2.369784e+000       
1.770449e+003       2.369784e+000       
1.776492e+003       2.369784e+000       
1.782534e+003       2.369784e+000       
1.788577e+003       2.369784e+000       
1.794619e+003       2.369784e+000       
1.800662e+003       2.369784e+000       
1.806704e+003       2.369784e+000       
1.812747e+003       2.369784e+000       
1.818789e+003       2.369784e+000       
1.824832e+003       2.369784e+000       
1.830874e+003       2.369784e+000       
1.836917e+003       2.369784e+000       
1.842959e+003       2.369784e+000       
1.849001e+003       2.369784e+000       
1.855044e+003       2.369784e+000       
1.861086e+003       2.369784e+000       
1.867129e+003       2.369784e+000       
1.873171e+003       2.369784e+000       
1.879214e+003       2.369784e+000       
1.885256e+003       2.369784e+000       
1.891299e+003       2.369784e+000       
1.897341e+003       2.369784e+000       
1.903384e+003       2.369784e+000       
1.909426e+003       2.369784e+000       
1.915469e+003       2.369784e+000       
1.921511e+003       2.369784e+000       
1.927554e+003       2.369784e+000       
1.933596e+003       2.369784e+000       
1.939639e+003       2.369784e+000       
1.945681e+003       2.369784e+000       
1.951724e+003       2.369784e+000       
1.957766e+003       2.369784e+000       
1.963809e+003       2.369784e+000       
1.969851e+003       2.369784e+000       
1.975894e+003       2.369784e+000       
1.981936e+003       2.369784e+000       
1.987979e+003       2.369784e+000       
1.994021e+003       2.369784e+000       
2.000063e+003       2.369784e+000       
2.006106e+003       2.369784e+000       
2.012148e+003       2.369784e+000       
2.018191e+003       2.369784e+000       
2.024233e+003       2.369784e+000       
2.030276e+003       2.369784e+000       
2.036318e+003       2.369784e+000       
2.042361e+003       2.369784e+000       
2.048403e+003       2.369784e+000       
2.054446e+003       2.369784e+000       
2.060488e+003       2.369784e+000       
2.066531e+003       2.369784e+000       
2.072573e+003       2.369784e+000       
2.078616e+003       2.369784e+000       
2.084658e+003       2.369784e+000       
2.090701e+003       2.369784e+000       
2.096743e+003       2.369784e+000       
2.102786e+003       2.369784e+000       
2.108828e+003       2.369784e+000       
2.114871e+003       2.369784e+000       
2.120913e+003       2.369784e+000       
2.126956e+003       2.369784e+000       
2.132998e+003       2.369784e+000       
2.139041e+003       2.369784e+000       
2.145083e+003       2.369784e+000       
2.151125e+003       2.369784e+000       
2.157168e+003       2.369784e+000       
2.163210e+003       2.369784e+000       
2.169253e+003       2.369784e+000       
2.175295e+003       2.369784e+000       
2.181338e+003       2.369784e+000       
2.187380e+003       2.369784e+000       
2.193423e+003       2.369784e+000       
2.199465e+003       2.369784e+000       
2.205508e+003       2.369784e+000       
2.211550e+003       2.369784e+000       
2.217593e+003       2.369784e+000       
2.223635e+003       2.369784e+000       
2.229678e+003       2.369784e+000       
2.235720e+003       2.369784e+000       
2.241763e+003       2.369784e+000       
2.247805e+003       2.369784e+000       
2.253848e+003       2.369784e+000       
2.259890e+003       2.369784e+000       
2.265933e+003       2.369784e+000       
2.271975e+003       2.369784e+000       
2.278018e+003       2.369784e+000       
2.284060e+003       2.369784e+000       
2.290103e+003       2.369784e+000       
2.296145e+003       2.369784e+000       
2.302188e+003       2.369784e+000       
2.308230e+003       2.369784e+000       
2.314272e+003       2.369784e+000       
2.320315e+003       2.369784e+000       
2.326357e+003       2.369784e+000       
2.332400e+003       2.369784e+000       
2.338442e+003       2.369784e+000       
2.344485e+003       2.369784e+000       
2.350527e+003       2.369784e+000       
2.356570e+003       2.369784e+000       
2.362612e+003       2.369784e+000       
2.368655e+003       2.369784e+000       
2.374697e+003       2.369784e+000       
2.380740e+003       2.369784e+000       
2.386782e+003       2.369784e+000       
2.392825e+003       2.369784e+000       
2.398867e+003       2.369784e+000       
2.404910e+003       2.369784e+000       
2.410952e+003       2.369784e+000       
2.416995e+003       2.369784e+000       
2.423037e+003       2.369784e+000       
2.429080e+003       2.369784e+000       
2.435122e+003       2.369784e+000       
2.441165e+003       2.369784e+000       
2.447207e+003       2.369784e+000       
2.453250e+003       2.369784e+000       
2.459292e+003       2.369784e+000       
2.465334e+003       2.369784e+000       
2.471377e+003       2.369784e+000       
2.477419e+003       2.369784e+000       
2.483462e+003       2.369784e+000       
2.489504e+003       2.369784e+000       
2.495547e+003       2.369784e+000       
2.501589e+003       2.369784e+000       
2.507632e+003       2.369784e+000       
2.513674e+003       2.369784e+000       
2.519717e+003       2.369784e+000       
2.525759e+003       2.369784e+000       
2.531802e+003       2.369784e+000       
2.537844e+003       2.369784e+000       
2.543887e+003       2.369784e+000       
2.549929e+003       2.369784e+000       
2.555972e+003       2.369784e+000       
2.562014e+003       2.369784e+000       
2.568057e+003       2.369784e+000       
2.574099e+003       2.369784e+000       
2.580142e+003       2.369784e+000       
2.586184e+003       2.369784e+000       
2.592227e+003       2.369784e+000       
2.598269e+003       2.369784e+000       
2.604312e+003       2.369784e+000       
2.610354e+003       2.369784e+000       
2.616396e+003       2.369784e+000       
2.622439e+003       2.369784e+000       
2.628481e+003       2.369784e+000       
2.634524e+003       2.369784e+000       
2.640566e+003       2.369784e+000       
2.646609e+003       2.369784e+000       
2.652651e+003       2.369784e+000       
2.658694e+003       2.369784e+000       
2.664736e+003       2.369784e+000       
2.670779e+003       2.369784e+000       
2.676821e+003       2.369784e+000       
2.682864e+003       2.369784e+000       
2.688906e+003       2.369784e+000       
2.694949e+003       2.369784e+000       
2.700991e+003       2.369784e+000       
2.707034e+003       2.369784e+000       
2.713076e+003       2.369784e+000       
2.719119e+003       2.369784e+000       
2.725161e+003       2.369784e+000       
2.731204e+003       2.369784e+000       
2.737246e+003       2.369784e+000       
2.743289e+003       2.369784e+000       
2.749331e+003       2.369784e+000       
2.755374e+003       2.369784e+000       
2.761416e+003       2.369784e+000       
2.767458e+003       2.369784e+000       
2.773501e+003       2.369784e+000       
2.779543e+003       2.369784e+000       
2.785586e+003       2.369784e+000       
2.791628e+003       2.369784e+000       
2.797671e+003       2.369784e+000       
2.803713e+003       2.369784e+000       
2.809756e+003       2.369784e+000       
2.815798e+003       2.369784e+000       
2.821841e+003       2.369784e+000       
2.827883e+003       2.369784e+000       
2.833926e+003       2.369784e+000       
2.839968e+003       2.369784e+000       
2.846011e+003       2.369784e+000       
2.852053e+003       2.369784e+000       
2.858096e+003       2.369784e+000       
2.864138e+003       2.369784e+000       
2.870181e+003       2.369784e+000       
2.876223e+003       2.369784e+000       
2.882266e+003       2.369784e+000       
2.888308e+003       2.369784e+000       
2.894351e+003       2.369784e+000       
2.900393e+003       2.369784e+000       
2.906436e+003       2.369784e+000       
2.912478e+003       2.369784e+000       
2.918521e+003       2.369784e+000       
2.924563e+003       2.369784e+000       
2.930605e+003       2.369784e+000       
2.936648e+003       2.369784e+000       
2.942690e+003       2.369784e+000       
2.948733e+003       2.369784e+000       
2.954775e+003       2.369784e+000       
2.960818e+003       2.369784e+000       
2.966860e+003       2.369784e+000       
2.972903e+003       2.369784e+000       
2.978945e+003       2.369784e+000       
2.984988e+003       2.369784e+000       
2.991030e+003       2.369784e+000       
2.997073e+003       2.369784e+000       
3.003115e+003       2.369784e+000       
3.009158e+003       2.369784e+000       
3.015200e+003       2.369784e+000       
3.021243e+003       2.369784e+000       
3.027285e+003       2.369784e+000       
3.033328e+003       2.369784e+000       
3.039370e+003       2.369784e+000       
3.045413e+003       2.369784e+000       
3.051455e+003       2.369784e+000       
3.057498e+003       2.369784e+000       
3.063540e+003       2.369784e+000       
3.069583e+003       2.369784e+000       
3.075625e+003       2.369784e+000       
3.081667e+003       2.369784e+000       
3.087710e+003       2.369784e+000       

Retract Data
0.000000e+000       2.369784e+000       
6.042505e+000       2.369784e+000       
1.208501e+001       2.369784e+000       
1.812751e+001       2.369784e+000       
2.417002e+001       2.369784e+000       
3.021252e+001       2.369784e+000       
3.625503e+001       2.369784e+000       
4.229753e+001       2.369784e+000       
4.834003e+001       2.369784e+000       
5.438254e+001       2.369784e+000       
6.042504e+001       2.369784e+000       
6.646754e+001       2.369784e+000       
7.251005e+001       2.369784e+000       
7.855255e+001       2.369784e+000       
8.459505e+001       2.369784e+000       
9.063756e+001       2.369784e+000       
9.668006e+001       2.369784e+000       
1.027226e+002       2.369784e+000       
1.087651e+002       2.369784e+000       
1.148076e+002       2.369784e+000       
1.208501e+002       2.369784e+000       
1.268926e+002       2.369784e+000       
1.329351e+002       2.369784e+000       
1.389776e+002       2.369784e+000       
1.450201e+002       2.369784e+000       
1.510626e+002       2.369784e+000       
1.571051e+002       2.369784e+000       
1.631476e+002       2.369784e+000       
1.691902e+002       2.369784e+000       
1.752327e+002       2.369784e+000       
1.812752e+002       2.369784e+000       
1.873177e+002       2.369784e+000       
1.933602e+002       2.369784e+000       
1.994027e+002       2.369784e+000       
2.054452e+002       2.369784e+000       
2.114877e+002       2.369784e+000       
2.175302e+002       2.369784e+000       
2.235728e+002       2.369784e+000       
2.296153e+002       2.369784e+000       
2.356578e+002       2.369784e+000       
2.417003e+002       2.369784e+000       
2.477428e+002       2.369784e+000       
2.537853e+002       2.369784e+000       
2.598278e+002       2.369784e+000       
2.658703e+002       2.369784e+000       
2.719128e+002       2.369784e+000       
2.779554e+002       2.369784e+000       
2.839979e+002       2.369784e+000       
2.900404e+002       2.369784e+000       
2.960829e+002       2.369784e+000       
3.021254e+002       2.369784e+000       
3.081679e+002       2.369784e+000       
3.142104e+002       2.369784e+000       
3.202529e+002       2.369784e+000       
3.262954e+002       2.369784e+000       
3.323380e+002       2.369784e+000       
3.383805e+002       2.369784e+000       
3.444230e+002       2.369784e+000       
3.504655e+002       2.369784e+000       
3.565080e+002       2.369784e+000       
3.625505e+002       2.369784e+000       
3.685930e+002       2.369784e+000       
3.746355e+002       2.369784e+000       
3.806780e+002       2.369784e+000       
3.867206e+002       2.369784e+000       
3.927631e+002       2.369784e+000       
3.988056e+002       2.369784e+000       
4.048481e+002       2.369784e+000       
4.108906e+002       2.369784e+000       
4.169331e+002       2.369784e+000       
4.229756e+002       2.369784e+000       
4.290181e+002       2.369784e+000       
4.350606e+002       2.369784e+000       
4.411031e+002       2.369784e+000       
4.471457e+002       2.369784e+000       
4.531882e+002       2.369784e+000       
4.592307e+002       2.369784e+000       
4.652732e+002       2.369784e+000       
4.713157e+002       2.369784e+000       
4.773582e+002       2.369784e+000       
4.834007e+002       2.369784e+000       
4.894432e+002       2.369784e+000       
4.954857e+002       2.369784e+000       
5.015283e+002       2.369784e+000       
5.075708e+002       2.369784e+000       
5.136133e+002       2.369784e+000       
5.196558e+002       2.369784e+000       
5.256982e+002       2.369784e+000       
5.317407e+002       2.369784e+000       
5.377832e+002       2.369784e+000       
5.438257e+002       2.369784e+000       
5.498682e+002       2.369784e+000       
5.559106e+002       2.369784e+000       
5.619531e+002       2.369784e+000       
5.679956e+002       2.369784e+000       
5.740381e+002       2.369784e+000       
5.800806e+002       2.369784e+000       
5.861230e+002       2.369784e+000       
5.921655e+002       2.369784e+000       
5.982080e+002       2.369784e+000       
6.042505e+002       2.369784e+000       
6.102930e+002       2.369784e+000       
6.163354e+002       2.369784e+000       
6.223779e+002       2.369784e+000       
6.284204e+002       2.369784e+000       
6.344629e+002       2.369784e+000       
6.405054e+002       2.369784e+000       
6.465479e+002       2.369784e+000       
6.525903e+002       2.369784e+000       
6.586328e+002       2.369784e+000       
6.646753e+002       2.369784e+000       
6.707178e+002       2.369784e+000       
6.767603e+002       2.369784e+000       
6.828027e+002       2.369784e+000       
6.888452e+002       2.369784e+000       
6.948877e+002       2.369784e+000       
7.009302e+002       2.369784e+000       
7.069727e+002       2.369784e+000       
7.130151e+002       2.369784e+000       
7.190576e+002       2.369784e+000       
7.251001e+002       2.369784e+000       
7.311426e+002       2.369784e+000       
7.371851e+002       2.369784e+000       
7.432275e+002       2.369784e+000       
7.492700e+002       2.369784e+000       
7.553125e+002       2.369784e+000       
7.613550e+002       2.369784e+000       
7.673975e+002       2.369784e+000       
7.734399e+002       2.369784e+000       
7.794824e+002       2.369784e+000       
7.855249e+002       2.369784e+000       
7.915674e+002       2.369784e+000       
7.976099e+002       2.369784e+000       
8.036523e+002       2.369784e+000       
8.096948e+002       2.369784e+000       
8.157373e+002       2.369784e+000       
8.217798e+002       2.369784e+000       
8.278223e+002       2.369784e+000       
8.338647e+002       2.369784e+000       
8.399072e+002       2.369784e+000       
8.459497e+002       2.369784e+000       
8.519922e+002       2.369784e+000       
8.580347e+002       2.369784e+000       
8.640771e+002       2.369784e+000       
8.701196e+002       2.369784e+000       
8.761621e+002       2.369784e+000       
8.822046e+002       2.369784e+000       
8.882471e+002       2.369784e+000       
8.942896e+002       2.369784e+000       
9.003320e+002       2.369784e+000       
9.063745e+002       2.369784e+000       
9.124170e+002       2.369784e+000       
9.184595e+002       2.369784e+000       
9.245020e+002       2.369784e+000       
9.305444e+002       2.369784e+000       
9.365869e+002       2.369784e+000       
9.426294e+002       2.369784e+000       
9.486719e+002       2.369784e+000       
9.547144e+002       2.369784e+000       
9.607568e+002       2.369784e+000       
9.667993e+002       2.369784e+000       
9.728418e+002       2.369784e+000       
9.788843e+002       2.369784e+000       
9.849268e+002       2.369784e+000       
9.909692e+002       2.369784e+000       
9.970117e+002       2.369784e+000       
1.003054e+003       2.369784e+000       
1.009097e+003       2.369784e+000       
1.015139e+003       2.369784e+000       
1.021182e+003       2.369784e+000       
1.027224e+003       2.369784e+000       
1.033267e+003       2.369784e+000       
1.039309e+003       2.369784e+000       
1.045352e+003       2.369784e+000       
1.051394e+003       2.369784e+000       
1.057437e+003       2.369784e+000       
1.063479e+003       2.369784e+000       
1.069521e+003       2.369784e+000       
1.075564e+003       2.369784e+000       
1.081606e+003       2.369784e+000       
1.087649e+003       2.369784e+000       
1.093691e+003       2.369784e+000       
1.099734e+003       2.369784e+000       
1.105776e+003       2.369784e+000       
1.111819e+003       2.369784e+000       
1.117861e+003       2.369784e+000       
1.123904e+003       2.369784e+000       
1.129946e+003       2.369784e+000       
1.135989e+003       2.369784e+000       
1.142031e+003       2.369784e+000       
1.148074e+003       2.369784e+000       
1.154116e+003       2.369784e+000       
1.160159e+003       2.369784e+000       
1.166201e+003       2.369784e+000       
1.172244e+003       2.369784e+000       
1.178286e+003       2.369784e+000       
1.184329e+003       2.369784e+000       
1.190371e+003       2.369784e+000       
1.196414e+003       2.369784e+000       
1.202456e+003       2.369784e+000       
1.208499e+003       2.369784e+000       
1.214541e+003       2.369784e+000       
1.220583e+003       2.369784e+000       
1.226626e+003       2.369784e+000       
1.232668e+003       2.369784e+000       
1.238711e+003       2.369784e+000       
1.244753e+003       2.369784e+000       
1.250796e+003       2.369784e+000       
1.256838e+003       2.369784e+000       
1.262881e+003       2.369784e+000       
1.268923e+003       2.369784e+000       
1.274966e+003       2.369784e+000       
1.281008e+003       2.369784e+000       
1.287051e+003       2.369784e+000       
1.293093e+003       2.369784e+000       
1.299136e+003       2.369784e+000       
1.305178e+003       2.369784e+000       
1.311221e+003       2.369784e+000       
1.317263e+003       2.369784e+000       
1.323306e+003       2.369784e+000       
1.329348e+003       2.369784e+000       
1.335391e+003       2.369784e+000       
1.341433e+003       2.369784e+000       
1.347476e+003       2.369784e+000       
1.353518e+003       2.369784e+000       
1.359561e+003       2.369784e+000       
1.365603e+003       2.369784e+000       
1.371646e+003       2.369784e+000       
1.377688e+003       2.369784e+000       
1.383730e+003       2.369784e+000       
1.389773e+003       2.369784e+000       
1.395815e+003       2.369784e+000       
1.401858e+003       2.369784e+000       
1.407900e+003       2.369784e+000       
1.413943e+003       2.363709e+000       
1.419985e+003       2.261873e+000       
1.426028e+003       2.087059e+000       
1.432070e+003       1.915573e+000       
1.438113e+003       1.751246e+000       
1.444155e+003       1.576144e+000       
1.450198e+003       1.412613e+000       
1.456240e+003       1.241416e+000       
1.462283e+003       1.077162e+000       
1.468325e+003       9.101592e-001       
1.474368e+003       7.338991e-001       
1.480410e+003       5.581452e-001       
1.486453e+003       3.876711e-001       
1.492495e+003       2.161122e-001       
1.498538e+003       4.426394e-002       
1.504580e+003       -1.327918e-001      
1.510623e+003       -3.154168e-001      
1.516665e+003       -4.910260e-001      
1.522708e+003       -6.608490e-001      
1.528750e+003       -8.200401e-001      
1.534792e+003       -7.150218e-001      
1.540835e+003       5.716702e-001       
1.546877e+003       6.073996e-001       
1.552920e+003       6.429120e-001       
1.558962e+003       6.442139e-001       
1.565005e+003       6.435630e-001       
1.571047e+003       6.415378e-001       
1.577090e+003       6.421164e-001       
1.583132e+003       6.467454e-001       
1.589175e+003       6.520252e-001       
1.595217e+003       6.577390e-001       
1.601260e+003       6.666352e-001       
1.607302e+003       6.782075e-001       
1.613345e+003       6.884779e-001       
1.619387e+003       7.007011e-001       
1.625430e+003       7.137922e-001       
1.631472e+003       7.294148e-001       
1.637515e+003       7.438078e-001       
1.643557e+003       7.586347e-001       
1.649600e+003       7.725215e-001       
1.655642e+003       7.855403e-001       
1.661685e+003       7.964616e-001       
1.667727e+003       8.101314e-001       
1.673770e+003       8.233672e-001       
1.679812e+003       8.338546e-001       
1.685854e+003       8.469456e-001       
1.691897e+003       8.566374e-001       
1.697939e+003       8.638701e-001       
1.703982e+003       8.690053e-001       
1.710024e+003       8.765273e-001       
1.716067e+003       8.804329e-001       
1.722109e+003       8.841216e-001       
1.728152e+003       8.853511e-001       
1.734194e+003       8.865807e-001       
1.740237e+003       8.852065e-001       
1.746279e+003       8.825304e-001       
1.752322e+003       8.755870e-001       
1.758364e+003       8.684267e-001       
1.764407e+003       8.570714e-001       
1.770449e+003       8.493325e-001       
1.776492e+003       8.383388e-001       
1.782534e+003       8.240904e-001       
1.788577e+003       8.082509e-001       
1.794619e+003       7.937855e-001       
1.800662e+003       7.768611e-001       
1.806704e+003       7.609492e-001       
1.812747e+003       7.446034e-001       
1.818789e+003       7.284022e-001       
1.824832e+003       7.135752e-001       
1.830874e+003       6.983143e-001       
1.836917e+003       6.828364e-001       
1.842959e+003       6.715534e-001       
1.849001e+003       6.604151e-001       
1.855044e+003       6.515912e-001       
1.861086e+003       6.447202e-001       
1.867129e+003       6.389341e-001       
1.873171e+003       6.369089e-001       
1.879214e+003       6.352454e-001       
1.885256e+003       6.362580e-001       
1.891299e+003       6.385001e-001       
1.897341e+003       6.447926e-001       
1.903384e+003       6.514466e-001       
1.909426e+003       6.633081e-001       
1.915469e+003       6.741572e-001       
1.921511e+003       6.872483e-001       
1.927554e+003       6.989653e-001       
1.933596e+003       7.144431e-001       
1.939639e+003       7.302104e-001       
1.945681e+003       7.448927e-001       
1.951724e+003       7.629744e-001       
1.957766e+003       7.775120e-001       
1.963809e+003       7.933516e-001       
1.969851e+003       8.065150e-001       
1.975894e+003       8.199678e-001       
1.981936e+003       8.339269e-001       
1.987979e+003       8.457884e-001       
1.994021e+003       8.560588e-001       
2.000063e+003       8.661846e-001       
2.006106e+003       8.741405e-001       
2.012148e+003       8.805053e-001       
2.018191e+003       8.839769e-001       
2.024233e+003       8.885335e-001       
2.030276e+003       8.906310e-001       
2.036318e+003       8.910649e-001       
2.042361e+003       8.873763e-001       
2.048403e+003       8.828920e-001       
2.054446e+003       8.771059e-001       
2.060488e+003       8.699455e-001       
2.066531e+003       8.616280e-001       
2.072573e+003       8.501281e-001       
2.078616e+003       8.376878e-001       
2.084658e+003       8.257539e-001       
2.090701e+003       8.099867e-001       
2.096743e+003       7.950874e-001       
2.102786e+003       7.815623e-001       
2.108828e+003       7.663737e-001       
2.114871e+003       7.507511e-001       
2.120913e+003       7.361411e-001       
2.126956e+003       7.205186e-001       
2.132998e+003       7.056916e-001       
2.139041e+003       6.924558e-001       
2.145083e+003       6.782075e-001       
2.151125e+003       6.682987e-001       
2.157168e+003       6.586792e-001       
2.163210e+003       6.513019e-001       
2.169253e+003       6.442139e-001       
2.175295e+003       6.391510e-001       
2.181338e+003       6.361133e-001       
2.187380e+003       6.357517e-001       
2.193423e+003       6.387894e-001       
2.199465e+003       6.424057e-001       
2.205508e+003       6.481919e-001       
2.211550e+003       6.573774e-001       
2.217593e+003       6.688773e-001       
2.223635e+003       6.803049e-001       
2.229678e+003       6.928174e-001       
2.235720e+003       7.101036e-001       
2.241763e+003       7.244242e-001       
2.247805e+003       7.409147e-001       
2.253848e+003       7.574052e-001       
2.259890e+003       7.735341e-001       
2.265933e+003       7.912541e-001       
2.271975e+003       8.057194e-001       
2.278018e+003       8.207634e-001       
2.284060e+003       8.366753e-001       
2.290103e+003       8.470903e-001       
2.296145e+003       8.618450e-001       
2.302188e+003       8.699455e-001       
2.308230e+003       8.792034e-001       
2.314272e+003       8.853511e-001       
2.320315e+003       8.893291e-001       
2.326357e+003       8.922945e-001       
2.332400e+003       8.927284e-001       
2.338442e+003       8.900524e-001       
2.344485e+003       8.866530e-001       
2.350527e+003       8.791310e-001       
2.356570e+003       8.713198e-001       
2.362612e+003       8.590965e-001       
2.368655e+003       8.466564e-001       
2.374697e+003       8.326250e-001       
2.380740e+003       8.194615e-001       
2.386782e+003       8.057194e-001       
2.392825e+003       7.879271e-001       
2.398867e+003       7.740403e-001       
2.404910e+003       7.569712e-001       
2.410952e+003       7.409871e-001       
2.416995e+003       7.255815e-001       
2.423037e+003       7.130690e-001       
2.429080e+003       6.998332e-001       
2.435122e+003       6.867420e-001       
2.441165e+003       6.756760e-001       
2.447207e+003       6.664906e-001       
2.453250e+003       6.584623e-001       
2.459292e+003       6.533271e-001       
2.465334e+003       6.476133e-001       
2.471377e+003       6.457328e-001       
2.477419e+003       6.452988e-001       
2.483462e+003       6.458051e-001       
2.489504e+003       6.488428e-001       
2.495547e+003       6.528931e-001       
2.501589e+003       6.604151e-001       
2.507632e+003       6.663459e-001       
2.513674e+003       6.769056e-001       
2.519717e+003       6.868144e-001       
2.525759e+003       6.993269e-001       
2.531802e+003       7.152387e-001       
2.537844e+003       7.273173e-001       
2.543887e+003       7.441694e-001       
2.549929e+003       7.605153e-001       
2.555972e+003       7.766441e-001       
2.562014e+003       7.945088e-001       
2.568057e+003       8.109270e-001       
2.574099e+003       8.258986e-001       
2.580142e+003       8.395683e-001       
2.586184e+003       8.546846e-001       
2.592227e+003       8.662569e-001       
2.598269e+003       8.776845e-001       
2.604312e+003       8.867254e-001       
2.610354e+003       8.919328e-001       
2.616396e+003       8.993825e-001       
2.622439e+003       9.003951e-001       
2.628481e+003       8.985869e-001       
2.634524e+003       8.943197e-001       
2.640566e+003       8.912096e-001       
2.646609e+003       8.810838e-001       
2.652651e+003       8.693669e-001       
2.658694e+003       8.561311e-001       
2.664736e+003       8.426784e-001       
2.670779e+003       8.277791e-001       
2.676821e+003       8.095527e-001       
2.682864e+003       7.916881e-001       
2.688906e+003       7.736787e-001       
2.694949e+003       7.537889e-001       
2.700991e+003       7.354902e-001       
2.707034e+003       7.190720e-001       
2.713076e+003       6.996885e-001       
2.719119e+003       6.851509e-001       
2.725161e+003       6.711918e-001       
2.731204e+003       6.582453e-001       
2.737246e+003       6.460944e-001       
2.743289e+003       6.378492e-001       
2.749331e+003       6.299655e-001       
2.755374e+003       6.248304e-001       
2.761416e+003       6.233115e-001       
2.767458e+003       6.215034e-001       
2.773501e+003       6.230222e-001       
2.779543e+003       6.288083e-001       
2.785586e+003       6.356071e-001       
2.791628e+003       6.450818e-001       
2.797671e+003       6.552076e-001       
2.803713e+003       6.688773e-001       
2.809756e+003       6.850062e-001       
2.815798e+003       6.988929e-001       
2.821841e+003       7.170469e-001       
2.827883e+003       7.347670e-001       
2.833926e+003       7.553077e-001       
2.839968e+003       7.716536e-001       
2.846011e+003       7.916157e-001       
2.852053e+003       8.098421e-001       
2.858096e+003       8.292256e-001       
2.864138e+003       8.442696e-001       
2.870181e+003       8.607600e-001       
2.876223e+003       8.765996e-001       
2.882266e+003       8.859298e-001       
2.888308e+003       8.975020e-001       
2.894351e+003       9.060366e-001       
2.900393e+003       9.111718e-001       
2.906436e+003       9.144264e-001       
2.912478e+003       9.137032e-001       
2.918521e+003       9.113888e-001       
2.924563e+003       9.063259e-001       
2.930605e+003       8.948982e-001       
2.936648e+003       8.854958e-001       
2.942690e+003       8.713921e-001       
2.948733e+003       8.552632e-001       
2.954775e+003       8.365306e-001       
2.960818e+003       8.184490e-001       
2.966860e+003       7.987761e-001       
2.972903e+003       7.801158e-001       
2.978945e+003       7.584178e-001       
2.984988e+003       7.381663e-001       
2.991030e+003       7.197230e-001       
2.997073e+003       6.999055e-001       
3.003115e+003       6.818962e-001       
3.009158e+003       6.657673e-001       
3.015200e+003       6.526038e-001       
3.021243e+003       6.424781e-001       
3.027285e+003       6.314844e-001       
3.033328e+003       6.240348e-001       
3.039370e+003       6.203461e-001       
3.045413e+003       6.168021e-001       
3.051455e+003       6.158618e-001       
3.057498e+003       6.198398e-001       
3.063540e+003       6.236008e-001       
3.069583e+003       6.305442e-001       
3.075625e+003       6.406699e-001       
3.081667e+003       6.528208e-001       
3.087710e+003       6.666352e-001       
