Calculated Z (nm)   Deflection (V)      
Extend Data
0.000000e+000       6.784968e-001       
6.042505e+000       6.667075e-001       
1.208501e+001       6.549183e-001       
1.812751e+001       6.442139e-001       
2.417002e+001       6.357517e-001       
3.021252e+001       6.264939e-001       
3.625503e+001       6.225882e-001       
4.229753e+001       6.159342e-001       
4.834003e+001       6.128241e-001       
5.438254e+001       6.146323e-001       
6.042504e+001       6.149939e-001       
6.646754e+001       6.176700e-001       
7.251005e+001       6.227329e-001       
7.855255e+001       6.325693e-001       
8.459505e+001       6.412485e-001       
9.063756e+001       6.507233e-001       
9.668006e+001       6.655503e-001       
1.027226e+002       6.774119e-001       
1.087651e+002       6.921665e-001       
1.148076e+002       7.074274e-001       
1.208501e+002       7.262324e-001       
1.268926e+002       7.446034e-001       
1.329351e+002       7.637700e-001       
1.389776e+002       7.824302e-001       
1.450201e+002       7.994270e-001       
1.510626e+002       8.175087e-001       
1.571051e+002       8.345054e-001       
1.631476e+002       8.507066e-001       
1.691902e+002       8.642318e-001       
1.752327e+002       8.773229e-001       
1.812752e+002       8.893291e-001       
1.873177e+002       8.996719e-001       
1.933602e+002       9.063982e-001       
1.994027e+002       9.107378e-001       
2.054452e+002       9.113888e-001       
2.114877e+002       9.100869e-001       
2.175302e+002       9.060366e-001       
2.235728e+002       9.002504e-001       
2.296153e+002       8.946813e-001       
2.356578e+002       8.827474e-001       
2.417003e+002       8.719707e-001       
2.477428e+002       8.588796e-001       
2.537853e+002       8.450652e-001       
2.598278e+002       8.279961e-001       
2.658703e+002       8.128074e-001       
2.719128e+002       7.960277e-001       
2.779554e+002       7.778736e-001       
2.839979e+002       7.584178e-001       
2.900404e+002       7.416380e-001       
2.960829e+002       7.257261e-001       
3.021254e+002       7.088017e-001       
3.081679e+002       6.928174e-001       
3.142104e+002       6.787861e-001       
3.202529e+002       6.638145e-001       
3.262954e+002       6.523145e-001       
3.323380e+002       6.439970e-001       
3.383805e+002       6.359687e-001       
3.444230e+002       6.275788e-001       
3.504655e+002       6.240348e-001       
3.565080e+002       6.199844e-001       
3.625505e+002       6.199844e-001       
3.685930e+002       6.229499e-001       
3.746355e+002       6.282297e-001       
3.806780e+002       6.348115e-001       
3.867206e+002       6.432737e-001       
3.927631e+002       6.529654e-001       
3.988056e+002       6.638868e-001       
4.048481e+002       6.792924e-001       
4.108906e+002       6.917326e-001       
4.169331e+002       7.096696e-001       
4.229756e+002       7.257261e-001       
4.290181e+002       7.423612e-001       
4.350606e+002       7.610216e-001       
4.411031e+002       7.790309e-001       
4.471457e+002       7.949427e-001       
4.531882e+002       8.134584e-001       
4.592307e+002       8.297319e-001       
4.652732e+002       8.441249e-001       
4.713157e+002       8.586626e-001       
4.773582e+002       8.703795e-001       
4.834007e+002       8.793480e-001       
4.894432e+002       8.885335e-001       
4.954857e+002       8.957662e-001       
5.015283e+002       8.975744e-001       
5.075708e+002       8.985146e-001       
5.136133e+002       8.971404e-001       
5.196558e+002       8.948982e-001       
5.256982e+002       8.872316e-001       
5.317407e+002       8.795650e-001       
5.377832e+002       8.714644e-001       
5.438257e+002       8.572884e-001       
5.498682e+002       8.460054e-001       
5.559106e+002       8.292980e-001       
5.619531e+002       8.162791e-001       
5.679956e+002       8.006566e-001       
5.740381e+002       7.822856e-001       
5.800806e+002       7.686158e-001       
5.861230e+002       7.524146e-001       
5.921655e+002       7.349839e-001       
5.982080e+002       7.203739e-001       
6.042505e+002       7.064149e-001       
6.102930e+002       6.939024e-001       
6.163354e+002       6.832703e-001       
6.223779e+002       6.709025e-001       
6.284204e+002       6.623679e-001       
6.344629e+002       6.544120e-001       
6.405054e+002       6.486982e-001       
6.465479e+002       6.447202e-001       
6.525903e+002       6.428397e-001       
6.586328e+002       6.422611e-001       
6.646753e+002       6.432014e-001       
6.707178e+002       6.467454e-001       
6.767603e+002       6.509403e-001       
6.828027e+002       6.586792e-001       
6.888452e+002       6.662012e-001       
6.948877e+002       6.757483e-001       
7.009302e+002       6.860911e-001       
7.069727e+002       6.980250e-001       
7.130151e+002       7.108268e-001       
7.190576e+002       7.255815e-001       
7.251001e+002       7.387449e-001       
7.311426e+002       7.549461e-001       
7.371851e+002       7.693391e-001       
7.432275e+002       7.855403e-001       
7.492700e+002       8.019584e-001       
7.553125e+002       8.175087e-001       
7.613550e+002       8.285024e-001       
7.673975e+002       8.442696e-001       
7.734399e+002       8.549739e-001       
7.794824e+002       8.690053e-001       
7.855249e+002       8.764549e-001       
7.915674e+002       8.847725e-001       
7.976099e+002       8.890398e-001       
8.036523e+002       8.925838e-001       
8.096948e+002       8.920052e-001       
8.157373e+002       8.911373e-001       
8.217798e+002       8.862191e-001       
8.278223e+002       8.794927e-001       
8.338647e+002       8.732726e-001       
8.399072e+002       8.638701e-001       
8.459497e+002       8.525148e-001       
8.519922e+002       8.403639e-001       
8.580347e+002       8.245244e-001       
8.640771e+002       8.078169e-001       
8.701196e+002       7.933516e-001       
8.761621e+002       7.759932e-001       
8.822046e+002       7.597197e-001       
8.882471e+002       7.434462e-001       
8.942896e+002       7.284745e-001       
9.003320e+002       7.116947e-001       
9.063745e+002       6.963615e-001       
9.124170e+002       6.810282e-001       
9.184595e+002       6.718427e-001       
9.245020e+002       6.615723e-001       
9.305444e+002       6.510850e-001       
9.365869e+002       6.447926e-001       
9.426294e+002       6.408145e-001       
9.486719e+002       6.378492e-001       
9.547144e+002       6.341605e-001       
9.607568e+002       6.383554e-001       
9.667993e+002       6.410316e-001       
9.728418e+002       6.484089e-001       
9.788843e+002       6.549906e-001       
9.849268e+002       6.628019e-001       
9.909692e+002       6.752421e-001       
9.970117e+002       6.878992e-001       
1.003054e+003       6.993269e-001       
1.009097e+003       7.132859e-001       
1.015139e+003       7.271003e-001       
1.021182e+003       7.427952e-001       
1.027224e+003       7.571159e-001       
1.033267e+003       7.723045e-001       
1.039309e+003       7.869145e-001       
1.045352e+003       8.021031e-001       
1.051394e+003       8.159175e-001       
1.057437e+003       8.287193e-001       
1.063479e+003       8.390620e-001       
1.069521e+003       8.492601e-001       
1.075564e+003       8.619173e-001       
1.081606e+003       8.706688e-001       
1.087649e+003       8.758764e-001       
1.093691e+003       8.819518e-001       
1.099734e+003       8.836876e-001       
1.105776e+003       8.859298e-001       
1.111819e+003       8.861467e-001       
1.117861e+003       8.860744e-001       
1.123904e+003       8.787694e-001       
1.129946e+003       8.745745e-001       
1.135989e+003       8.671972e-001       
1.142031e+003       8.605431e-001       
1.148074e+003       8.483199e-001       
1.154116e+003       8.395683e-001       
1.160159e+003       8.246691e-001       
1.166201e+003       8.143986e-001       
1.172244e+003       8.011628e-001       
1.178286e+003       7.878547e-001       
1.184329e+003       7.720152e-001       
1.190371e+003       7.542228e-001       
1.196414e+003       7.403361e-001       
1.202456e+003       7.225437e-001       
1.208499e+003       7.077168e-001       
1.214541e+003       6.927451e-001       
1.220583e+003       6.808836e-001       
1.226626e+003       6.688050e-001       
1.232668e+003       6.573051e-001       
1.238711e+003       6.466730e-001       
1.244753e+003       6.404529e-001       
1.250796e+003       6.361856e-001       
1.256838e+003       6.330033e-001       
1.262881e+003       6.323524e-001       
1.268923e+003       6.347391e-001       
1.274966e+003       6.384278e-001       
1.281008e+003       6.427674e-001       
1.287051e+003       6.496384e-001       
1.293093e+003       6.609937e-001       
1.299136e+003       6.708301e-001       
1.305178e+003       6.837766e-001       
1.311221e+003       6.992545e-001       
1.317263e+003       7.147325e-001       
1.323306e+003       7.284022e-001       
1.329348e+003       7.455436e-001       
1.335391e+003       7.615278e-001       
1.341433e+003       7.757038e-001       
1.347476e+003       7.916157e-001       
1.353518e+003       8.065873e-001       
1.359561e+003       8.214867e-001       
1.365603e+003       8.347225e-001       
1.371646e+003       8.465840e-001       
1.377688e+003       8.546123e-001       
1.383730e+003       8.654613e-001       
1.389773e+003       8.724770e-001       
1.395815e+003       8.791310e-001       
1.401858e+003       8.817348e-001       
1.407900e+003       8.838323e-001       
1.413943e+003       8.845555e-001       
1.419985e+003       8.843386e-001       
1.426028e+003       8.792034e-001       
1.432070e+003       8.753700e-001       
1.438113e+003       8.689330e-001       
1.444155e+003       8.614833e-001       
1.450198e+003       8.524425e-001       
1.456240e+003       8.445589e-001       
1.462283e+003       8.351564e-001       
1.468325e+003       8.250307e-001       
1.474368e+003       8.121565e-001       
1.480410e+003       7.976912e-001       
1.486453e+003       7.856126e-001       
1.492495e+003       7.694837e-001       
1.498538e+003       7.585624e-001       
1.504580e+003       7.409871e-001       
1.510623e+003       7.272450e-001       
1.516665e+003       7.140815e-001       
1.522708e+003       6.996162e-001       
1.528750e+003       6.888395e-001       
1.534792e+003       6.761823e-001       
1.540835e+003       6.656227e-001       
1.546877e+003       6.555692e-001       
1.552920e+003       6.477579e-001       
1.558962e+003       6.426951e-001       
1.565005e+003       6.390787e-001       
1.571047e+003       6.398020e-001       
1.577090e+003       6.377769e-001       
1.583132e+003       6.420441e-001       
1.589175e+003       6.450818e-001       
1.595217e+003       6.526038e-001       
1.601260e+003       6.601981e-001       
1.607302e+003       6.705408e-001       
1.613345e+003       6.842829e-001       
1.619387e+003       6.998332e-001       
1.625430e+003       7.132859e-001       
1.631472e+003       7.059809e-001       
1.637515e+003       7.409147e-001       
1.643557e+003       7.556694e-001       
1.649600e+003       8.008736e-001       
1.655642e+003       9.312786e-001       
1.661685e+003       1.027979e+000       
1.667727e+003       1.111806e+000       
1.673770e+003       1.155491e+000       
1.679812e+003       1.263041e+000       
1.685854e+003       1.400462e+000       
1.691897e+003       1.534194e+000       
1.697939e+003       1.672772e+000       
1.703982e+003       1.798259e+000       
1.710024e+003       1.954195e+000       
1.716067e+003       2.112301e+000       
1.722109e+003       2.258184e+000       
1.728152e+003       2.363130e+000       
1.734194e+003       2.369784e+000       
1.740237e+003       2.369784e+000       
1.746279e+003       2.369784e+000       
1.752322e+003       2.369784e+000       
1.758364e+003       2.369784e+000       
1.764407e+003       2.369784e+000       
1.770449e+003       2.369784e+000       
1.776492e+003       2.369784e+000       
1.782534e+003       2.369784e+000       
1.788577e+003       2.369784e+000       
1.794619e+003       2.369784e+000       
1.800662e+003       2.369784e+000       
1.806704e+003       2.369784e+000       
1.812747e+003       2.369784e+000       
1.818789e+003       2.369784e+000       
1.824832e+003       2.369784e+000       
1.830874e+003       2.369784e+000       
1.836917e+003       2.369784e+000       
1.842959e+003       2.369784e+000       
1.849001e+003       2.369784e+000       
1.855044e+003       2.369784e+000       
1.861086e+003       2.369784e+000       
1.867129e+003       2.369784e+000       
1.873171e+003       2.369784e+000       
1.879214e+003       2.369784e+000       
1.885256e+003       2.369784e+000       
1.891299e+003       2.369784e+000       
1.897341e+003       2.369784e+000       
1.903384e+003       2.369784e+000       
1.909426e+003       2.369784e+000       
1.915469e+003       2.369784e+000       
1.921511e+003       2.369784e+000       
1.927554e+003       2.369784e+000       
1.933596e+003       2.369784e+000       
1.939639e+003       2.369784e+000       
1.945681e+003       2.369784e+000       
1.951724e+003       2.369784e+000       
1.957766e+003       2.369784e+000       
1.963809e+003       2.369784e+000       
1.969851e+003       2.369784e+000       
1.975894e+003       2.369784e+000       
1.981936e+003       2.369784e+000       
1.987979e+003       2.369784e+000       
1.994021e+003       2.369784e+000       
2.000063e+003       2.369784e+000       
2.006106e+003       2.369784e+000       
2.012148e+003       2.369784e+000       
2.018191e+003       2.369784e+000       
2.024233e+003       2.369784e+000       
2.030276e+003       2.369784e+000       
2.036318e+003       2.369784e+000       
2.042361e+003       2.369784e+000       
2.048403e+003       2.369784e+000       
2.054446e+003       2.369784e+000       
2.060488e+003       2.369784e+000       
2.066531e+003       2.369784e+000       
2.072573e+003       2.369784e+000       
2.078616e+003       2.369784e+000       
2.084658e+003       2.369784e+000       
2.090701e+003       2.369784e+000       
2.096743e+003       2.369784e+000       
2.102786e+003       2.369784e+000       
2.108828e+003       2.369784e+000       
2.114871e+003       2.369784e+000       
2.120913e+003       2.369784e+000       
2.126956e+003       2.369784e+000       
2.132998e+003       2.369784e+000       
2.139041e+003       2.369784e+000       
2.145083e+003       2.369784e+000       
2.151125e+003       2.369784e+000       
2.157168e+003       2.369784e+000       
2.163210e+003       2.369784e+000       
2.169253e+003       2.369784e+000       
2.175295e+003       2.369784e+000       
2.181338e+003       2.369784e+000       
2.187380e+003       2.369784e+000       
2.193423e+003       2.369784e+000       
2.199465e+003       2.369784e+000       
2.205508e+003       2.369784e+000       
2.211550e+003       2.369784e+000       
2.217593e+003       2.369784e+000       
2.223635e+003       2.369784e+000       
2.229678e+003       2.369784e+000       
2.235720e+003       2.369784e+000       
2.241763e+003       2.369784e+000       
2.247805e+003       2.369784e+000       
2.253848e+003       2.369784e+000       
2.259890e+003       2.369784e+000       
2.265933e+003       2.369784e+000       
2.271975e+003       2.369784e+000       
2.278018e+003       2.369784e+000       
2.284060e+003       2.369784e+000       
2.290103e+003       2.369784e+000       
2.296145e+003       2.369784e+000       
2.302188e+003       2.369784e+000       
2.308230e+003       2.369784e+000       
2.314272e+003       2.369784e+000       
2.320315e+003       2.369784e+000       
2.326357e+003       2.369784e+000       
2.332400e+003       2.369784e+000       
2.338442e+003       2.369784e+000       
2.344485e+003       2.369784e+000       
2.350527e+003       2.369784e+000       
2.356570e+003       2.369784e+000       
2.362612e+003       2.369784e+000       
2.368655e+003       2.369784e+000       
2.374697e+003       2.369784e+000       
2.380740e+003       2.369784e+000       
2.386782e+003       2.369784e+000       
2.392825e+003       2.369784e+000       
2.398867e+003       2.369784e+000       
2.404910e+003       2.369784e+000       
2.410952e+003       2.369784e+000       
2.416995e+003       2.369784e+000       
2.423037e+003       2.369784e+000       
2.429080e+003       2.369784e+000       
2.435122e+003       2.369784e+000       
2.441165e+003       2.369784e+000       
2.447207e+003       2.369784e+000       
2.453250e+003       2.369784e+000       
2.459292e+003       2.369784e+000       
2.465334e+003       2.369784e+000       
2.471377e+003       2.369784e+000       
2.477419e+003       2.369784e+000       
2.483462e+003       2.369784e+000       
2.489504e+003       2.369784e+000       
2.495547e+003       2.369784e+000       
2.501589e+003       2.369784e+000       
2.507632e+003       2.369784e+000       
2.513674e+003       2.369784e+000       
2.519717e+003       2.369784e+000       
2.525759e+003       2.369784e+000       
2.531802e+003       2.369784e+000       
2.537844e+003       2.369784e+000       
2.543887e+003       2.369784e+000       
2.549929e+003       2.369784e+000       
2.555972e+003       2.369784e+000       
2.562014e+003       2.369784e+000       
2.568057e+003       2.369784e+000       
2.574099e+003       2.369784e+000       
2.580142e+003       2.369784e+000       
2.586184e+003       2.369784e+000       
2.592227e+003       2.369784e+000       
2.598269e+003       2.369784e+000       
2.604312e+003       2.369784e+000       
2.610354e+003       2.369784e+000       
2.616396e+003       2.369784e+000       
2.622439e+003       2.369784e+000       
2.628481e+003       2.369784e+000       
2.634524e+003       2.369784e+000       
2.640566e+003       2.369784e+000       
2.646609e+003       2.369784e+000       
2.652651e+003       2.369784e+000       
2.658694e+003       2.369784e+000       
2.664736e+003       2.369784e+000       
2.670779e+003       2.369784e+000       
2.676821e+003       2.369784e+000       
2.682864e+003       2.369784e+000       
2.688906e+003       2.369784e+000       
2.694949e+003       2.369784e+000       
2.700991e+003       2.369784e+000       
2.707034e+003       2.369784e+000       
2.713076e+003       2.369784e+000       
2.719119e+003       2.369784e+000       
2.725161e+003       2.369784e+000       
2.731204e+003       2.369784e+000       
2.737246e+003       2.369784e+000       
2.743289e+003       2.369784e+000       
2.749331e+003       2.369784e+000       
2.755374e+003       2.369784e+000       
2.761416e+003       2.369784e+000       
2.767458e+003       2.369784e+000       
2.773501e+003       2.369784e+000       
2.779543e+003       2.369784e+000       
2.785586e+003       2.369784e+000       
2.791628e+003       2.369784e+000       
2.797671e+003       2.369784e+000       
2.803713e+003       2.369784e+000       
2.809756e+003       2.369784e+000       
2.815798e+003       2.369784e+000       
2.821841e+003       2.369784e+000       
2.827883e+003       2.369784e+000       
2.833926e+003       2.369784e+000       
2.839968e+003       2.369784e+000       
2.846011e+003       2.369784e+000       
2.852053e+003       2.369784e+000       
2.858096e+003       2.369784e+000       
2.864138e+003       2.369784e+000       
2.870181e+003       2.369784e+000       
2.876223e+003       2.369784e+000       
2.882266e+003       2.369784e+000       
2.888308e+003       2.369784e+000       
2.894351e+003       2.369784e+000       
2.900393e+003       2.369784e+000       
2.906436e+003       2.369784e+000       
2.912478e+003       2.369784e+000       
2.918521e+003       2.369784e+000       
2.924563e+003       2.369784e+000       
2.930605e+003       2.369784e+000       
2.936648e+003       2.369784e+000       
2.942690e+003       2.369784e+000       
2.948733e+003       2.369784e+000       
2.954775e+003       2.369784e+000       
2.960818e+003       2.369784e+000       
2.966860e+003       2.369784e+000       
2.972903e+003       2.369784e+000       
2.978945e+003       2.369784e+000       
2.984988e+003       2.369784e+000       
2.991030e+003       2.369784e+000       
2.997073e+003       2.369784e+000       
3.003115e+003       2.369784e+000       
3.009158e+003       2.369784e+000       
3.015200e+003       2.369784e+000       
3.021243e+003       2.369784e+000       
3.027285e+003       2.369784e+000       
3.033328e+003       2.369784e+000       
3.039370e+003       2.369784e+000       
3.045413e+003       2.369784e+000       
3.051455e+003       2.369784e+000       
3.057498e+003       2.369784e+000       
3.063540e+003       2.369784e+000       
3.069583e+003       2.369784e+000       
3.075625e+003       2.369784e+000       
3.081667e+003       2.369784e+000       
3.087710e+003       2.369784e+000       

Retract Data
0.000000e+000       2.369784e+000       
6.042505e+000       2.369784e+000       
1.208501e+001       2.369784e+000       
1.812751e+001       2.369784e+000       
2.417002e+001       2.369784e+000       
3.021252e+001       2.369784e+000       
3.625503e+001       2.369784e+000       
4.229753e+001       2.369784e+000       
4.834003e+001       2.369784e+000       
5.438254e+001       2.369784e+000       
6.042504e+001       2.369784e+000       
6.646754e+001       2.369784e+000       
7.251005e+001       2.369784e+000       
7.855255e+001       2.369784e+000       
8.459505e+001       2.369784e+000       
9.063756e+001       2.369784e+000       
9.668006e+001       2.369784e+000       
1.027226e+002       2.369784e+000       
1.087651e+002       2.369784e+000       
1.148076e+002       2.369784e+000       
1.208501e+002       2.369784e+000       
1.268926e+002       2.369784e+000       
1.329351e+002       2.369784e+000       
1.389776e+002       2.369784e+000       
1.450201e+002       2.369784e+000       
1.510626e+002       2.369784e+000       
1.571051e+002       2.369784e+000       
1.631476e+002       2.369784e+000       
1.691902e+002       2.369784e+000       
1.752327e+002       2.369784e+000       
1.812752e+002       2.369784e+000       
1.873177e+002       2.369784e+000       
1.933602e+002       2.369784e+000       
1.994027e+002       2.369784e+000       
2.054452e+002       2.369784e+000       
2.114877e+002       2.369784e+000       
2.175302e+002       2.369784e+000       
2.235728e+002       2.369784e+000       
2.296153e+002       2.369784e+000       
2.356578e+002       2.369784e+000       
2.417003e+002       2.369784e+000       
2.477428e+002       2.369784e+000       
2.537853e+002       2.369784e+000       
2.598278e+002       2.369784e+000       
2.658703e+002       2.369784e+000       
2.719128e+002       2.369784e+000       
2.779554e+002       2.369784e+000       
2.839979e+002       2.369784e+000       
2.900404e+002       2.369784e+000       
2.960829e+002       2.369784e+000       
3.021254e+002       2.369784e+000       
3.081679e+002       2.369784e+000       
3.142104e+002       2.369784e+000       
3.202529e+002       2.369784e+000       
3.262954e+002       2.369784e+000       
3.323380e+002       2.369784e+000       
3.383805e+002       2.369784e+000       
3.444230e+002       2.369784e+000       
3.504655e+002       2.369784e+000       
3.565080e+002       2.369784e+000       
3.625505e+002       2.369784e+000       
3.685930e+002       2.369784e+000       
3.746355e+002       2.369784e+000       
3.806780e+002       2.369784e+000       
3.867206e+002       2.369784e+000       
3.927631e+002       2.369784e+000       
3.988056e+002       2.369784e+000       
4.048481e+002       2.369784e+000       
4.108906e+002       2.369784e+000       
4.169331e+002       2.369784e+000       
4.229756e+002       2.369784e+000       
4.290181e+002       2.369784e+000       
4.350606e+002       2.369784e+000       
4.411031e+002       2.369784e+000       
4.471457e+002       2.369784e+000       
4.531882e+002       2.369784e+000       
4.592307e+002       2.369784e+000       
4.652732e+002       2.369784e+000       
4.713157e+002       2.369784e+000       
4.773582e+002       2.369784e+000       
4.834007e+002       2.369784e+000       
4.894432e+002       2.369784e+000       
4.954857e+002       2.369784e+000       
5.015283e+002       2.369784e+000       
5.075708e+002       2.369784e+000       
5.136133e+002       2.369784e+000       
5.196558e+002       2.369784e+000       
5.256982e+002       2.369784e+000       
5.317407e+002       2.369784e+000       
5.377832e+002       2.369784e+000       
5.438257e+002       2.369784e+000       
5.498682e+002       2.369784e+000       
5.559106e+002       2.369784e+000       
5.619531e+002       2.369784e+000       
5.679956e+002       2.369784e+000       
5.740381e+002       2.369784e+000       
5.800806e+002       2.369784e+000       
5.861230e+002       2.369784e+000       
5.921655e+002       2.369784e+000       
5.982080e+002       2.369784e+000       
6.042505e+002       2.369784e+000       
6.102930e+002       2.369784e+000       
6.163354e+002       2.369784e+000       
6.223779e+002       2.369784e+000       
6.284204e+002       2.369784e+000       
6.344629e+002       2.369784e+000       
6.405054e+002       2.369784e+000       
6.465479e+002       2.369784e+000       
6.525903e+002       2.369784e+000       
6.586328e+002       2.369784e+000       
6.646753e+002       2.369784e+000       
6.707178e+002       2.369784e+000       
6.767603e+002       2.369784e+000       
6.828027e+002       2.369784e+000       
6.888452e+002       2.369784e+000       
6.948877e+002       2.369784e+000       
7.009302e+002       2.369784e+000       
7.069727e+002       2.369784e+000       
7.130151e+002       2.369784e+000       
7.190576e+002       2.369784e+000       
7.251001e+002       2.369784e+000       
7.311426e+002       2.369784e+000       
7.371851e+002       2.369784e+000       
7.432275e+002       2.369784e+000       
7.492700e+002       2.369784e+000       
7.553125e+002       2.369784e+000       
7.613550e+002       2.369784e+000       
7.673975e+002       2.369784e+000       
7.734399e+002       2.369784e+000       
7.794824e+002       2.369784e+000       
7.855249e+002       2.369784e+000       
7.915674e+002       2.369784e+000       
7.976099e+002       2.369784e+000       
8.036523e+002       2.369784e+000       
8.096948e+002       2.369784e+000       
8.157373e+002       2.369784e+000       
8.217798e+002       2.369784e+000       
8.278223e+002       2.369784e+000       
8.338647e+002       2.369784e+000       
8.399072e+002       2.369784e+000       
8.459497e+002       2.369784e+000       
8.519922e+002       2.369784e+000       
8.580347e+002       2.369784e+000       
8.640771e+002       2.369784e+000       
8.701196e+002       2.369784e+000       
8.761621e+002       2.369784e+000       
8.822046e+002       2.369784e+000       
8.882471e+002       2.369784e+000       
8.942896e+002       2.369784e+000       
9.003320e+002       2.369784e+000       
9.063745e+002       2.369784e+000       
9.124170e+002       2.369784e+000       
9.184595e+002       2.369784e+000       
9.245020e+002       2.369784e+000       
9.305444e+002       2.369784e+000       
9.365869e+002       2.369784e+000       
9.426294e+002       2.369784e+000       
9.486719e+002       2.369784e+000       
9.547144e+002       2.369784e+000       
9.607568e+002       2.369784e+000       
9.667993e+002       2.369784e+000       
9.728418e+002       2.369784e+000       
9.788843e+002       2.369784e+000       
9.849268e+002       2.369784e+000       
9.909692e+002       2.369784e+000       
9.970117e+002       2.369784e+000       
1.003054e+003       2.369784e+000       
1.009097e+003       2.369784e+000       
1.015139e+003       2.369784e+000       
1.021182e+003       2.369784e+000       
1.027224e+003       2.369784e+000       
1.033267e+003       2.369784e+000       
1.039309e+003       2.369784e+000       
1.045352e+003       2.369784e+000       
1.051394e+003       2.369784e+000       
1.057437e+003       2.369784e+000       
1.063479e+003       2.369784e+000       
1.069521e+003       2.369784e+000       
1.075564e+003       2.369784e+000       
1.081606e+003       2.369784e+000       
1.087649e+003       2.369784e+000       
1.093691e+003       2.369784e+000       
1.099734e+003       2.369784e+000       
1.105776e+003       2.369784e+000       
1.111819e+003       2.369784e+000       
1.117861e+003       2.369784e+000       
1.123904e+003       2.369784e+000       
1.129946e+003       2.369784e+000       
1.135989e+003       2.369784e+000       
1.142031e+003       2.369784e+000       
1.148074e+003       2.369784e+000       
1.154116e+003       2.369784e+000       
1.160159e+003       2.369784e+000       
1.166201e+003       2.369784e+000       
1.172244e+003       2.369784e+000       
1.178286e+003       2.369784e+000       
1.184329e+003       2.369784e+000       
1.190371e+003       2.369784e+000       
1.196414e+003       2.369784e+000       
1.202456e+003       2.369784e+000       
1.208499e+003       2.369784e+000       
1.214541e+003       2.369784e+000       
1.220583e+003       2.369784e+000       
1.226626e+003       2.369784e+000       
1.232668e+003       2.369784e+000       
1.238711e+003       2.369784e+000       
1.244753e+003       2.369784e+000       
1.250796e+003       2.369784e+000       
1.256838e+003       2.369784e+000       
1.262881e+003       2.369784e+000       
1.268923e+003       2.369784e+000       
1.274966e+003       2.369784e+000       
1.281008e+003       2.369784e+000       
1.287051e+003       2.369784e+000       
1.293093e+003       2.369784e+000       
1.299136e+003       2.369784e+000       
1.305178e+003       2.369784e+000       
1.311221e+003       2.369784e+000       
1.317263e+003       2.369784e+000       
1.323306e+003       2.369784e+000       
1.329348e+003       2.369784e+000       
1.335391e+003       2.369784e+000       
1.341433e+003       2.369784e+000       
1.347476e+003       2.369784e+000       
1.353518e+003       2.369784e+000       
1.359561e+003       2.369784e+000       
1.365603e+003       2.369784e+000       
1.371646e+003       2.369784e+000       
1.377688e+003       2.369784e+000       
1.383730e+003       2.369784e+000       
1.389773e+003       2.369784e+000       
1.395815e+003       2.369784e+000       
1.401858e+003       2.369784e+000       
1.407900e+003       2.369784e+000       
1.413943e+003       2.368193e+000       
1.419985e+003       2.281546e+000       
1.426028e+003       2.113241e+000       
1.432070e+003       1.936403e+000       
1.438113e+003       1.771209e+000       
1.444155e+003       1.612090e+000       
1.450198e+003       1.445160e+000       
1.456240e+003       1.283510e+000       
1.462283e+003       1.116001e+000       
1.468325e+003       9.377880e-001       
1.474368e+003       7.668800e-001       
1.480410e+003       6.016858e-001       
1.486453e+003       4.209414e-001       
1.492495e+003       2.313731e-001       
1.498538e+003       6.032047e-002       
1.504580e+003       -1.147825e-001      
1.510623e+003       -2.914043e-001      
1.516665e+003       -4.655670e-001      
1.522708e+003       -6.219373e-001      
1.528750e+003       -7.794648e-001      
1.534792e+003       -8.618450e-001      
1.540835e+003       -1.301881e-002      
1.546877e+003       6.548460e-001       
1.552920e+003       6.486982e-001       
1.558962e+003       6.445032e-001       
1.565005e+003       6.403083e-001       
1.571047e+003       6.397297e-001       
1.577090e+003       6.425504e-001       
1.583132e+003       6.462390e-001       
1.589175e+003       6.502894e-001       
1.595217e+003       6.557139e-001       
1.601260e+003       6.649717e-001       
1.607302e+003       6.765440e-001       
1.613345e+003       6.891288e-001       
1.619387e+003       7.019306e-001       
1.625430e+003       7.169746e-001       
1.631472e+003       7.300657e-001       
1.637515e+003       7.440971e-001       
1.643557e+003       7.576945e-001       
1.649600e+003       7.704963e-001       
1.655642e+003       7.845277e-001       
1.661685e+003       7.982698e-001       
1.667727e+003       8.109993e-001       
1.673770e+003       8.249583e-001       
1.679812e+003       8.355181e-001       
1.685854e+003       8.465117e-001       
1.691897e+003       8.565651e-001       
1.697939e+003       8.622066e-001       
1.703982e+003       8.698732e-001       
1.710024e+003       8.756593e-001       
1.716067e+003       8.821688e-001       
1.722109e+003       8.845555e-001       
1.728152e+003       8.852788e-001       
1.734194e+003       8.866530e-001       
1.740237e+003       8.847725e-001       
1.746279e+003       8.789864e-001       
1.752322e+003       8.746468e-001       
1.758364e+003       8.659676e-001       
1.764407e+003       8.546123e-001       
1.770449e+003       8.454991e-001       
1.776492e+003       8.343608e-001       
1.782534e+003       8.198231e-001       
1.788577e+003       8.056471e-001       
1.794619e+003       7.890120e-001       
1.800662e+003       7.731724e-001       
1.806704e+003       7.566819e-001       
1.812747e+003       7.397575e-001       
1.818789e+003       7.225437e-001       
1.824832e+003       7.062702e-001       
1.830874e+003       6.903583e-001       
1.836917e+003       6.781352e-001       
1.842959e+003       6.659119e-001       
1.849001e+003       6.547736e-001       
1.855044e+003       6.484812e-001       
1.861086e+003       6.408145e-001       
1.867129e+003       6.347391e-001       
1.873171e+003       6.331480e-001       
1.879214e+003       6.309058e-001       
1.885256e+003       6.336542e-001       
1.891299e+003       6.403806e-001       
1.897341e+003       6.454435e-001       
1.903384e+003       6.532547e-001       
1.909426e+003       6.640314e-001       
1.915469e+003       6.761100e-001       
1.921511e+003       6.891288e-001       
1.927554e+003       7.030879e-001       
1.933596e+003       7.168300e-001       
1.939639e+003       7.352009e-001       
1.945681e+003       7.487983e-001       
1.951724e+003       7.660121e-001       
1.957766e+003       7.822133e-001       
1.963809e+003       7.971126e-001       
1.969851e+003       8.102037e-001       
1.975894e+003       8.249583e-001       
1.981936e+003       8.374709e-001       
1.987979e+003       8.478136e-001       
1.994021e+003       8.598921e-001       
2.000063e+003       8.690776e-001       
2.006106e+003       8.734896e-001       
2.012148e+003       8.817348e-001       
2.018191e+003       8.858574e-001       
2.024233e+003       8.878826e-001       
2.030276e+003       8.898354e-001       
2.036318e+003       8.884612e-001       
2.042361e+003       8.849895e-001       
2.048403e+003       8.803606e-001       
2.054446e+003       8.723323e-001       
2.060488e+003       8.639424e-001       
2.066531e+003       8.547570e-001       
2.072573e+003       8.451375e-001       
2.078616e+003       8.320464e-001       
2.084658e+003       8.202571e-001       
2.090701e+003       8.065150e-001       
2.096743e+003       7.927729e-001       
2.102786e+003       7.773674e-001       
2.108828e+003       7.628297e-001       
2.114871e+003       7.477857e-001       
2.120913e+003       7.313676e-001       
2.126956e+003       7.174085e-001       
2.132998e+003       7.015690e-001       
2.139041e+003       6.891288e-001       
2.145083e+003       6.762546e-001       
2.151125e+003       6.650440e-001       
2.157168e+003       6.549183e-001       
2.163210e+003       6.468177e-001       
2.169253e+003       6.395127e-001       
2.175295e+003       6.363303e-001       
2.181338e+003       6.353177e-001       
2.187380e+003       6.356794e-001       
2.193423e+003       6.364026e-001       
2.199465e+003       6.405976e-001       
2.205508e+003       6.472517e-001       
2.211550e+003       6.564372e-001       
2.217593e+003       6.665629e-001       
2.223635e+003       6.797987e-001       
2.229678e+003       6.931791e-001       
2.235720e+003       7.070658e-001       
2.241763e+003       7.218928e-001       
2.247805e+003       7.423612e-001       
2.253848e+003       7.563203e-001       
2.259890e+003       7.745466e-001       
2.265933e+003       7.907478e-001       
2.271975e+003       8.047792e-001       
2.278018e+003       8.225716e-001       
2.284060e+003       8.347948e-001       
2.290103e+003       8.474519e-001       
2.296145e+003       8.612664e-001       
2.302188e+003       8.689330e-001       
2.308230e+003       8.773952e-001       
2.314272e+003       8.862914e-001       
2.320315e+003       8.879549e-001       
2.326357e+003       8.899077e-001       
2.332400e+003       8.889675e-001       
2.338442e+003       8.871593e-001       
2.344485e+003       8.816625e-001       
2.350527e+003       8.765996e-001       
2.356570e+003       8.645210e-001       
2.362612e+003       8.526595e-001       
2.368655e+003       8.403639e-001       
2.374697e+003       8.256816e-001       
2.380740e+003       8.103483e-001       
2.386782e+003       7.966063e-001       
2.392825e+003       7.838045e-001       
2.398867e+003       7.657951e-001       
2.404910e+003       7.498832e-001       
2.410952e+003       7.345499e-001       
2.416995e+003       7.209526e-001       
2.423037e+003       7.072828e-001       
2.429080e+003       6.930345e-001       
2.435122e+003       6.821131e-001       
2.441165e+003       6.701792e-001       
2.447207e+003       6.631635e-001       
2.453250e+003       6.553522e-001       
2.459292e+003       6.497831e-001       
2.465334e+003       6.447926e-001       
2.471377e+003       6.418995e-001       
2.477419e+003       6.413932e-001       
2.483462e+003       6.431290e-001       
2.489504e+003       6.442139e-001       
2.495547e+003       6.489152e-001       
2.501589e+003       6.581007e-001       
2.507632e+003       6.633081e-001       
2.513674e+003       6.741572e-001       
2.519717e+003       6.857294e-001       
2.525759e+003       7.002671e-001       
2.531802e+003       7.129966e-001       
2.537844e+003       7.281852e-001       
2.543887e+003       7.430122e-001       
2.549929e+003       7.584901e-001       
2.555972e+003       7.758485e-001       
2.562014e+003       7.939302e-001       
2.568057e+003       8.080339e-001       
2.574099e+003       8.248860e-001       
2.580142e+003       8.384111e-001       
2.586184e+003       8.549016e-001       
2.592227e+003       8.666909e-001       
2.598269e+003       8.768166e-001       
2.604312e+003       8.857127e-001       
2.610354e+003       8.918605e-001       
2.616396e+003       8.933071e-001       
2.622439e+003       8.954769e-001       
2.628481e+003       8.959832e-001       
2.634524e+003       8.923668e-001       
2.640566e+003       8.849895e-001       
2.646609e+003       8.776122e-001       
2.652651e+003       8.650273e-001       
2.658694e+003       8.533104e-001       
2.664736e+003       8.373985e-001       
2.670779e+003       8.220653e-001       
2.676821e+003       8.029710e-001       
2.682864e+003       7.844554e-001       
2.688906e+003       7.665907e-001       
2.694949e+003       7.462669e-001       
2.700991e+003       7.289808e-001       
2.707034e+003       7.100312e-001       
2.713076e+003       6.936131e-001       
2.719119e+003       6.785691e-001       
2.725161e+003       6.631635e-001       
2.731204e+003       6.514466e-001       
2.737246e+003       6.380662e-001       
2.743289e+003       6.298209e-001       
2.749331e+003       6.249750e-001       
2.755374e+003       6.207078e-001       
2.761416e+003       6.178870e-001       
2.767458e+003       6.170914e-001       
2.773501e+003       6.222990e-001       
2.779543e+003       6.254813e-001       
2.785586e+003       6.345944e-001       
2.791628e+003       6.437799e-001       
2.797671e+003       6.535441e-001       
2.803713e+003       6.675031e-001       
2.809756e+003       6.816791e-001       
2.815798e+003       7.008457e-001       
2.821841e+003       7.184211e-001       
2.827883e+003       7.366474e-001       
2.833926e+003       7.543675e-001       
2.839968e+003       7.731001e-001       
2.846011e+003       7.898799e-001       
2.852053e+003       8.083955e-001       
2.858096e+003       8.288640e-001       
2.864138e+003       8.435463e-001       
2.870181e+003       8.601091e-001       
2.876223e+003       8.740682e-001       
2.882266e+003       8.857127e-001       
2.888308e+003       8.952599e-001       
2.894351e+003       9.038668e-001       
2.900393e+003       9.092913e-001       
2.906436e+003       9.095082e-001       
2.912478e+003       9.116057e-001       
2.918521e+003       9.061812e-001       
2.924563e+003       8.980806e-001       
2.930605e+003       8.880273e-001       
2.936648e+003       8.776845e-001       
2.942690e+003       8.644487e-001       
2.948733e+003       8.483922e-001       
2.954775e+003       8.303828e-001       
2.960818e+003       8.109270e-001       
2.966860e+003       7.908201e-001       
2.972903e+003       7.697008e-001       
2.978945e+003       7.490153e-001       
2.984988e+003       7.297764e-001       
2.991030e+003       7.090909e-001       
2.997073e+003       6.895627e-001       
3.003115e+003       6.740125e-001       
3.009158e+003       6.570157e-001       
3.015200e+003       6.448649e-001       
3.021243e+003       6.322800e-001       
3.027285e+003       6.243964e-001       
3.033328e+003       6.158618e-001       
3.039370e+003       6.118116e-001       
3.045413e+003       6.110883e-001       
3.051455e+003       6.100034e-001       
3.057498e+003       6.146323e-001       
3.063540e+003       6.204908e-001       
3.069583e+003       6.293870e-001       
3.075625e+003       6.385001e-001       
3.081667e+003       6.492768e-001       
3.087710e+003       6.623679e-001       
