Calculated Z (nm)   Deflection (V)      
Extend Data
0.000000e+000       2.850395e-001       
5.408587e+000       2.843886e-001       
1.081717e+001       2.798320e-001       
1.622576e+001       2.802660e-001       
2.163435e+001       2.759987e-001       
2.704293e+001       2.757094e-001       
3.245152e+001       2.744075e-001       
3.786011e+001       2.713698e-001       
4.326870e+001       2.714421e-001       
4.867729e+001       2.703572e-001       
5.408588e+001       2.671748e-001       
5.949446e+001       2.686214e-001       
6.490305e+001       2.679704e-001       
7.031164e+001       2.663792e-001       
7.572022e+001       2.644264e-001       
8.112881e+001       2.650774e-001       
8.653739e+001       2.662346e-001       
9.194598e+001       2.652220e-001       
9.735456e+001       2.653667e-001       
1.027631e+002       2.663069e-001       
1.081717e+002       2.661622e-001       
1.135803e+002       2.655113e-001       
1.189889e+002       2.664516e-001       
1.243975e+002       2.696339e-001       
1.298061e+002       2.672472e-001       
1.352147e+002       2.701402e-001       
1.406232e+002       2.681874e-001       
1.460318e+002       2.705019e-001       
1.514404e+002       2.689830e-001       
1.568490e+002       2.720931e-001       
1.622576e+002       2.725270e-001       
1.676662e+002       2.730333e-001       
1.730748e+002       2.743352e-001       
1.784833e+002       2.746968e-001       
1.838919e+002       2.756371e-001       
1.893005e+002       2.742628e-001       
1.947091e+002       2.762157e-001       
2.001177e+002       2.773006e-001       
2.055263e+002       2.804829e-001       
2.109348e+002       2.816402e-001       
2.163434e+002       2.819295e-001       
2.217520e+002       2.835207e-001       
2.271606e+002       2.882219e-001       
2.325692e+002       2.877879e-001       
2.379778e+002       2.875710e-001       
2.433864e+002       2.908257e-001       
2.487949e+002       2.921275e-001       
2.542035e+002       2.927785e-001       
2.596121e+002       2.936464e-001       
2.650207e+002       2.932124e-001       
2.704293e+002       2.932124e-001       
2.758379e+002       2.948036e-001       
2.812465e+002       2.928508e-001       
2.866551e+002       2.924892e-001       
2.920637e+002       2.926338e-001       
2.974723e+002       2.891622e-001       
3.028809e+002       2.870647e-001       
3.082895e+002       2.881496e-001       
3.136981e+002       2.871370e-001       
3.191067e+002       2.815678e-001       
3.245153e+002       2.787471e-001       
3.299239e+002       2.781685e-001       
3.353325e+002       2.762880e-001       
3.407411e+002       2.728886e-001       
3.461497e+002       2.728163e-001       
3.515583e+002       2.719484e-001       
3.569669e+002       2.695616e-001       
3.623755e+002       2.692000e-001       
3.677841e+002       2.683321e-001       
3.731927e+002       2.681874e-001       
3.786013e+002       2.686937e-001       
3.840099e+002       2.684767e-001       
3.894185e+002       2.667409e-001       
3.948271e+002       2.646434e-001       
4.002357e+002       2.660899e-001       
4.056443e+002       2.678981e-001       
4.110529e+002       2.686937e-001       
4.164615e+002       2.668132e-001       
4.218701e+002       2.655836e-001       
4.272787e+002       2.675365e-001       
4.326873e+002       2.655113e-001       
4.380959e+002       2.677535e-001       
4.435045e+002       2.688383e-001       
4.489131e+002       2.685490e-001       
4.543217e+002       2.702126e-001       
4.597303e+002       2.711528e-001       
4.651389e+002       2.731056e-001       
4.705475e+002       2.759987e-001       
4.759561e+002       2.782408e-001       
4.813647e+002       2.797597e-001       
4.867733e+002       2.825081e-001       
4.921819e+002       2.809169e-001       
4.975905e+002       2.851118e-001       
5.029991e+002       2.891622e-001       
5.084077e+002       2.906087e-001       
5.138163e+002       2.941527e-001       
5.192249e+002       2.939357e-001       
5.246334e+002       2.955992e-001       
5.300420e+002       2.974074e-001       
5.354506e+002       2.974797e-001       
5.408591e+002       2.978413e-001       
5.462677e+002       2.990709e-001       
5.516763e+002       2.988539e-001       
5.570848e+002       2.987093e-001       
5.624934e+002       2.988539e-001       
5.679020e+002       2.976967e-001       
5.733105e+002       2.958162e-001       
5.787191e+002       2.949483e-001       
5.841277e+002       2.913319e-001       
5.895363e+002       2.885112e-001       
5.949448e+002       2.850395e-001       
6.003534e+002       2.817125e-001       
6.057620e+002       2.778792e-001       
6.111705e+002       2.738289e-001       
6.165791e+002       2.691276e-001       
6.219877e+002       2.671748e-001       
6.273962e+002       2.610994e-001       
6.328048e+002       2.581340e-001       
6.382134e+002       2.568321e-001       
6.436219e+002       2.527818e-001       
6.490305e+002       2.502504e-001       
6.544391e+002       2.490932e-001       
6.598477e+002       2.504674e-001       
6.652562e+002       2.482252e-001       
6.706648e+002       2.471403e-001       
6.760734e+002       2.467787e-001       
6.814819e+002       2.486592e-001       
6.868905e+002       2.507567e-001       
6.922991e+002       2.511906e-001       
6.977076e+002       2.532158e-001       
7.031162e+002       2.556026e-001       
7.085248e+002       2.576277e-001       
7.139333e+002       2.581340e-001       
7.193419e+002       2.605208e-001       
7.247505e+002       2.639925e-001       
7.301591e+002       2.671748e-001       
7.355676e+002       2.690553e-001       
7.409762e+002       2.720207e-001       
7.463848e+002       2.754924e-001       
7.517933e+002       2.770113e-001       
7.572019e+002       2.801936e-001       
7.626105e+002       2.835207e-001       
7.680190e+002       2.877879e-001       
7.734276e+002       2.919106e-001       
7.788362e+002       2.940080e-001       
7.842448e+002       2.954546e-001       
7.896533e+002       3.000112e-001       
7.950619e+002       3.013854e-001       
8.004705e+002       3.033382e-001       
8.058790e+002       3.063759e-001       
8.112876e+002       3.068822e-001       
8.166962e+002       3.102092e-001       
8.221047e+002       3.120897e-001       
8.275133e+002       3.146212e-001       
8.329219e+002       3.158507e-001       
8.383304e+002       3.152721e-001       
8.437390e+002       3.157060e-001       
8.491476e+002       3.154168e-001       
8.545562e+002       3.162847e-001       
8.599647e+002       3.136086e-001       
8.653733e+002       3.107155e-001       
8.707819e+002       3.078948e-001       
8.761904e+002       3.045677e-001       
8.815990e+002       2.975520e-001       
8.870076e+002       2.934294e-001       
8.924161e+002       2.882942e-001       
8.978247e+002       2.833760e-001       
9.032333e+002       2.754924e-001       
9.086418e+002       2.689830e-001       
9.140504e+002       2.616780e-001       
9.194590e+002       2.575554e-001       
9.248676e+002       2.548070e-001       
9.302761e+002       2.455491e-001       
9.356847e+002       2.394737e-001       
9.410933e+002       2.383888e-001       
9.465018e+002       2.333983e-001       
9.519104e+002       2.290587e-001       
9.573190e+002       2.279738e-001       
9.627275e+002       2.294926e-001       
9.681361e+002       2.290587e-001       
9.735447e+002       2.286247e-001       
9.789532e+002       2.297819e-001       
9.843618e+002       2.320241e-001       
9.897704e+002       2.339769e-001       
9.951790e+002       2.370146e-001       
1.000588e+003       2.411372e-001       
1.005996e+003       2.458384e-001       
1.011405e+003       2.516246e-001       
1.016813e+003       2.571937e-001       
1.022222e+003       2.619673e-001       
1.027630e+003       2.673918e-001       
1.033039e+003       2.705019e-001       
1.038448e+003       2.767943e-001       
1.043856e+003       2.814955e-001       
1.049265e+003       2.849672e-001       
1.054673e+003       2.880772e-001       
1.060082e+003       2.939357e-001       
1.065490e+003       2.957439e-001       
1.070899e+003       2.994325e-001       
1.076307e+003       3.018917e-001       
1.081716e+003       3.063759e-001       
1.087125e+003       3.111495e-001       
1.092533e+003       3.124513e-001       
1.097942e+003       3.164293e-001       
1.103350e+003       3.183098e-001       
1.108759e+003       3.167186e-001       
1.114167e+003       3.187438e-001       
1.119576e+003       3.197563e-001       
1.124985e+003       3.202626e-001       
1.130393e+003       3.215645e-001       
1.135802e+003       3.231557e-001       
1.141210e+003       3.225771e-001       
1.146619e+003       3.219261e-001       
1.152027e+003       3.202626e-001       
1.157436e+003       3.167909e-001       
1.162845e+003       3.128130e-001       
1.168253e+003       3.084010e-001       
1.173662e+003       3.063759e-001       
1.179070e+003       2.995049e-001       
1.184479e+003       2.942973e-001       
1.189887e+003       2.875710e-001       
1.195296e+003       2.806999e-001       
1.200705e+003       2.746968e-001       
1.206113e+003       2.678258e-001       
1.211522e+003       2.610994e-001       
1.216930e+003       2.537221e-001       
1.222339e+003       2.498164e-001       
1.227747e+003       2.422221e-001       
1.233156e+003       2.372316e-001       
1.238565e+003       2.331090e-001       
1.243973e+003       2.281907e-001       
1.249382e+003       2.271782e-001       
1.254790e+003       2.251530e-001       
1.260199e+003       2.250807e-001       
1.265607e+003       2.234895e-001       
1.271016e+003       2.250084e-001       
1.276425e+003       2.291310e-001       
1.281833e+003       2.290587e-001       
1.287242e+003       2.331813e-001       
1.292650e+003       2.368699e-001       
1.298059e+003       2.417882e-001       
1.303467e+003       2.462001e-001       
1.308876e+003       2.501781e-001       
1.314285e+003       2.561089e-001       
1.319693e+003       2.537944e-001       
1.325102e+003       4.176144e-001       
1.330510e+003       6.645377e-001       
1.335919e+003       9.053133e-001       
1.341327e+003       1.139362e+000       
1.346736e+003       1.374424e+000       
1.352145e+003       1.605580e+000       
1.357553e+003       1.836520e+000       
1.362962e+003       2.055742e+000       
1.368370e+003       2.272722e+000       
1.373779e+003       2.369784e+000       
1.379187e+003       2.369784e+000       
1.384596e+003       2.369784e+000       
1.390005e+003       2.369784e+000       
1.395413e+003       2.369784e+000       
1.400822e+003       2.369784e+000       
1.406230e+003       2.369784e+000       
1.411639e+003       2.369784e+000       
1.417047e+003       2.369784e+000       
1.422456e+003       2.369784e+000       
1.427865e+003       2.369784e+000       
1.433273e+003       2.369784e+000       
1.438682e+003       2.369784e+000       
1.444090e+003       2.369784e+000       
1.449499e+003       2.369784e+000       
1.454907e+003       2.369784e+000       
1.460316e+003       2.369784e+000       
1.465724e+003       2.369784e+000       
1.471133e+003       2.369784e+000       
1.476542e+003       2.369784e+000       
1.481950e+003       2.369784e+000       
1.487359e+003       2.369784e+000       
1.492767e+003       2.369784e+000       
1.498176e+003       2.369784e+000       
1.503584e+003       2.369784e+000       
1.508993e+003       2.369784e+000       
1.514402e+003       2.369784e+000       
1.519810e+003       2.369784e+000       
1.525219e+003       2.369784e+000       
1.530627e+003       2.369784e+000       
1.536036e+003       2.369784e+000       
1.541444e+003       2.369784e+000       
1.546853e+003       2.369784e+000       
1.552262e+003       2.369784e+000       
1.557670e+003       2.369784e+000       
1.563079e+003       2.369784e+000       
1.568487e+003       2.369784e+000       
1.573896e+003       2.369784e+000       
1.579304e+003       2.369784e+000       
1.584713e+003       2.369784e+000       
1.590122e+003       2.369784e+000       
1.595530e+003       2.369784e+000       
1.600939e+003       2.369784e+000       
1.606347e+003       2.369784e+000       
1.611756e+003       2.369784e+000       
1.617164e+003       2.369784e+000       
1.622573e+003       2.369784e+000       
1.627982e+003       2.369784e+000       
1.633390e+003       2.369784e+000       
1.638799e+003       2.369784e+000       
1.644207e+003       2.369784e+000       
1.649616e+003       2.369784e+000       
1.655024e+003       2.369784e+000       
1.660433e+003       2.369784e+000       
1.665842e+003       2.369784e+000       
1.671250e+003       2.369784e+000       
1.676659e+003       2.369784e+000       
1.682067e+003       2.369784e+000       
1.687476e+003       2.369784e+000       
1.692884e+003       2.369784e+000       
1.698293e+003       2.369784e+000       
1.703702e+003       2.369784e+000       
1.709110e+003       2.369784e+000       
1.714519e+003       2.369784e+000       
1.719927e+003       2.369784e+000       
1.725336e+003       2.369784e+000       
1.730744e+003       2.369784e+000       
1.736153e+003       2.369784e+000       
1.741562e+003       2.369784e+000       
1.746970e+003       2.369784e+000       
1.752379e+003       2.369784e+000       
1.757787e+003       2.369784e+000       
1.763196e+003       2.369784e+000       
1.768604e+003       2.369784e+000       
1.774013e+003       2.369784e+000       
1.779422e+003       2.369784e+000       
1.784830e+003       2.369784e+000       
1.790239e+003       2.369784e+000       
1.795647e+003       2.369784e+000       
1.801056e+003       2.369784e+000       
1.806464e+003       2.369784e+000       
1.811873e+003       2.369784e+000       
1.817281e+003       2.369784e+000       
1.822690e+003       2.369784e+000       
1.828099e+003       2.369784e+000       
1.833507e+003       2.369784e+000       
1.838916e+003       2.369784e+000       
1.844324e+003       2.369784e+000       
1.849733e+003       2.369784e+000       
1.855141e+003       2.369784e+000       
1.860550e+003       2.369784e+000       
1.865959e+003       2.369784e+000       
1.871367e+003       2.369784e+000       
1.876776e+003       2.369784e+000       
1.882184e+003       2.369784e+000       
1.887593e+003       2.369784e+000       
1.893001e+003       2.369784e+000       
1.898410e+003       2.369784e+000       
1.903819e+003       2.369784e+000       
1.909227e+003       2.369784e+000       
1.914636e+003       2.369784e+000       
1.920044e+003       2.369784e+000       
1.925453e+003       2.369784e+000       
1.930861e+003       2.369784e+000       
1.936270e+003       2.369784e+000       
1.941679e+003       2.369784e+000       
1.947087e+003       2.369784e+000       
1.952496e+003       2.369784e+000       
1.957904e+003       2.369784e+000       
1.963313e+003       2.369784e+000       
1.968721e+003       2.369784e+000       
1.974130e+003       2.369784e+000       
1.979539e+003       2.369784e+000       
1.984947e+003       2.369784e+000       
1.990356e+003       2.369784e+000       
1.995764e+003       2.369784e+000       
2.001173e+003       2.369784e+000       
2.006581e+003       2.369784e+000       
2.011990e+003       2.369784e+000       
2.017399e+003       2.369784e+000       
2.022807e+003       2.369784e+000       
2.028216e+003       2.369784e+000       
2.033624e+003       2.369784e+000       
2.039033e+003       2.369784e+000       
2.044441e+003       2.369784e+000       
2.049850e+003       2.369784e+000       
2.055259e+003       2.369784e+000       
2.060667e+003       2.369784e+000       
2.066076e+003       2.369784e+000       
2.071485e+003       2.369784e+000       
2.076894e+003       2.369784e+000       
2.082302e+003       2.369784e+000       
2.087711e+003       2.369784e+000       
2.093120e+003       2.369784e+000       
2.098528e+003       2.369784e+000       
2.103937e+003       2.369784e+000       
2.109346e+003       2.369784e+000       
2.114754e+003       2.369784e+000       
2.120163e+003       2.369784e+000       
2.125572e+003       2.369784e+000       
2.130980e+003       2.369784e+000       
2.136389e+003       2.369784e+000       
2.141798e+003       2.369784e+000       
2.147207e+003       2.369784e+000       
2.152615e+003       2.369784e+000       
2.158024e+003       2.369784e+000       
2.163433e+003       2.369784e+000       
2.168841e+003       2.369784e+000       
2.174250e+003       2.369784e+000       
2.179659e+003       2.369784e+000       
2.185067e+003       2.369784e+000       
2.190476e+003       2.369784e+000       
2.195885e+003       2.369784e+000       
2.201293e+003       2.369784e+000       
2.206702e+003       2.369784e+000       
2.212111e+003       2.369784e+000       
2.217520e+003       2.369784e+000       
2.222928e+003       2.369784e+000       
2.228337e+003       2.369784e+000       
2.233746e+003       2.369784e+000       
2.239154e+003       2.369784e+000       
2.244563e+003       2.369784e+000       
2.249972e+003       2.369784e+000       
2.255380e+003       2.369784e+000       
2.260789e+003       2.369784e+000       
2.266198e+003       2.369784e+000       
2.271606e+003       2.369784e+000       
2.277015e+003       2.369784e+000       
2.282424e+003       2.369784e+000       
2.287833e+003       2.369784e+000       
2.293241e+003       2.369784e+000       
2.298650e+003       2.369784e+000       
2.304059e+003       2.369784e+000       
2.309467e+003       2.369784e+000       
2.314876e+003       2.369784e+000       
2.320285e+003       2.369784e+000       
2.325693e+003       2.369784e+000       
2.331102e+003       2.369784e+000       
2.336511e+003       2.369784e+000       
2.341919e+003       2.369784e+000       
2.347328e+003       2.369784e+000       
2.352737e+003       2.369784e+000       
2.358146e+003       2.369784e+000       
2.363554e+003       2.369784e+000       
2.368963e+003       2.369784e+000       
2.374372e+003       2.369784e+000       
2.379780e+003       2.369784e+000       
2.385189e+003       2.369784e+000       
2.390598e+003       2.369784e+000       
2.396006e+003       2.369784e+000       
2.401415e+003       2.369784e+000       
2.406824e+003       2.369784e+000       
2.412232e+003       2.369784e+000       
2.417641e+003       2.369784e+000       
2.423050e+003       2.369784e+000       
2.428458e+003       2.369784e+000       
2.433867e+003       2.369784e+000       
2.439276e+003       2.369784e+000       
2.444685e+003       2.369784e+000       
2.450093e+003       2.369784e+000       
2.455502e+003       2.369784e+000       
2.460911e+003       2.369784e+000       
2.466319e+003       2.369784e+000       
2.471728e+003       2.369784e+000       
2.477137e+003       2.369784e+000       
2.482545e+003       2.369784e+000       
2.487954e+003       2.369784e+000       
2.493363e+003       2.369784e+000       
2.498771e+003       2.369784e+000       
2.504180e+003       2.369784e+000       
2.509589e+003       2.369784e+000       
2.514998e+003       2.369784e+000       
2.520406e+003       2.369784e+000       
2.525815e+003       2.369784e+000       
2.531224e+003       2.369784e+000       
2.536632e+003       2.369784e+000       
2.542041e+003       2.369784e+000       
2.547450e+003       2.369784e+000       
2.552858e+003       2.369784e+000       
2.558267e+003       2.369784e+000       
2.563676e+003       2.369784e+000       
2.569084e+003       2.369784e+000       
2.574493e+003       2.369784e+000       
2.579902e+003       2.369784e+000       
2.585311e+003       2.369784e+000       
2.590719e+003       2.369784e+000       
2.596128e+003       2.369784e+000       
2.601537e+003       2.369784e+000       
2.606945e+003       2.369784e+000       
2.612354e+003       2.369784e+000       
2.617763e+003       2.369784e+000       
2.623171e+003       2.369784e+000       
2.628580e+003       2.369784e+000       
2.633989e+003       2.369784e+000       
2.639397e+003       2.369784e+000       
2.644806e+003       2.369784e+000       
2.650215e+003       2.369784e+000       
2.655624e+003       2.369784e+000       
2.661032e+003       2.369784e+000       
2.666441e+003       2.369784e+000       
2.671850e+003       2.369784e+000       
2.677258e+003       2.369784e+000       
2.682667e+003       2.369784e+000       
2.688076e+003       2.369784e+000       
2.693484e+003       2.369784e+000       
2.698893e+003       2.369784e+000       
2.704302e+003       2.369784e+000       
2.709710e+003       2.369784e+000       
2.715119e+003       2.369784e+000       
2.720528e+003       2.369784e+000       
2.725937e+003       2.369784e+000       
2.731345e+003       2.369784e+000       
2.736754e+003       2.369784e+000       
2.742163e+003       2.369784e+000       
2.747571e+003       2.369784e+000       
2.752980e+003       2.369784e+000       
2.758389e+003       2.369784e+000       
2.763797e+003       2.369784e+000       

Retract Data
0.000000e+000       2.369784e+000       
5.408587e+000       2.369784e+000       
1.081717e+001       2.369784e+000       
1.622576e+001       2.369784e+000       
2.163435e+001       2.369784e+000       
2.704293e+001       2.369784e+000       
3.245152e+001       2.369784e+000       
3.786011e+001       2.369784e+000       
4.326870e+001       2.369784e+000       
4.867729e+001       2.369784e+000       
5.408588e+001       2.369784e+000       
5.949446e+001       2.369784e+000       
6.490305e+001       2.369784e+000       
7.031164e+001       2.369784e+000       
7.572022e+001       2.369784e+000       
8.112881e+001       2.369784e+000       
8.653739e+001       2.369784e+000       
9.194598e+001       2.369784e+000       
9.735456e+001       2.369784e+000       
1.027631e+002       2.369784e+000       
1.081717e+002       2.369784e+000       
1.135803e+002       2.369784e+000       
1.189889e+002       2.369784e+000       
1.243975e+002       2.369784e+000       
1.298061e+002       2.369784e+000       
1.352147e+002       2.369784e+000       
1.406232e+002       2.369784e+000       
1.460318e+002       2.369784e+000       
1.514404e+002       2.369784e+000       
1.568490e+002       2.369784e+000       
1.622576e+002       2.369784e+000       
1.676662e+002       2.369784e+000       
1.730748e+002       2.369784e+000       
1.784833e+002       2.369784e+000       
1.838919e+002       2.369784e+000       
1.893005e+002       2.369784e+000       
1.947091e+002       2.369784e+000       
2.001177e+002       2.369784e+000       
2.055263e+002       2.369784e+000       
2.109348e+002       2.369784e+000       
2.163434e+002       2.369784e+000       
2.217520e+002       2.369784e+000       
2.271606e+002       2.369784e+000       
2.325692e+002       2.369784e+000       
2.379778e+002       2.369784e+000       
2.433864e+002       2.369784e+000       
2.487949e+002       2.369784e+000       
2.542035e+002       2.369784e+000       
2.596121e+002       2.369784e+000       
2.650207e+002       2.369784e+000       
2.704293e+002       2.369784e+000       
2.758379e+002       2.369784e+000       
2.812465e+002       2.369784e+000       
2.866551e+002       2.369784e+000       
2.920637e+002       2.369784e+000       
2.974723e+002       2.369784e+000       
3.028809e+002       2.369784e+000       
3.082895e+002       2.369784e+000       
3.136981e+002       2.369784e+000       
3.191067e+002       2.369784e+000       
3.245153e+002       2.369784e+000       
3.299239e+002       2.369784e+000       
3.353325e+002       2.369784e+000       
3.407411e+002       2.369784e+000       
3.461497e+002       2.369784e+000       
3.515583e+002       2.369784e+000       
3.569669e+002       2.369784e+000       
3.623755e+002       2.369784e+000       
3.677841e+002       2.369784e+000       
3.731927e+002       2.369784e+000       
3.786013e+002       2.369784e+000       
3.840099e+002       2.369784e+000       
3.894185e+002       2.369784e+000       
3.948271e+002       2.369784e+000       
4.002357e+002       2.369784e+000       
4.056443e+002       2.369784e+000       
4.110529e+002       2.369784e+000       
4.164615e+002       2.369784e+000       
4.218701e+002       2.369784e+000       
4.272787e+002       2.369784e+000       
4.326873e+002       2.369784e+000       
4.380959e+002       2.369784e+000       
4.435045e+002       2.369784e+000       
4.489131e+002       2.369784e+000       
4.543217e+002       2.369784e+000       
4.597303e+002       2.369784e+000       
4.651389e+002       2.369784e+000       
4.705475e+002       2.369784e+000       
4.759561e+002       2.369784e+000       
4.813647e+002       2.369784e+000       
4.867733e+002       2.369784e+000       
4.921819e+002       2.369784e+000       
4.975905e+002       2.369784e+000       
5.029991e+002       2.369784e+000       
5.084077e+002       2.369784e+000       
5.138163e+002       2.369784e+000       
5.192249e+002       2.369784e+000       
5.246334e+002       2.369784e+000       
5.300420e+002       2.369784e+000       
5.354506e+002       2.369784e+000       
5.408591e+002       2.369784e+000       
5.462677e+002       2.369784e+000       
5.516763e+002       2.369784e+000       
5.570848e+002       2.369784e+000       
5.624934e+002       2.369784e+000       
5.679020e+002       2.369784e+000       
5.733105e+002       2.369784e+000       
5.787191e+002       2.369784e+000       
5.841277e+002       2.369784e+000       
5.895363e+002       2.369784e+000       
5.949448e+002       2.369784e+000       
6.003534e+002       2.369784e+000       
6.057620e+002       2.369784e+000       
6.111705e+002       2.369784e+000       
6.165791e+002       2.369784e+000       
6.219877e+002       2.369784e+000       
6.273962e+002       2.369784e+000       
6.328048e+002       2.369784e+000       
6.382134e+002       2.369784e+000       
6.436219e+002       2.369784e+000       
6.490305e+002       2.369784e+000       
6.544391e+002       2.369784e+000       
6.598477e+002       2.369784e+000       
6.652562e+002       2.369784e+000       
6.706648e+002       2.369784e+000       
6.760734e+002       2.369784e+000       
6.814819e+002       2.369784e+000       
6.868905e+002       2.369784e+000       
6.922991e+002       2.369784e+000       
6.977076e+002       2.369784e+000       
7.031162e+002       2.369784e+000       
7.085248e+002       2.369784e+000       
7.139333e+002       2.369784e+000       
7.193419e+002       2.369784e+000       
7.247505e+002       2.369784e+000       
7.301591e+002       2.369784e+000       
7.355676e+002       2.369784e+000       
7.409762e+002       2.369784e+000       
7.463848e+002       2.369784e+000       
7.517933e+002       2.369784e+000       
7.572019e+002       2.369784e+000       
7.626105e+002       2.369784e+000       
7.680190e+002       2.369784e+000       
7.734276e+002       2.369784e+000       
7.788362e+002       2.369784e+000       
7.842448e+002       2.369784e+000       
7.896533e+002       2.369784e+000       
7.950619e+002       2.369784e+000       
8.004705e+002       2.369784e+000       
8.058790e+002       2.369784e+000       
8.112876e+002       2.369784e+000       
8.166962e+002       2.369784e+000       
8.221047e+002       2.369784e+000       
8.275133e+002       2.369784e+000       
8.329219e+002       2.369784e+000       
8.383304e+002       2.369784e+000       
8.437390e+002       2.369784e+000       
8.491476e+002       2.369784e+000       
8.545562e+002       2.369784e+000       
8.599647e+002       2.369784e+000       
8.653733e+002       2.369784e+000       
8.707819e+002       2.369784e+000       
8.761904e+002       2.369784e+000       
8.815990e+002       2.369784e+000       
8.870076e+002       2.369784e+000       
8.924161e+002       2.369784e+000       
8.978247e+002       2.369784e+000       
9.032333e+002       2.369784e+000       
9.086418e+002       2.369784e+000       
9.140504e+002       2.369784e+000       
9.194590e+002       2.369784e+000       
9.248676e+002       2.369784e+000       
9.302761e+002       2.369784e+000       
9.356847e+002       2.369784e+000       
9.410933e+002       2.369784e+000       
9.465018e+002       2.369784e+000       
9.519104e+002       2.369784e+000       
9.573190e+002       2.369784e+000       
9.627275e+002       2.369784e+000       
9.681361e+002       2.369784e+000       
9.735447e+002       2.369784e+000       
9.789532e+002       2.369784e+000       
9.843618e+002       2.369784e+000       
9.897704e+002       2.369784e+000       
9.951790e+002       2.369784e+000       
1.000588e+003       2.369784e+000       
1.005996e+003       2.369784e+000       
1.011405e+003       2.369784e+000       
1.016813e+003       2.369784e+000       
1.022222e+003       2.369784e+000       
1.027630e+003       2.369784e+000       
1.033039e+003       2.369784e+000       
1.038448e+003       2.369784e+000       
1.043856e+003       2.369784e+000       
1.049265e+003       2.369784e+000       
1.054673e+003       2.369784e+000       
1.060082e+003       2.369784e+000       
1.065490e+003       2.369784e+000       
1.070899e+003       2.369784e+000       
1.076307e+003       2.369784e+000       
1.081716e+003       2.369784e+000       
1.087125e+003       2.369784e+000       
1.092533e+003       2.369784e+000       
1.097942e+003       2.369784e+000       
1.103350e+003       2.369784e+000       
1.108759e+003       2.369784e+000       
1.114167e+003       2.369784e+000       
1.119576e+003       2.369784e+000       
1.124985e+003       2.369784e+000       
1.130393e+003       2.369784e+000       
1.135802e+003       2.369784e+000       
1.141210e+003       2.369784e+000       
1.146619e+003       2.369784e+000       
1.152027e+003       2.369784e+000       
1.157436e+003       2.369784e+000       
1.162845e+003       2.369784e+000       
1.168253e+003       2.369784e+000       
1.173662e+003       2.369784e+000       
1.179070e+003       2.369784e+000       
1.184479e+003       2.369784e+000       
1.189887e+003       2.369784e+000       
1.195296e+003       2.369784e+000       
1.200705e+003       2.369784e+000       
1.206113e+003       2.369784e+000       
1.211522e+003       2.369784e+000       
1.216930e+003       2.369784e+000       
1.222339e+003       2.369784e+000       
1.227747e+003       2.369784e+000       
1.233156e+003       2.369784e+000       
1.238565e+003       2.369784e+000       
1.243973e+003       2.369784e+000       
1.249382e+003       2.369784e+000       
1.254790e+003       2.369784e+000       
1.260199e+003       2.369784e+000       
1.265607e+003       2.369784e+000       
1.271016e+003       2.369784e+000       
1.276425e+003       2.369784e+000       
1.281833e+003       2.369784e+000       
1.287242e+003       2.369784e+000       
1.292650e+003       2.369784e+000       
1.298059e+003       2.369784e+000       
1.303467e+003       2.369784e+000       
1.308876e+003       2.369784e+000       
1.314285e+003       2.369784e+000       
1.319693e+003       2.369784e+000       
1.325102e+003       2.369784e+000       
1.330510e+003       2.369784e+000       
1.335919e+003       2.369784e+000       
1.341327e+003       2.369784e+000       
1.346736e+003       2.369784e+000       
1.352145e+003       2.369784e+000       
1.357553e+003       2.369784e+000       
1.362962e+003       2.369784e+000       
1.368370e+003       2.369784e+000       
1.373779e+003       2.369784e+000       
1.379187e+003       2.369784e+000       
1.384596e+003       2.369784e+000       
1.390005e+003       2.369784e+000       
1.395413e+003       2.369784e+000       
1.400822e+003       2.369784e+000       
1.406230e+003       2.369784e+000       
1.411639e+003       2.369784e+000       
1.417047e+003       2.369784e+000       
1.422456e+003       2.369784e+000       
1.427865e+003       2.369784e+000       
1.433273e+003       2.369784e+000       
1.438682e+003       2.369784e+000       
1.444090e+003       2.369784e+000       
1.449499e+003       2.369784e+000       
1.454907e+003       2.369784e+000       
1.460316e+003       2.324291e+000       
1.465724e+003       2.137109e+000       
1.471133e+003       1.928953e+000       
1.476542e+003       1.710888e+000       
1.481950e+003       1.490870e+000       
1.487359e+003       1.262752e+000       
1.492767e+003       1.026822e+000       
1.498176e+003       7.884334e-001       
1.503584e+003       5.407144e-001       
1.508993e+003       2.874986e-001       
1.514402e+003       2.733949e-002       
1.519810e+003       -2.271782e-001      
1.525219e+003       -4.814788e-001      
1.530627e+003       -2.032380e-001      
1.536036e+003       2.434517e-001       
1.541444e+003       2.388228e-001       
1.546853e+003       2.339769e-001       
1.552262e+003       2.313008e-001       
1.557670e+003       2.271782e-001       
1.563079e+003       2.258040e-001       
1.568487e+003       2.266719e-001       
1.573896e+003       2.282631e-001       
1.579304e+003       2.288417e-001       
1.584713e+003       2.315901e-001       
1.590122e+003       2.346278e-001       
1.595530e+003       2.388228e-001       
1.600939e+003       2.405586e-001       
1.606347e+003       2.454768e-001       
1.611756e+003       2.513353e-001       
1.617164e+003       2.542284e-001       
1.622573e+003       2.624736e-001       
1.627982e+003       2.696339e-001       
1.633390e+003       2.755647e-001       
1.638799e+003       2.822188e-001       
1.644207e+003       2.881496e-001       
1.649616e+003       2.932124e-001       
1.655024e+003       2.995049e-001       
1.660433e+003       3.057249e-001       
1.665842e+003       3.100646e-001       
1.671250e+003       3.131023e-001       
1.676659e+003       3.177312e-001       
1.682067e+003       3.202626e-001       
1.687476e+003       3.234450e-001       
1.692884e+003       3.248192e-001       
1.698293e+003       3.240959e-001       
1.703702e+003       3.228664e-001       
1.709110e+003       3.204796e-001       
1.714519e+003       3.183821e-001       
1.719927e+003       3.178035e-001       
1.725336e+003       3.141872e-001       
1.730744e+003       3.146212e-001       
1.736153e+003       3.118004e-001       
1.741562e+003       3.086904e-001       
1.746970e+003       3.084010e-001       
1.752379e+003       3.085457e-001       
1.757787e+003       3.031212e-001       
1.763196e+003       2.995049e-001       
1.768604e+003       2.961778e-001       
1.774013e+003       2.933571e-001       
1.779422e+003       2.894515e-001       
1.784830e+003       2.841716e-001       
1.790239e+003       2.796873e-001       
1.795647e+003       2.771559e-001       
1.801056e+003       2.712251e-001       
1.806464e+003       2.654390e-001       
1.811873e+003       2.621120e-001       
1.817281e+003       2.567598e-001       
1.822690e+003       2.524202e-001       
1.828099e+003       2.496718e-001       
1.833507e+003       2.452598e-001       
1.838916e+003       2.420775e-001       
1.844324e+003       2.383165e-001       
1.849733e+003       2.356404e-001       
1.855141e+003       2.334706e-001       
1.860550e+003       2.315178e-001       
1.865959e+003       2.316624e-001       
1.871367e+003       2.324580e-001       
1.876776e+003       2.305775e-001       
1.882184e+003       2.339046e-001       
1.887593e+003       2.348448e-001       
1.893001e+003       2.403416e-001       
1.898410e+003       2.438133e-001       
1.903819e+003       2.467787e-001       
1.909227e+003       2.524202e-001       
1.914636e+003       2.584233e-001       
1.920044e+003       2.639201e-001       
1.925453e+003       2.694170e-001       
1.930861e+003       2.749138e-001       
1.936270e+003       2.835930e-001       
1.941679e+003       2.903194e-001       
1.947087e+003       2.950206e-001       
1.952496e+003       3.006621e-001       
1.957904e+003       3.049294e-001       
1.963313e+003       3.084010e-001       
1.968721e+003       3.114388e-001       
1.974130e+003       3.146212e-001       
1.979539e+003       3.157784e-001       
1.984947e+003       3.162847e-001       
1.990356e+003       3.197563e-001       
1.995764e+003       3.175865e-001       
2.001173e+003       3.154891e-001       
2.006581e+003       3.172249e-001       
2.011990e+003       3.151274e-001       
2.017399e+003       3.111495e-001       
2.022807e+003       3.113664e-001       
2.028216e+003       3.076778e-001       
2.033624e+003       3.047124e-001       
2.039033e+003       2.998665e-001       
2.044441e+003       2.976967e-001       
2.049850e+003       2.958885e-001       
2.055259e+003       2.948036e-001       
2.060667e+003       2.902471e-001       
2.066076e+003       2.894515e-001       
2.071485e+003       2.856905e-001       
2.076894e+003       2.822911e-001       
2.082302e+003       2.792534e-001       
2.087711e+003       2.746245e-001       
2.093120e+003       2.730333e-001       
2.098528e+003       2.696339e-001       
2.103937e+003       2.663069e-001       
2.109346e+003       2.628352e-001       
2.114754e+003       2.601591e-001       
2.120163e+003       2.574107e-001       
2.125572e+003       2.569045e-001       
2.130980e+003       2.540837e-001       
2.136389e+003       2.524202e-001       
2.141798e+003       2.504674e-001       
2.147207e+003       2.482976e-001       
2.152615e+003       2.478636e-001       
2.158024e+003       2.498164e-001       
2.163433e+003       2.499611e-001       
2.168841e+003       2.497441e-001       
2.174250e+003       2.522755e-001       
2.179659e+003       2.520585e-001       
2.185067e+003       2.551686e-001       
2.190476e+003       2.587126e-001       
2.195885e+003       2.621120e-001       
2.201293e+003       2.652220e-001       
2.206702e+003       2.693446e-001       
2.212111e+003       2.728886e-001       
2.217520e+003       2.784578e-001       
2.222928e+003       2.829421e-001       
2.228337e+003       2.859074e-001       
2.233746e+003       2.901747e-001       
2.239154e+003       2.931401e-001       
2.244563e+003       2.964672e-001       
2.249972e+003       2.975520e-001       
2.255380e+003       2.992879e-001       
2.260789e+003       3.016747e-001       
2.266198e+003       3.014577e-001       
2.271606e+003       3.014577e-001       
2.277015e+003       2.996495e-001       
2.282424e+003       2.984200e-001       
2.287833e+003       2.991432e-001       
2.293241e+003       2.977690e-001       
2.298650e+003       2.974797e-001       
2.304059e+003       2.970458e-001       
2.309467e+003       2.948759e-001       
2.314876e+003       2.914766e-001       
2.320285e+003       2.899577e-001       
2.325693e+003       2.865584e-001       
2.331102e+003       2.838100e-001       
2.336511e+003       2.820741e-001       
2.341919e+003       2.786748e-001       
2.347328e+003       2.778792e-001       
2.352737e+003       2.744798e-001       
2.358146e+003       2.737566e-001       
2.363554e+003       2.726717e-001       
2.368963e+003       2.709358e-001       
2.374372e+003       2.697063e-001       
2.379780e+003       2.692723e-001       
2.385189e+003       2.683321e-001       
2.390598e+003       2.667409e-001       
2.396006e+003       2.677535e-001       
2.401415e+003       2.654390e-001       
2.406824e+003       2.658730e-001       
2.412232e+003       2.651497e-001       
2.417641e+003       2.663792e-001       
2.423050e+003       2.656560e-001       
2.428458e+003       2.663792e-001       
2.433867e+003       2.666686e-001       
2.439276e+003       2.664516e-001       
2.444685e+003       2.668855e-001       
2.450093e+003       2.697786e-001       
2.455502e+003       2.699956e-001       
2.460911e+003       2.728886e-001       
2.466319e+003       2.739736e-001       
2.471728e+003       2.769389e-001       
2.477137e+003       2.796150e-001       
2.482545e+003       2.823634e-001       
2.487954e+003       2.856181e-001       
2.493363e+003       2.897408e-001       
2.498771e+003       2.880772e-001       
2.504180e+003       2.921275e-001       
2.509589e+003       2.932124e-001       
2.514998e+003       2.926338e-001       
2.520406e+003       2.961778e-001       
2.525815e+003       2.960332e-001       
2.531224e+003       2.964672e-001       
2.536632e+003       2.974074e-001       
2.542041e+003       2.963225e-001       
2.547450e+003       2.944420e-001       
2.552858e+003       2.933571e-001       
2.558267e+003       2.928508e-001       
2.563676e+003       2.924892e-001       
2.569084e+003       2.921275e-001       
2.574493e+003       2.885112e-001       
2.579902e+003       2.864861e-001       
2.585311e+003       2.849672e-001       
2.590719e+003       2.808446e-001       
2.596128e+003       2.781685e-001       
2.601537e+003       2.786748e-001       
2.606945e+003       2.765050e-001       
2.612354e+003       2.754924e-001       
2.617763e+003       2.748415e-001       
2.623171e+003       2.728886e-001       
2.628580e+003       2.720931e-001       
2.633989e+003       2.710081e-001       
2.639397e+003       2.707188e-001       
2.644806e+003       2.689107e-001       
2.650215e+003       2.677535e-001       
2.655624e+003       2.687660e-001       
2.661032e+003       2.691276e-001       
2.666441e+003       2.691276e-001       
2.671850e+003       2.675365e-001       
2.677258e+003       2.694893e-001       
2.682667e+003       2.685490e-001       
2.688076e+003       2.684767e-001       
2.693484e+003       2.666686e-001       
2.698893e+003       2.664516e-001       
2.704302e+003       2.669578e-001       
2.709710e+003       2.680427e-001       
2.715119e+003       2.679704e-001       
2.720528e+003       2.677535e-001       
2.725937e+003       2.700679e-001       
2.731345e+003       2.713698e-001       
2.736754e+003       2.705019e-001       
2.742163e+003       2.747691e-001       
2.747571e+003       2.755647e-001       
2.752980e+003       2.799767e-001       
2.758389e+003       2.798320e-001       
2.763797e+003       2.846779e-001       
