Calculated Z (nm)   Deflection (V)      
Extend Data
0.000000e+000       2.888728e-001       
5.408587e+000       2.856181e-001       
1.081717e+001       2.860521e-001       
1.622576e+001       2.830867e-001       
2.163435e+001       2.824358e-001       
2.704293e+001       2.799767e-001       
3.245152e+001       2.770836e-001       
3.786011e+001       2.738289e-001       
4.326870e+001       2.721654e-001       
4.867729e+001       2.702849e-001       
5.408588e+001       2.710081e-001       
5.949446e+001       2.705742e-001       
6.490305e+001       2.701402e-001       
7.031164e+001       2.691276e-001       
7.572022e+001       2.718037e-001       
8.112881e+001       2.708635e-001       
8.653739e+001       2.708635e-001       
9.194598e+001       2.707912e-001       
9.735456e+001       2.702849e-001       
1.027631e+002       2.723100e-001       
1.081717e+002       2.723823e-001       
1.135803e+002       2.731780e-001       
1.189889e+002       2.728163e-001       
1.243975e+002       2.723823e-001       
1.298061e+002       2.736842e-001       
1.352147e+002       2.747691e-001       
1.406232e+002       2.730333e-001       
1.460318e+002       2.733226e-001       
1.514404e+002       2.731780e-001       
1.568490e+002       2.741182e-001       
1.622576e+002       2.770836e-001       
1.676662e+002       2.750584e-001       
1.730748e+002       2.765773e-001       
1.784833e+002       2.784578e-001       
1.838919e+002       2.800490e-001       
1.893005e+002       2.808446e-001       
1.947091e+002       2.820741e-001       
2.001177e+002       2.835207e-001       
2.055263e+002       2.836653e-001       
2.109348e+002       2.870647e-001       
2.163434e+002       2.874263e-001       
2.217520e+002       2.882219e-001       
2.271606e+002       2.887282e-001       
2.325692e+002       2.911873e-001       
2.379778e+002       2.903917e-001       
2.433864e+002       2.901747e-001       
2.487949e+002       2.950929e-001       
2.542035e+002       2.972627e-001       
2.596121e+002       2.961055e-001       
2.650207e+002       2.955992e-001       
2.704293e+002       2.950206e-001       
2.758379e+002       2.962502e-001       
2.812465e+002       2.963948e-001       
2.866551e+002       2.969734e-001       
2.920637e+002       2.944420e-001       
2.974723e+002       2.925615e-001       
3.028809e+002       2.915489e-001       
3.082895e+002       2.888005e-001       
3.136981e+002       2.861967e-001       
3.191067e+002       2.846779e-001       
3.245153e+002       2.811339e-001       
3.299239e+002       2.792534e-001       
3.353325e+002       2.778792e-001       
3.407411e+002       2.759987e-001       
3.461497e+002       2.754924e-001       
3.515583e+002       2.728163e-001       
3.569669e+002       2.709358e-001       
3.623755e+002       2.706465e-001       
3.677841e+002       2.694893e-001       
3.731927e+002       2.705742e-001       
3.786013e+002       2.708635e-001       
3.840099e+002       2.699956e-001       
3.894185e+002       2.699232e-001       
3.948271e+002       2.710081e-001       
4.002357e+002       2.711528e-001       
4.056443e+002       2.702849e-001       
4.110529e+002       2.719484e-001       
4.164615e+002       2.713698e-001       
4.218701e+002       2.703572e-001       
4.272787e+002       2.728163e-001       
4.326873e+002       2.713698e-001       
4.380959e+002       2.729610e-001       
4.435045e+002       2.720207e-001       
4.489131e+002       2.749861e-001       
4.543217e+002       2.757094e-001       
4.597303e+002       2.760710e-001       
4.651389e+002       2.774452e-001       
4.705475e+002       2.810616e-001       
4.759561e+002       2.809892e-001       
4.813647e+002       2.829421e-001       
4.867733e+002       2.851842e-001       
4.921819e+002       2.883666e-001       
4.975905e+002       2.890898e-001       
5.029991e+002       2.913319e-001       
5.084077e+002       2.931401e-001       
5.138163e+002       2.959608e-001       
5.192249e+002       2.952376e-001       
5.246334e+002       2.989986e-001       
5.300420e+002       2.997218e-001       
5.354506e+002       3.013854e-001       
5.408591e+002       3.016747e-001       
5.462677e+002       3.015300e-001       
5.516763e+002       3.034105e-001       
5.570848e+002       3.023979e-001       
5.624934e+002       3.026872e-001       
5.679020e+002       3.002281e-001       
5.733105e+002       2.986369e-001       
5.787191e+002       2.948036e-001       
5.841277e+002       2.911150e-001       
5.895363e+002       2.891622e-001       
5.949448e+002       2.822911e-001       
6.003534e+002       2.800490e-001       
6.057620e+002       2.773006e-001       
6.111705e+002       2.723823e-001       
6.165791e+002       2.686214e-001       
6.219877e+002       2.647157e-001       
6.273962e+002       2.605208e-001       
6.328048e+002       2.602315e-001       
6.382134e+002       2.560365e-001       
6.436219e+002       2.534328e-001       
6.490305e+002       2.514076e-001       
6.544391e+002       2.516969e-001       
6.598477e+002       2.484422e-001       
6.652562e+002       2.479359e-001       
6.706648e+002       2.490208e-001       
6.760734e+002       2.484422e-001       
6.814819e+002       2.493825e-001       
6.868905e+002       2.492378e-001       
6.922991e+002       2.509013e-001       
6.977076e+002       2.514799e-001       
7.031162e+002       2.534328e-001       
7.085248e+002       2.579170e-001       
7.139333e+002       2.592912e-001       
7.193419e+002       2.600868e-001       
7.247505e+002       2.631245e-001       
7.301591e+002       2.672472e-001       
7.355676e+002       2.701402e-001       
7.409762e+002       2.728163e-001       
7.463848e+002       2.761433e-001       
7.517933e+002       2.806276e-001       
7.572019e+002       2.802660e-001       
7.626105e+002       2.840270e-001       
7.680190e+002       2.877879e-001       
7.734276e+002       2.914043e-001       
7.788362e+002       2.937187e-001       
7.842448e+002       2.962502e-001       
7.896533e+002       2.992156e-001       
7.950619e+002       3.015300e-001       
8.004705e+002       3.049294e-001       
8.058790e+002       3.052910e-001       
8.112876e+002       3.078224e-001       
8.166962e+002       3.102815e-001       
8.221047e+002       3.112218e-001       
8.275133e+002       3.117281e-001       
8.329219e+002       3.162123e-001       
8.383304e+002       3.154168e-001       
8.437390e+002       3.154168e-001       
8.491476e+002       3.147658e-001       
8.545562e+002       3.131023e-001       
8.599647e+002       3.116558e-001       
8.653733e+002       3.094859e-001       
8.707819e+002       3.045677e-001       
8.761904e+002       2.996495e-001       
8.815990e+002       2.950206e-001       
8.870076e+002       2.914766e-001       
8.924161e+002       2.876433e-001       
8.978247e+002       2.799043e-001       
9.032333e+002       2.720931e-001       
9.086418e+002       2.658730e-001       
9.140504e+002       2.596529e-001       
9.194590e+002       2.550240e-001       
9.248676e+002       2.482976e-001       
9.302761e+002       2.446812e-001       
9.356847e+002       2.394014e-001       
9.410933e+002       2.363636e-001       
9.465018e+002       2.341939e-001       
9.519104e+002       2.311561e-001       
9.573190e+002       2.277568e-001       
9.627275e+002       2.273951e-001       
9.681361e+002       2.266719e-001       
9.735447e+002       2.287693e-001       
9.789532e+002       2.291310e-001       
9.843618e+002       2.322410e-001       
9.897704e+002       2.335429e-001       
9.951790e+002       2.359297e-001       
1.000588e+003       2.411372e-001       
1.005996e+003       2.469957e-001       
1.011405e+003       2.498887e-001       
1.016813e+003       2.540837e-001       
1.022222e+003       2.580617e-001       
1.027630e+003       2.616780e-001       
1.033039e+003       2.676811e-001       
1.038448e+003       2.720207e-001       
1.043856e+003       2.769389e-001       
1.049265e+003       2.806276e-001       
1.054673e+003       2.861244e-001       
1.060082e+003       2.901024e-001       
1.065490e+003       2.940804e-001       
1.070899e+003       2.964672e-001       
1.076307e+003       2.988539e-001       
1.081716e+003       3.031212e-001       
1.087125e+003       3.044954e-001       
1.092533e+003       3.075331e-001       
1.097942e+003       3.104985e-001       
1.103350e+003       3.126683e-001       
1.108759e+003       3.169356e-001       
1.114167e+003       3.173696e-001       
1.119576e+003       3.182375e-001       
1.124985e+003       3.195394e-001       
1.130393e+003       3.196840e-001       
1.135802e+003       3.189608e-001       
1.141210e+003       3.188884e-001       
1.146619e+003       3.172249e-001       
1.152027e+003       3.165740e-001       
1.157436e+003       3.130299e-001       
1.162845e+003       3.090520e-001       
1.168253e+003       3.050740e-001       
1.173662e+003       3.000112e-001       
1.179070e+003       2.940080e-001       
1.184479e+003       2.893068e-001       
1.189887e+003       2.835207e-001       
1.195296e+003       2.778068e-001       
1.200705e+003       2.716591e-001       
1.206113e+003       2.650774e-001       
1.211522e+003       2.571937e-001       
1.216930e+003       2.527095e-001       
1.222339e+003       2.451152e-001       
1.227747e+003       2.381718e-001       
1.233156e+003       2.346278e-001       
1.238565e+003       2.293480e-001       
1.243973e+003       2.275398e-001       
1.249382e+003       2.247191e-001       
1.254790e+003       2.231279e-001       
1.260199e+003       2.237788e-001       
1.265607e+003       2.258040e-001       
1.271016e+003       2.253700e-001       
1.276425e+003       2.270335e-001       
1.281833e+003       2.286247e-001       
1.287242e+003       2.320964e-001       
1.292650e+003       2.369423e-001       
1.298059e+003       2.403416e-001       
1.303467e+003       2.465617e-001       
1.308876e+003       2.513353e-001       
1.314285e+003       2.493101e-001       
1.319693e+003       4.411205e-001       
1.325102e+003       7.048237e-001       
1.330510e+003       9.654168e-001       
1.335919e+003       1.219862e+000       
1.341327e+003       1.467726e+000       
1.346736e+003       1.709152e+000       
1.352145e+003       1.945661e+000       
1.357553e+003       2.179927e+000       
1.362962e+003       2.353294e+000       
1.368370e+003       2.369784e+000       
1.373779e+003       2.369784e+000       
1.379187e+003       2.369784e+000       
1.384596e+003       2.369784e+000       
1.390005e+003       2.369784e+000       
1.395413e+003       2.369784e+000       
1.400822e+003       2.369784e+000       
1.406230e+003       2.369784e+000       
1.411639e+003       2.369784e+000       
1.417047e+003       2.369784e+000       
1.422456e+003       2.369784e+000       
1.427865e+003       2.369784e+000       
1.433273e+003       2.369784e+000       
1.438682e+003       2.369784e+000       
1.444090e+003       2.369784e+000       
1.449499e+003       2.369784e+000       
1.454907e+003       2.369784e+000       
1.460316e+003       2.369784e+000       
1.465724e+003       2.369784e+000       
1.471133e+003       2.369784e+000       
1.476542e+003       2.369784e+000       
1.481950e+003       2.369784e+000       
1.487359e+003       2.369784e+000       
1.492767e+003       2.369784e+000       
1.498176e+003       2.369784e+000       
1.503584e+003       2.369784e+000       
1.508993e+003       2.369784e+000       
1.514402e+003       2.369784e+000       
1.519810e+003       2.369784e+000       
1.525219e+003       2.369784e+000       
1.530627e+003       2.369784e+000       
1.536036e+003       2.369784e+000       
1.541444e+003       2.369784e+000       
1.546853e+003       2.369784e+000       
1.552262e+003       2.369784e+000       
1.557670e+003       2.369784e+000       
1.563079e+003       2.369784e+000       
1.568487e+003       2.369784e+000       
1.573896e+003       2.369784e+000       
1.579304e+003       2.369784e+000       
1.584713e+003       2.369784e+000       
1.590122e+003       2.369784e+000       
1.595530e+003       2.369784e+000       
1.600939e+003       2.369784e+000       
1.606347e+003       2.369784e+000       
1.611756e+003       2.369784e+000       
1.617164e+003       2.369784e+000       
1.622573e+003       2.369784e+000       
1.627982e+003       2.369784e+000       
1.633390e+003       2.369784e+000       
1.638799e+003       2.369784e+000       
1.644207e+003       2.369784e+000       
1.649616e+003       2.369784e+000       
1.655024e+003       2.369784e+000       
1.660433e+003       2.369784e+000       
1.665842e+003       2.369784e+000       
1.671250e+003       2.369784e+000       
1.676659e+003       2.369784e+000       
1.682067e+003       2.369784e+000       
1.687476e+003       2.369784e+000       
1.692884e+003       2.369784e+000       
1.698293e+003       2.369784e+000       
1.703702e+003       2.369784e+000       
1.709110e+003       2.369784e+000       
1.714519e+003       2.369784e+000       
1.719927e+003       2.369784e+000       
1.725336e+003       2.369784e+000       
1.730744e+003       2.369784e+000       
1.736153e+003       2.369784e+000       
1.741562e+003       2.369784e+000       
1.746970e+003       2.369784e+000       
1.752379e+003       2.369784e+000       
1.757787e+003       2.369784e+000       
1.763196e+003       2.369784e+000       
1.768604e+003       2.369784e+000       
1.774013e+003       2.369784e+000       
1.779422e+003       2.369784e+000       
1.784830e+003       2.369784e+000       
1.790239e+003       2.369784e+000       
1.795647e+003       2.369784e+000       
1.801056e+003       2.369784e+000       
1.806464e+003       2.369784e+000       
1.811873e+003       2.369784e+000       
1.817281e+003       2.369784e+000       
1.822690e+003       2.369784e+000       
1.828099e+003       2.369784e+000       
1.833507e+003       2.369784e+000       
1.838916e+003       2.369784e+000       
1.844324e+003       2.369784e+000       
1.849733e+003       2.369784e+000       
1.855141e+003       2.369784e+000       
1.860550e+003       2.369784e+000       
1.865959e+003       2.369784e+000       
1.871367e+003       2.369784e+000       
1.876776e+003       2.369784e+000       
1.882184e+003       2.369784e+000       
1.887593e+003       2.369784e+000       
1.893001e+003       2.369784e+000       
1.898410e+003       2.369784e+000       
1.903819e+003       2.369784e+000       
1.909227e+003       2.369784e+000       
1.914636e+003       2.369784e+000       
1.920044e+003       2.369784e+000       
1.925453e+003       2.369784e+000       
1.930861e+003       2.369784e+000       
1.936270e+003       2.369784e+000       
1.941679e+003       2.369784e+000       
1.947087e+003       2.369784e+000       
1.952496e+003       2.369784e+000       
1.957904e+003       2.369784e+000       
1.963313e+003       2.369784e+000       
1.968721e+003       2.369784e+000       
1.974130e+003       2.369784e+000       
1.979539e+003       2.369784e+000       
1.984947e+003       2.369784e+000       
1.990356e+003       2.369784e+000       
1.995764e+003       2.369784e+000       
2.001173e+003       2.369784e+000       
2.006581e+003       2.369784e+000       
2.011990e+003       2.369784e+000       
2.017399e+003       2.369784e+000       
2.022807e+003       2.369784e+000       
2.028216e+003       2.369784e+000       
2.033624e+003       2.369784e+000       
2.039033e+003       2.369784e+000       
2.044441e+003       2.369784e+000       
2.049850e+003       2.369784e+000       
2.055259e+003       2.369784e+000       
2.060667e+003       2.369784e+000       
2.066076e+003       2.369784e+000       
2.071485e+003       2.369784e+000       
2.076894e+003       2.369784e+000       
2.082302e+003       2.369784e+000       
2.087711e+003       2.369784e+000       
2.093120e+003       2.369784e+000       
2.098528e+003       2.369784e+000       
2.103937e+003       2.369784e+000       
2.109346e+003       2.369784e+000       
2.114754e+003       2.369784e+000       
2.120163e+003       2.369784e+000       
2.125572e+003       2.369784e+000       
2.130980e+003       2.369784e+000       
2.136389e+003       2.369784e+000       
2.141798e+003       2.369784e+000       
2.147207e+003       2.369784e+000       
2.152615e+003       2.369784e+000       
2.158024e+003       2.369784e+000       
2.163433e+003       2.369784e+000       
2.168841e+003       2.369784e+000       
2.174250e+003       2.369784e+000       
2.179659e+003       2.369784e+000       
2.185067e+003       2.369784e+000       
2.190476e+003       2.369784e+000       
2.195885e+003       2.369784e+000       
2.201293e+003       2.369784e+000       
2.206702e+003       2.369784e+000       
2.212111e+003       2.369784e+000       
2.217520e+003       2.369784e+000       
2.222928e+003       2.369784e+000       
2.228337e+003       2.369784e+000       
2.233746e+003       2.369784e+000       
2.239154e+003       2.369784e+000       
2.244563e+003       2.369784e+000       
2.249972e+003       2.369784e+000       
2.255380e+003       2.369784e+000       
2.260789e+003       2.369784e+000       
2.266198e+003       2.369784e+000       
2.271606e+003       2.369784e+000       
2.277015e+003       2.369784e+000       
2.282424e+003       2.369784e+000       
2.287833e+003       2.369784e+000       
2.293241e+003       2.369784e+000       
2.298650e+003       2.369784e+000       
2.304059e+003       2.369784e+000       
2.309467e+003       2.369784e+000       
2.314876e+003       2.369784e+000       
2.320285e+003       2.369784e+000       
2.325693e+003       2.369784e+000       
2.331102e+003       2.369784e+000       
2.336511e+003       2.369784e+000       
2.341919e+003       2.369784e+000       
2.347328e+003       2.369784e+000       
2.352737e+003       2.369784e+000       
2.358146e+003       2.369784e+000       
2.363554e+003       2.369784e+000       
2.368963e+003       2.369784e+000       
2.374372e+003       2.369784e+000       
2.379780e+003       2.369784e+000       
2.385189e+003       2.369784e+000       
2.390598e+003       2.369784e+000       
2.396006e+003       2.369784e+000       
2.401415e+003       2.369784e+000       
2.406824e+003       2.369784e+000       
2.412232e+003       2.369784e+000       
2.417641e+003       2.369784e+000       
2.423050e+003       2.369784e+000       
2.428458e+003       2.369784e+000       
2.433867e+003       2.369784e+000       
2.439276e+003       2.369784e+000       
2.444685e+003       2.369784e+000       
2.450093e+003       2.369784e+000       
2.455502e+003       2.369784e+000       
2.460911e+003       2.369784e+000       
2.466319e+003       2.369784e+000       
2.471728e+003       2.369784e+000       
2.477137e+003       2.369784e+000       
2.482545e+003       2.369784e+000       
2.487954e+003       2.369784e+000       
2.493363e+003       2.369784e+000       
2.498771e+003       2.369784e+000       
2.504180e+003       2.369784e+000       
2.509589e+003       2.369784e+000       
2.514998e+003       2.369784e+000       
2.520406e+003       2.369784e+000       
2.525815e+003       2.369784e+000       
2.531224e+003       2.369784e+000       
2.536632e+003       2.369784e+000       
2.542041e+003       2.369784e+000       
2.547450e+003       2.369784e+000       
2.552858e+003       2.369784e+000       
2.558267e+003       2.369784e+000       
2.563676e+003       2.369784e+000       
2.569084e+003       2.369784e+000       
2.574493e+003       2.369784e+000       
2.579902e+003       2.369784e+000       
2.585311e+003       2.369784e+000       
2.590719e+003       2.369784e+000       
2.596128e+003       2.369784e+000       
2.601537e+003       2.369784e+000       
2.606945e+003       2.369784e+000       
2.612354e+003       2.369784e+000       
2.617763e+003       2.369784e+000       
2.623171e+003       2.369784e+000       
2.628580e+003       2.369784e+000       
2.633989e+003       2.369784e+000       
2.639397e+003       2.369784e+000       
2.644806e+003       2.369784e+000       
2.650215e+003       2.369784e+000       
2.655624e+003       2.369784e+000       
2.661032e+003       2.369784e+000       
2.666441e+003       2.369784e+000       
2.671850e+003       2.369784e+000       
2.677258e+003       2.369784e+000       
2.682667e+003       2.369784e+000       
2.688076e+003       2.369784e+000       
2.693484e+003       2.369784e+000       
2.698893e+003       2.369784e+000       
2.704302e+003       2.369784e+000       
2.709710e+003       2.369784e+000       
2.715119e+003       2.369784e+000       
2.720528e+003       2.369784e+000       
2.725937e+003       2.369784e+000       
2.731345e+003       2.369784e+000       
2.736754e+003       2.369784e+000       
2.742163e+003       2.369784e+000       
2.747571e+003       2.369784e+000       
2.752980e+003       2.369784e+000       
2.758389e+003       2.369784e+000       
2.763797e+003       2.369784e+000       

Retract Data
0.000000e+000       2.369784e+000       
5.408587e+000       2.369784e+000       
1.081717e+001       2.369784e+000       
1.622576e+001       2.369784e+000       
2.163435e+001       2.369784e+000       
2.704293e+001       2.369784e+000       
3.245152e+001       2.369784e+000       
3.786011e+001       2.369784e+000       
4.326870e+001       2.369784e+000       
4.867729e+001       2.369784e+000       
5.408588e+001       2.369784e+000       
5.949446e+001       2.369784e+000       
6.490305e+001       2.369784e+000       
7.031164e+001       2.369784e+000       
7.572022e+001       2.369784e+000       
8.112881e+001       2.369784e+000       
8.653739e+001       2.369784e+000       
9.194598e+001       2.369784e+000       
9.735456e+001       2.369784e+000       
1.027631e+002       2.369784e+000       
1.081717e+002       2.369784e+000       
1.135803e+002       2.369784e+000       
1.189889e+002       2.369784e+000       
1.243975e+002       2.369784e+000       
1.298061e+002       2.369784e+000       
1.352147e+002       2.369784e+000       
1.406232e+002       2.369784e+000       
1.460318e+002       2.369784e+000       
1.514404e+002       2.369784e+000       
1.568490e+002       2.369784e+000       
1.622576e+002       2.369784e+000       
1.676662e+002       2.369784e+000       
1.730748e+002       2.369784e+000       
1.784833e+002       2.369784e+000       
1.838919e+002       2.369784e+000       
1.893005e+002       2.369784e+000       
1.947091e+002       2.369784e+000       
2.001177e+002       2.369784e+000       
2.055263e+002       2.369784e+000       
2.109348e+002       2.369784e+000       
2.163434e+002       2.369784e+000       
2.217520e+002       2.369784e+000       
2.271606e+002       2.369784e+000       
2.325692e+002       2.369784e+000       
2.379778e+002       2.369784e+000       
2.433864e+002       2.369784e+000       
2.487949e+002       2.369784e+000       
2.542035e+002       2.369784e+000       
2.596121e+002       2.369784e+000       
2.650207e+002       2.369784e+000       
2.704293e+002       2.369784e+000       
2.758379e+002       2.369784e+000       
2.812465e+002       2.369784e+000       
2.866551e+002       2.369784e+000       
2.920637e+002       2.369784e+000       
2.974723e+002       2.369784e+000       
3.028809e+002       2.369784e+000       
3.082895e+002       2.369784e+000       
3.136981e+002       2.369784e+000       
3.191067e+002       2.369784e+000       
3.245153e+002       2.369784e+000       
3.299239e+002       2.369784e+000       
3.353325e+002       2.369784e+000       
3.407411e+002       2.369784e+000       
3.461497e+002       2.369784e+000       
3.515583e+002       2.369784e+000       
3.569669e+002       2.369784e+000       
3.623755e+002       2.369784e+000       
3.677841e+002       2.369784e+000       
3.731927e+002       2.369784e+000       
3.786013e+002       2.369784e+000       
3.840099e+002       2.369784e+000       
3.894185e+002       2.369784e+000       
3.948271e+002       2.369784e+000       
4.002357e+002       2.369784e+000       
4.056443e+002       2.369784e+000       
4.110529e+002       2.369784e+000       
4.164615e+002       2.369784e+000       
4.218701e+002       2.369784e+000       
4.272787e+002       2.369784e+000       
4.326873e+002       2.369784e+000       
4.380959e+002       2.369784e+000       
4.435045e+002       2.369784e+000       
4.489131e+002       2.369784e+000       
4.543217e+002       2.369784e+000       
4.597303e+002       2.369784e+000       
4.651389e+002       2.369784e+000       
4.705475e+002       2.369784e+000       
4.759561e+002       2.369784e+000       
4.813647e+002       2.369784e+000       
4.867733e+002       2.369784e+000       
4.921819e+002       2.369784e+000       
4.975905e+002       2.369784e+000       
5.029991e+002       2.369784e+000       
5.084077e+002       2.369784e+000       
5.138163e+002       2.369784e+000       
5.192249e+002       2.369784e+000       
5.246334e+002       2.369784e+000       
5.300420e+002       2.369784e+000       
5.354506e+002       2.369784e+000       
5.408591e+002       2.369784e+000       
5.462677e+002       2.369784e+000       
5.516763e+002       2.369784e+000       
5.570848e+002       2.369784e+000       
5.624934e+002       2.369784e+000       
5.679020e+002       2.369784e+000       
5.733105e+002       2.369784e+000       
5.787191e+002       2.369784e+000       
5.841277e+002       2.369784e+000       
5.895363e+002       2.369784e+000       
5.949448e+002       2.369784e+000       
6.003534e+002       2.369784e+000       
6.057620e+002       2.369784e+000       
6.111705e+002       2.369784e+000       
6.165791e+002       2.369784e+000       
6.219877e+002       2.369784e+000       
6.273962e+002       2.369784e+000       
6.328048e+002       2.369784e+000       
6.382134e+002       2.369784e+000       
6.436219e+002       2.369784e+000       
6.490305e+002       2.369784e+000       
6.544391e+002       2.369784e+000       
6.598477e+002       2.369784e+000       
6.652562e+002       2.369784e+000       
6.706648e+002       2.369784e+000       
6.760734e+002       2.369784e+000       
6.814819e+002       2.369784e+000       
6.868905e+002       2.369784e+000       
6.922991e+002       2.369784e+000       
6.977076e+002       2.369784e+000       
7.031162e+002       2.369784e+000       
7.085248e+002       2.369784e+000       
7.139333e+002       2.369784e+000       
7.193419e+002       2.369784e+000       
7.247505e+002       2.369784e+000       
7.301591e+002       2.369784e+000       
7.355676e+002       2.369784e+000       
7.409762e+002       2.369784e+000       
7.463848e+002       2.369784e+000       
7.517933e+002       2.369784e+000       
7.572019e+002       2.369784e+000       
7.626105e+002       2.369784e+000       
7.680190e+002       2.369784e+000       
7.734276e+002       2.369784e+000       
7.788362e+002       2.369784e+000       
7.842448e+002       2.369784e+000       
7.896533e+002       2.369784e+000       
7.950619e+002       2.369784e+000       
8.004705e+002       2.369784e+000       
8.058790e+002       2.369784e+000       
8.112876e+002       2.369784e+000       
8.166962e+002       2.369784e+000       
8.221047e+002       2.369784e+000       
8.275133e+002       2.369784e+000       
8.329219e+002       2.369784e+000       
8.383304e+002       2.369784e+000       
8.437390e+002       2.369784e+000       
8.491476e+002       2.369784e+000       
8.545562e+002       2.369784e+000       
8.599647e+002       2.369784e+000       
8.653733e+002       2.369784e+000       
8.707819e+002       2.369784e+000       
8.761904e+002       2.369784e+000       
8.815990e+002       2.369784e+000       
8.870076e+002       2.369784e+000       
8.924161e+002       2.369784e+000       
8.978247e+002       2.369784e+000       
9.032333e+002       2.369784e+000       
9.086418e+002       2.369784e+000       
9.140504e+002       2.369784e+000       
9.194590e+002       2.369784e+000       
9.248676e+002       2.369784e+000       
9.302761e+002       2.369784e+000       
9.356847e+002       2.369784e+000       
9.410933e+002       2.369784e+000       
9.465018e+002       2.369784e+000       
9.519104e+002       2.369784e+000       
9.573190e+002       2.369784e+000       
9.627275e+002       2.369784e+000       
9.681361e+002       2.369784e+000       
9.735447e+002       2.369784e+000       
9.789532e+002       2.369784e+000       
9.843618e+002       2.369784e+000       
9.897704e+002       2.369784e+000       
9.951790e+002       2.369784e+000       
1.000588e+003       2.369784e+000       
1.005996e+003       2.369784e+000       
1.011405e+003       2.369784e+000       
1.016813e+003       2.369784e+000       
1.022222e+003       2.369784e+000       
1.027630e+003       2.369784e+000       
1.033039e+003       2.369784e+000       
1.038448e+003       2.369784e+000       
1.043856e+003       2.369784e+000       
1.049265e+003       2.369784e+000       
1.054673e+003       2.369784e+000       
1.060082e+003       2.369784e+000       
1.065490e+003       2.369784e+000       
1.070899e+003       2.369784e+000       
1.076307e+003       2.369784e+000       
1.081716e+003       2.369784e+000       
1.087125e+003       2.369784e+000       
1.092533e+003       2.369784e+000       
1.097942e+003       2.369784e+000       
1.103350e+003       2.369784e+000       
1.108759e+003       2.369784e+000       
1.114167e+003       2.369784e+000       
1.119576e+003       2.369784e+000       
1.124985e+003       2.369784e+000       
1.130393e+003       2.369784e+000       
1.135802e+003       2.369784e+000       
1.141210e+003       2.369784e+000       
1.146619e+003       2.369784e+000       
1.152027e+003       2.369784e+000       
1.157436e+003       2.369784e+000       
1.162845e+003       2.369784e+000       
1.168253e+003       2.369784e+000       
1.173662e+003       2.369784e+000       
1.179070e+003       2.369784e+000       
1.184479e+003       2.369784e+000       
1.189887e+003       2.369784e+000       
1.195296e+003       2.369784e+000       
1.200705e+003       2.369784e+000       
1.206113e+003       2.369784e+000       
1.211522e+003       2.369784e+000       
1.216930e+003       2.369784e+000       
1.222339e+003       2.369784e+000       
1.227747e+003       2.369784e+000       
1.233156e+003       2.369784e+000       
1.238565e+003       2.369784e+000       
1.243973e+003       2.369784e+000       
1.249382e+003       2.369784e+000       
1.254790e+003       2.369784e+000       
1.260199e+003       2.369784e+000       
1.265607e+003       2.369784e+000       
1.271016e+003       2.369784e+000       
1.276425e+003       2.369784e+000       
1.281833e+003       2.369784e+000       
1.287242e+003       2.369784e+000       
1.292650e+003       2.369784e+000       
1.298059e+003       2.369784e+000       
1.303467e+003       2.369784e+000       
1.308876e+003       2.369784e+000       
1.314285e+003       2.369784e+000       
1.319693e+003       2.369784e+000       
1.325102e+003       2.369784e+000       
1.330510e+003       2.369784e+000       
1.335919e+003       2.369784e+000       
1.341327e+003       2.369784e+000       
1.346736e+003       2.369784e+000       
1.352145e+003       2.369784e+000       
1.357553e+003       2.369784e+000       
1.362962e+003       2.369784e+000       
1.368370e+003       2.369784e+000       
1.373779e+003       2.369784e+000       
1.379187e+003       2.369784e+000       
1.384596e+003       2.369784e+000       
1.390005e+003       2.369784e+000       
1.395413e+003       2.369784e+000       
1.400822e+003       2.369784e+000       
1.406230e+003       2.369784e+000       
1.411639e+003       2.369784e+000       
1.417047e+003       2.369784e+000       
1.422456e+003       2.369784e+000       
1.427865e+003       2.369784e+000       
1.433273e+003       2.369784e+000       
1.438682e+003       2.369784e+000       
1.444090e+003       2.369784e+000       
1.449499e+003       2.369784e+000       
1.454907e+003       2.369784e+000       
1.460316e+003       2.369784e+000       
1.465724e+003       2.361250e+000       
1.471133e+003       2.223395e+000       
1.476542e+003       2.002871e+000       
1.481950e+003       1.769183e+000       
1.487359e+003       1.536075e+000       
1.492767e+003       1.295950e+000       
1.498176e+003       1.044253e+000       
1.503584e+003       7.921944e-001       
1.508993e+003       5.334094e-001       
1.514402e+003       2.710805e-001       
1.519810e+003       7.883610e-003       
1.525219e+003       -2.565428e-001      
1.530627e+003       -5.219818e-001      
1.536036e+003       -1.467509e-001      
1.541444e+003       2.400523e-001       
1.546853e+003       2.378102e-001       
1.552262e+003       2.335429e-001       
1.557670e+003       2.318071e-001       
1.563079e+003       2.320964e-001       
1.568487e+003       2.312285e-001       
1.573896e+003       2.293480e-001       
1.579304e+003       2.315178e-001       
1.584713e+003       2.349171e-001       
1.590122e+003       2.362190e-001       
1.595530e+003       2.407033e-001       
1.600939e+003       2.452598e-001       
1.606347e+003       2.522755e-001       
1.611756e+003       2.564705e-001       
1.617164e+003       2.613887e-001       
1.622573e+003       2.679704e-001       
1.627982e+003       2.735396e-001       
1.633390e+003       2.790364e-001       
1.638799e+003       2.853288e-001       
1.644207e+003       2.923445e-001       
1.649616e+003       2.982753e-001       
1.655024e+003       3.044231e-001       
1.660433e+003       3.074608e-001       
1.665842e+003       3.132469e-001       
1.671250e+003       3.166463e-001       
1.676659e+003       3.183098e-001       
1.682067e+003       3.189608e-001       
1.687476e+003       3.221431e-001       
1.692884e+003       3.212752e-001       
1.698293e+003       3.222154e-001       
1.703702e+003       3.219985e-001       
1.709110e+003       3.207689e-001       
1.714519e+003       3.220708e-001       
1.719927e+003       3.224324e-001       
1.725336e+003       3.229387e-001       
1.730744e+003       3.202626e-001       
1.736153e+003       3.167186e-001       
1.741562e+003       3.139702e-001       
1.746970e+003       3.102815e-001       
1.752379e+003       3.057973e-001       
1.757787e+003       3.041338e-001       
1.763196e+003       3.000835e-001       
1.768604e+003       2.972627e-001       
1.774013e+003       2.940804e-001       
1.779422e+003       2.894515e-001       
1.784830e+003       2.863414e-001       
1.790239e+003       2.830867e-001       
1.795647e+003       2.774452e-001       
1.801056e+003       2.731780e-001       
1.806464e+003       2.694893e-001       
1.811873e+003       2.637755e-001       
1.817281e+003       2.597975e-001       
1.822690e+003       2.553856e-001       
1.828099e+003       2.498887e-001       
1.833507e+003       2.487315e-001       
1.838916e+003       2.448259e-001       
1.844324e+003       2.401970e-001       
1.849733e+003       2.388228e-001       
1.855141e+003       2.346278e-001       
1.860550e+003       2.327473e-001       
1.865959e+003       2.322410e-001       
1.871367e+003       2.311561e-001       
1.876776e+003       2.342662e-001       
1.882184e+003       2.372316e-001       
1.887593e+003       2.386058e-001       
1.893001e+003       2.400523e-001       
1.898410e+003       2.443919e-001       
1.903819e+003       2.480806e-001       
1.909227e+003       2.527818e-001       
1.914636e+003       2.593636e-001       
1.920044e+003       2.662346e-001       
1.925453e+003       2.715867e-001       
1.930861e+003       2.779515e-001       
1.936270e+003       2.837377e-001       
1.941679e+003       2.890898e-001       
1.947087e+003       2.989986e-001       
1.952496e+003       3.016023e-001       
1.957904e+003       3.057973e-001       
1.963313e+003       3.122344e-001       
1.968721e+003       3.146212e-001       
1.974130e+003       3.164293e-001       
1.979539e+003       3.170803e-001       
1.984947e+003       3.183821e-001       
1.990356e+003       3.195394e-001       
1.995764e+003       3.193947e-001       
2.001173e+003       3.204796e-001       
2.006581e+003       3.171526e-001       
2.011990e+003       3.174419e-001       
2.017399e+003       3.132469e-001       
2.022807e+003       3.113664e-001       
2.028216e+003       3.087627e-001       
2.033624e+003       3.086904e-001       
2.039033e+003       3.057249e-001       
2.044441e+003       3.009514e-001       
2.049850e+003       3.001558e-001       
2.055259e+003       2.974074e-001       
2.060667e+003       2.948759e-001       
2.066076e+003       2.927062e-001       
2.071485e+003       2.868477e-001       
2.076894e+003       2.852565e-001       
2.082302e+003       2.806276e-001       
2.087711e+003       2.753477e-001       
2.093120e+003       2.744075e-001       
2.098528e+003       2.718761e-001       
2.103937e+003       2.686214e-001       
2.109346e+003       2.673195e-001       
2.114754e+003       2.659453e-001       
2.120163e+003       2.608101e-001       
2.125572e+003       2.600145e-001       
2.130980e+003       2.586403e-001       
2.136389e+003       2.579170e-001       
2.141798e+003       2.564705e-001       
2.147207e+003       2.560365e-001       
2.152615e+003       2.531435e-001       
2.158024e+003       2.523479e-001       
2.163433e+003       2.540837e-001       
2.168841e+003       2.535774e-001       
2.174250e+003       2.537944e-001       
2.179659e+003       2.552409e-001       
2.185067e+003       2.566875e-001       
2.190476e+003       2.600145e-001       
2.195885e+003       2.649327e-001       
2.201293e+003       2.682597e-001       
2.206702e+003       2.711528e-001       
2.212111e+003       2.751308e-001       
2.217520e+003       2.789641e-001       
2.222928e+003       2.837377e-001       
2.228337e+003       2.859798e-001       
2.233746e+003       2.906087e-001       
2.239154e+003       2.955992e-001       
2.244563e+003       2.963948e-001       
2.249972e+003       2.977690e-001       
2.255380e+003       3.011684e-001       
2.260789e+003       3.038445e-001       
2.266198e+003       3.036998e-001       
2.271606e+003       3.068099e-001       
2.277015e+003       3.071715e-001       
2.282424e+003       3.065929e-001       
2.287833e+003       3.054357e-001       
2.293241e+003       3.031212e-001       
2.298650e+003       2.993602e-001       
2.304059e+003       2.978413e-001       
2.309467e+003       2.975520e-001       
2.314876e+003       2.958162e-001       
2.320285e+003       2.927785e-001       
2.325693e+003       2.911150e-001       
2.331102e+003       2.893068e-001       
2.336511e+003       2.871370e-001       
2.341919e+003       2.858351e-001       
2.347328e+003       2.843163e-001       
2.352737e+003       2.839546e-001       
2.358146e+003       2.806999e-001       
2.363554e+003       2.783855e-001       
2.368963e+003       2.777345e-001       
2.374372e+003       2.752754e-001       
2.379780e+003       2.753477e-001       
2.385189e+003       2.757817e-001       
2.390598e+003       2.733949e-001       
2.396006e+003       2.758540e-001       
2.401415e+003       2.741182e-001       
2.406824e+003       2.743352e-001       
2.412232e+003       2.749138e-001       
2.417641e+003       2.748415e-001       
2.423050e+003       2.721654e-001       
2.428458e+003       2.739736e-001       
2.433867e+003       2.735396e-001       
2.439276e+003       2.752031e-001       
2.444685e+003       2.746245e-001       
2.450093e+003       2.766496e-001       
2.455502e+003       2.768666e-001       
2.460911e+003       2.763603e-001       
2.466319e+003       2.780238e-001       
2.471728e+003       2.796873e-001       
2.477137e+003       2.822188e-001       
2.482545e+003       2.838100e-001       
2.487954e+003       2.860521e-001       
2.493363e+003       2.878603e-001       
2.498771e+003       2.925615e-001       
2.504180e+003       2.924168e-001       
2.509589e+003       2.934294e-001       
2.514998e+003       2.943697e-001       
2.520406e+003       2.961055e-001       
2.525815e+003       2.976244e-001       
2.531224e+003       2.974797e-001       
2.536632e+003       2.970458e-001       
2.542041e+003       2.966841e-001       
2.547450e+003       2.958885e-001       
2.552858e+003       2.958162e-001       
2.558267e+003       2.958885e-001       
2.563676e+003       2.913319e-001       
2.569084e+003       2.905363e-001       
2.574493e+003       2.898854e-001       
2.579902e+003       2.885835e-001       
2.585311e+003       2.882942e-001       
2.590719e+003       2.864137e-001       
2.596128e+003       2.872093e-001       
2.601537e+003       2.848949e-001       
2.606945e+003       2.825081e-001       
2.612354e+003       2.835930e-001       
2.617763e+003       2.817125e-001       
2.623171e+003       2.812786e-001       
2.628580e+003       2.812786e-001       
2.633989e+003       2.780238e-001       
2.639397e+003       2.792534e-001       
2.644806e+003       2.763603e-001       
2.650215e+003       2.760710e-001       
2.655624e+003       2.764327e-001       
2.661032e+003       2.766496e-001       
2.666441e+003       2.746968e-001       
2.671850e+003       2.748415e-001       
2.677258e+003       2.746245e-001       
2.682667e+003       2.732503e-001       
2.688076e+003       2.743352e-001       
2.693484e+003       2.757817e-001       
2.698893e+003       2.725270e-001       
2.704302e+003       2.728163e-001       
2.709710e+003       2.727440e-001       
2.715119e+003       2.705019e-001       
2.720528e+003       2.727440e-001       
2.725937e+003       2.737566e-001       
2.731345e+003       2.746245e-001       
2.736754e+003       2.746968e-001       
2.742163e+003       2.765773e-001       
2.747571e+003       2.796873e-001       
2.752980e+003       2.828697e-001       
2.758389e+003       2.868477e-001       
2.763797e+003       2.866307e-001       
