Calculated Z (nm)   Deflection (V)      
Extend Data
0.000000e+000       2.882219e-001       
5.408587e+000       2.846779e-001       
1.081717e+001       2.827974e-001       
1.622576e+001       2.791811e-001       
2.163435e+001       2.770113e-001       
2.704293e+001       2.748415e-001       
3.245152e+001       2.729610e-001       
3.786011e+001       2.717314e-001       
4.326870e+001       2.689830e-001       
4.867729e+001       2.681874e-001       
5.408588e+001       2.690553e-001       
5.949446e+001       2.668132e-001       
6.490305e+001       2.689107e-001       
7.031164e+001       2.679704e-001       
7.572022e+001       2.672472e-001       
8.112881e+001       2.676088e-001       
8.653739e+001       2.676811e-001       
9.194598e+001       2.688383e-001       
9.735456e+001       2.697786e-001       
1.027631e+002       2.702849e-001       
1.081717e+002       2.716591e-001       
1.135803e+002       2.689830e-001       
1.189889e+002       2.720931e-001       
1.243975e+002       2.729610e-001       
1.298061e+002       2.739012e-001       
1.352147e+002       2.720931e-001       
1.406232e+002       2.720931e-001       
1.460318e+002       2.739736e-001       
1.514404e+002       2.710805e-001       
1.568490e+002       2.731780e-001       
1.622576e+002       2.750584e-001       
1.676662e+002       2.741182e-001       
1.730748e+002       2.753477e-001       
1.784833e+002       2.766496e-001       
1.838919e+002       2.770836e-001       
1.893005e+002       2.775899e-001       
1.947091e+002       2.781685e-001       
2.001177e+002       2.799043e-001       
2.055263e+002       2.807722e-001       
2.109348e+002       2.816402e-001       
2.163434e+002       2.835930e-001       
2.217520e+002       2.835207e-001       
2.271606e+002       2.848949e-001       
2.325692e+002       2.879326e-001       
2.379778e+002       2.883666e-001       
2.433864e+002       2.895961e-001       
2.487949e+002       2.914766e-001       
2.542035e+002       2.894515e-001       
2.596121e+002       2.927785e-001       
2.650207e+002       2.928508e-001       
2.704293e+002       2.929955e-001       
2.758379e+002       2.940804e-001       
2.812465e+002       2.928508e-001       
2.866551e+002       2.911873e-001       
2.920637e+002       2.886558e-001       
2.974723e+002       2.848226e-001       
3.028809e+002       2.850395e-001       
3.082895e+002       2.829421e-001       
3.136981e+002       2.838100e-001       
3.191067e+002       2.796150e-001       
3.245153e+002       2.782408e-001       
3.299239e+002       2.763603e-001       
3.353325e+002       2.732503e-001       
3.407411e+002       2.709358e-001       
3.461497e+002       2.720931e-001       
3.515583e+002       2.714421e-001       
3.569669e+002       2.699956e-001       
3.623755e+002       2.682597e-001       
3.677841e+002       2.703572e-001       
3.731927e+002       2.692723e-001       
3.786013e+002       2.699232e-001       
3.840099e+002       2.683321e-001       
3.894185e+002       2.686214e-001       
3.948271e+002       2.695616e-001       
4.002357e+002       2.693446e-001       
4.056443e+002       2.679704e-001       
4.110529e+002       2.684767e-001       
4.164615e+002       2.685490e-001       
4.218701e+002       2.696339e-001       
4.272787e+002       2.679704e-001       
4.326873e+002       2.689107e-001       
4.380959e+002       2.687660e-001       
4.435045e+002       2.710081e-001       
4.489131e+002       2.696339e-001       
4.543217e+002       2.728163e-001       
4.597303e+002       2.733226e-001       
4.651389e+002       2.737566e-001       
4.705475e+002       2.768666e-001       
4.759561e+002       2.792534e-001       
4.813647e+002       2.812786e-001       
4.867733e+002       2.836653e-001       
4.921819e+002       2.861967e-001       
4.975905e+002       2.856181e-001       
5.029991e+002       2.894515e-001       
5.084077e+002       2.920552e-001       
5.138163e+002       2.929955e-001       
5.192249e+002       2.953822e-001       
5.246334e+002       2.952376e-001       
5.300420e+002       2.964672e-001       
5.354506e+002       2.992156e-001       
5.408591e+002       3.003728e-001       
5.462677e+002       3.010961e-001       
5.516763e+002       3.021809e-001       
5.570848e+002       3.009514e-001       
5.624934e+002       3.000112e-001       
5.679020e+002       2.993602e-001       
5.733105e+002       2.954546e-001       
5.787191e+002       2.923445e-001       
5.841277e+002       2.911873e-001       
5.895363e+002       2.830144e-001       
5.949448e+002       2.809169e-001       
6.003534e+002       2.766496e-001       
6.057620e+002       2.754201e-001       
6.111705e+002       2.706465e-001       
6.165791e+002       2.667409e-001       
6.219877e+002       2.621120e-001       
6.273962e+002       2.583510e-001       
6.328048e+002       2.572661e-001       
6.382134e+002       2.537944e-001       
6.436219e+002       2.506120e-001       
6.490305e+002       2.492378e-001       
6.544391e+002       2.483699e-001       
6.598477e+002       2.478636e-001       
6.652562e+002       2.488039e-001       
6.706648e+002       2.493825e-001       
6.760734e+002       2.482976e-001       
6.814819e+002       2.462724e-001       
6.868905e+002       2.505397e-001       
6.922991e+002       2.485145e-001       
6.977076e+002       2.512630e-001       
7.031162e+002       2.540837e-001       
7.085248e+002       2.552409e-001       
7.139333e+002       2.560365e-001       
7.193419e+002       2.611717e-001       
7.247505e+002       2.621843e-001       
7.301591e+002       2.661622e-001       
7.355676e+002       2.702849e-001       
7.409762e+002       2.726717e-001       
7.463848e+002       2.757817e-001       
7.517933e+002       2.783855e-001       
7.572019e+002       2.806276e-001       
7.626105e+002       2.860521e-001       
7.680190e+002       2.884389e-001       
7.734276e+002       2.915489e-001       
7.788362e+002       2.909703e-001       
7.842448e+002       2.953099e-001       
7.896533e+002       2.961778e-001       
7.950619e+002       2.986369e-001       
8.004705e+002       3.012407e-001       
8.058790e+002       3.059419e-001       
8.112876e+002       3.078224e-001       
8.166962e+002       3.114388e-001       
8.221047e+002       3.106432e-001       
8.275133e+002       3.123067e-001       
8.329219e+002       3.130299e-001       
8.383304e+002       3.144042e-001       
8.437390e+002       3.139702e-001       
8.491476e+002       3.156337e-001       
8.545562e+002       3.143318e-001       
8.599647e+002       3.123790e-001       
8.653733e+002       3.086180e-001       
8.707819e+002       3.058696e-001       
8.761904e+002       3.016023e-001       
8.815990e+002       2.957439e-001       
8.870076e+002       2.921275e-001       
8.924161e+002       2.862691e-001       
8.978247e+002       2.784578e-001       
9.032333e+002       2.736842e-001       
9.086418e+002       2.669578e-001       
9.140504e+002       2.615333e-001       
9.194590e+002       2.563981e-001       
9.248676e+002       2.511183e-001       
9.302761e+002       2.457661e-001       
9.356847e+002       2.421498e-001       
9.410933e+002       2.358574e-001       
9.465018e+002       2.305775e-001       
9.519104e+002       2.276845e-001       
9.573190e+002       2.259486e-001       
9.627275e+002       2.268165e-001       
9.681361e+002       2.271782e-001       
9.735447e+002       2.280461e-001       
9.789532e+002       2.288417e-001       
9.843618e+002       2.315178e-001       
9.897704e+002       2.364360e-001       
9.951790e+002       2.367976e-001       
1.000588e+003       2.409202e-001       
1.005996e+003       2.438856e-001       
1.011405e+003       2.487315e-001       
1.016813e+003       2.529265e-001       
1.022222e+003       2.587849e-001       
1.027630e+003       2.613164e-001       
1.033039e+003       2.668855e-001       
1.038448e+003       2.705019e-001       
1.043856e+003       2.762157e-001       
1.049265e+003       2.801936e-001       
1.054673e+003       2.838823e-001       
1.060082e+003       2.878603e-001       
1.065490e+003       2.913319e-001       
1.070899e+003       2.931401e-001       
1.076307e+003       2.976244e-001       
1.081716e+003       3.041338e-001       
1.087125e+003       3.066652e-001       
1.092533e+003       3.082564e-001       
1.097942e+003       3.107878e-001       
1.103350e+003       3.128130e-001       
1.108759e+003       3.144042e-001       
1.114167e+003       3.138255e-001       
1.119576e+003       3.167909e-001       
1.124985e+003       3.175865e-001       
1.130393e+003       3.178759e-001       
1.135802e+003       3.172972e-001       
1.141210e+003       3.194670e-001       
1.146619e+003       3.183098e-001       
1.152027e+003       3.166463e-001       
1.157436e+003       3.118004e-001       
1.162845e+003       3.080394e-001       
1.168253e+003       3.068099e-001       
1.173662e+003       3.002281e-001       
1.179070e+003       2.959608e-001       
1.184479e+003       2.911873e-001       
1.189887e+003       2.851842e-001       
1.195296e+003       2.778792e-001       
1.200705e+003       2.724547e-001       
1.206113e+003       2.658006e-001       
1.211522e+003       2.579170e-001       
1.216930e+003       2.525648e-001       
1.222339e+003       2.449705e-001       
1.227747e+003       2.409926e-001       
1.233156e+003       2.350618e-001       
1.238565e+003       2.289863e-001       
1.243973e+003       2.265272e-001       
1.249382e+003       2.240681e-001       
1.254790e+003       2.242128e-001       
1.260199e+003       2.210304e-001       
1.265607e+003       2.238511e-001       
1.271016e+003       2.228386e-001       
1.276425e+003       2.228386e-001       
1.281833e+003       2.260209e-001       
1.287242e+003       2.299266e-001       
1.292650e+003       2.350618e-001       
1.298059e+003       2.391844e-001       
1.303467e+003       2.422944e-001       
1.308876e+003       2.417158e-001       
1.314285e+003       2.360020e-001       
1.319693e+003       4.990542e-001       
1.325102e+003       7.593580e-001       
1.330510e+003       1.018722e+000       
1.335919e+003       1.273962e+000       
1.341327e+003       1.528408e+000       
1.346736e+003       1.781117e+000       
1.352145e+003       2.026811e+000       
1.357553e+003       2.260499e+000       
1.362962e+003       2.369784e+000       
1.368370e+003       2.369784e+000       
1.373779e+003       2.369784e+000       
1.379187e+003       2.369784e+000       
1.384596e+003       2.369784e+000       
1.390005e+003       2.369784e+000       
1.395413e+003       2.369784e+000       
1.400822e+003       2.369784e+000       
1.406230e+003       2.369784e+000       
1.411639e+003       2.369784e+000       
1.417047e+003       2.369784e+000       
1.422456e+003       2.369784e+000       
1.427865e+003       2.369784e+000       
1.433273e+003       2.369784e+000       
1.438682e+003       2.369784e+000       
1.444090e+003       2.369784e+000       
1.449499e+003       2.369784e+000       
1.454907e+003       2.369784e+000       
1.460316e+003       2.369784e+000       
1.465724e+003       2.369784e+000       
1.471133e+003       2.369784e+000       
1.476542e+003       2.369784e+000       
1.481950e+003       2.369784e+000       
1.487359e+003       2.369784e+000       
1.492767e+003       2.369784e+000       
1.498176e+003       2.369784e+000       
1.503584e+003       2.369784e+000       
1.508993e+003       2.369784e+000       
1.514402e+003       2.369784e+000       
1.519810e+003       2.369784e+000       
1.525219e+003       2.369784e+000       
1.530627e+003       2.369784e+000       
1.536036e+003       2.369784e+000       
1.541444e+003       2.369784e+000       
1.546853e+003       2.369784e+000       
1.552262e+003       2.369784e+000       
1.557670e+003       2.369784e+000       
1.563079e+003       2.369784e+000       
1.568487e+003       2.369784e+000       
1.573896e+003       2.369784e+000       
1.579304e+003       2.369784e+000       
1.584713e+003       2.369784e+000       
1.590122e+003       2.369784e+000       
1.595530e+003       2.369784e+000       
1.600939e+003       2.369784e+000       
1.606347e+003       2.369784e+000       
1.611756e+003       2.369784e+000       
1.617164e+003       2.369784e+000       
1.622573e+003       2.369784e+000       
1.627982e+003       2.369784e+000       
1.633390e+003       2.369784e+000       
1.638799e+003       2.369784e+000       
1.644207e+003       2.369784e+000       
1.649616e+003       2.369784e+000       
1.655024e+003       2.369784e+000       
1.660433e+003       2.369784e+000       
1.665842e+003       2.369784e+000       
1.671250e+003       2.369784e+000       
1.676659e+003       2.369784e+000       
1.682067e+003       2.369784e+000       
1.687476e+003       2.369784e+000       
1.692884e+003       2.369784e+000       
1.698293e+003       2.369784e+000       
1.703702e+003       2.369784e+000       
1.709110e+003       2.369784e+000       
1.714519e+003       2.369784e+000       
1.719927e+003       2.369784e+000       
1.725336e+003       2.369784e+000       
1.730744e+003       2.369784e+000       
1.736153e+003       2.369784e+000       
1.741562e+003       2.369784e+000       
1.746970e+003       2.369784e+000       
1.752379e+003       2.369784e+000       
1.757787e+003       2.369784e+000       
1.763196e+003       2.369784e+000       
1.768604e+003       2.369784e+000       
1.774013e+003       2.369784e+000       
1.779422e+003       2.369784e+000       
1.784830e+003       2.369784e+000       
1.790239e+003       2.369784e+000       
1.795647e+003       2.369784e+000       
1.801056e+003       2.369784e+000       
1.806464e+003       2.369784e+000       
1.811873e+003       2.369784e+000       
1.817281e+003       2.369784e+000       
1.822690e+003       2.369784e+000       
1.828099e+003       2.369784e+000       
1.833507e+003       2.369784e+000       
1.838916e+003       2.369784e+000       
1.844324e+003       2.369784e+000       
1.849733e+003       2.369784e+000       
1.855141e+003       2.369784e+000       
1.860550e+003       2.369784e+000       
1.865959e+003       2.369784e+000       
1.871367e+003       2.369784e+000       
1.876776e+003       2.369784e+000       
1.882184e+003       2.369784e+000       
1.887593e+003       2.369784e+000       
1.893001e+003       2.369784e+000       
1.898410e+003       2.369784e+000       
1.903819e+003       2.369784e+000       
1.909227e+003       2.369784e+000       
1.914636e+003       2.369784e+000       
1.920044e+003       2.369784e+000       
1.925453e+003       2.369784e+000       
1.930861e+003       2.369784e+000       
1.936270e+003       2.369784e+000       
1.941679e+003       2.369784e+000       
1.947087e+003       2.369784e+000       
1.952496e+003       2.369784e+000       
1.957904e+003       2.369784e+000       
1.963313e+003       2.369784e+000       
1.968721e+003       2.369784e+000       
1.974130e+003       2.369784e+000       
1.979539e+003       2.369784e+000       
1.984947e+003       2.369784e+000       
1.990356e+003       2.369784e+000       
1.995764e+003       2.369784e+000       
2.001173e+003       2.369784e+000       
2.006581e+003       2.369784e+000       
2.011990e+003       2.369784e+000       
2.017399e+003       2.369784e+000       
2.022807e+003       2.369784e+000       
2.028216e+003       2.369784e+000       
2.033624e+003       2.369784e+000       
2.039033e+003       2.369784e+000       
2.044441e+003       2.369784e+000       
2.049850e+003       2.369784e+000       
2.055259e+003       2.369784e+000       
2.060667e+003       2.369784e+000       
2.066076e+003       2.369784e+000       
2.071485e+003       2.369784e+000       
2.076894e+003       2.369784e+000       
2.082302e+003       2.369784e+000       
2.087711e+003       2.369784e+000       
2.093120e+003       2.369784e+000       
2.098528e+003       2.369784e+000       
2.103937e+003       2.369784e+000       
2.109346e+003       2.369784e+000       
2.114754e+003       2.369784e+000       
2.120163e+003       2.369784e+000       
2.125572e+003       2.369784e+000       
2.130980e+003       2.369784e+000       
2.136389e+003       2.369784e+000       
2.141798e+003       2.369784e+000       
2.147207e+003       2.369784e+000       
2.152615e+003       2.369784e+000       
2.158024e+003       2.369784e+000       
2.163433e+003       2.369784e+000       
2.168841e+003       2.369784e+000       
2.174250e+003       2.369784e+000       
2.179659e+003       2.369784e+000       
2.185067e+003       2.369784e+000       
2.190476e+003       2.369784e+000       
2.195885e+003       2.369784e+000       
2.201293e+003       2.369784e+000       
2.206702e+003       2.369784e+000       
2.212111e+003       2.369784e+000       
2.217520e+003       2.369784e+000       
2.222928e+003       2.369784e+000       
2.228337e+003       2.369784e+000       
2.233746e+003       2.369784e+000       
2.239154e+003       2.369784e+000       
2.244563e+003       2.369784e+000       
2.249972e+003       2.369784e+000       
2.255380e+003       2.369784e+000       
2.260789e+003       2.369784e+000       
2.266198e+003       2.369784e+000       
2.271606e+003       2.369784e+000       
2.277015e+003       2.369784e+000       
2.282424e+003       2.369784e+000       
2.287833e+003       2.369784e+000       
2.293241e+003       2.369784e+000       
2.298650e+003       2.369784e+000       
2.304059e+003       2.369784e+000       
2.309467e+003       2.369784e+000       
2.314876e+003       2.369784e+000       
2.320285e+003       2.369784e+000       
2.325693e+003       2.369784e+000       
2.331102e+003       2.369784e+000       
2.336511e+003       2.369784e+000       
2.341919e+003       2.369784e+000       
2.347328e+003       2.369784e+000       
2.352737e+003       2.369784e+000       
2.358146e+003       2.369784e+000       
2.363554e+003       2.369784e+000       
2.368963e+003       2.369784e+000       
2.374372e+003       2.369784e+000       
2.379780e+003       2.369784e+000       
2.385189e+003       2.369784e+000       
2.390598e+003       2.369784e+000       
2.396006e+003       2.369784e+000       
2.401415e+003       2.369784e+000       
2.406824e+003       2.369784e+000       
2.412232e+003       2.369784e+000       
2.417641e+003       2.369784e+000       
2.423050e+003       2.369784e+000       
2.428458e+003       2.369784e+000       
2.433867e+003       2.369784e+000       
2.439276e+003       2.369784e+000       
2.444685e+003       2.369784e+000       
2.450093e+003       2.369784e+000       
2.455502e+003       2.369784e+000       
2.460911e+003       2.369784e+000       
2.466319e+003       2.369784e+000       
2.471728e+003       2.369784e+000       
2.477137e+003       2.369784e+000       
2.482545e+003       2.369784e+000       
2.487954e+003       2.369784e+000       
2.493363e+003       2.369784e+000       
2.498771e+003       2.369784e+000       
2.504180e+003       2.369784e+000       
2.509589e+003       2.369784e+000       
2.514998e+003       2.369784e+000       
2.520406e+003       2.369784e+000       
2.525815e+003       2.369784e+000       
2.531224e+003       2.369784e+000       
2.536632e+003       2.369784e+000       
2.542041e+003       2.369784e+000       
2.547450e+003       2.369784e+000       
2.552858e+003       2.369784e+000       
2.558267e+003       2.369784e+000       
2.563676e+003       2.369784e+000       
2.569084e+003       2.369784e+000       
2.574493e+003       2.369784e+000       
2.579902e+003       2.369784e+000       
2.585311e+003       2.369784e+000       
2.590719e+003       2.369784e+000       
2.596128e+003       2.369784e+000       
2.601537e+003       2.369784e+000       
2.606945e+003       2.369784e+000       
2.612354e+003       2.369784e+000       
2.617763e+003       2.369784e+000       
2.623171e+003       2.369784e+000       
2.628580e+003       2.369784e+000       
2.633989e+003       2.369784e+000       
2.639397e+003       2.369784e+000       
2.644806e+003       2.369784e+000       
2.650215e+003       2.369784e+000       
2.655624e+003       2.369784e+000       
2.661032e+003       2.369784e+000       
2.666441e+003       2.369784e+000       
2.671850e+003       2.369784e+000       
2.677258e+003       2.369784e+000       
2.682667e+003       2.369784e+000       
2.688076e+003       2.369784e+000       
2.693484e+003       2.369784e+000       
2.698893e+003       2.369784e+000       
2.704302e+003       2.369784e+000       
2.709710e+003       2.369784e+000       
2.715119e+003       2.369784e+000       
2.720528e+003       2.369784e+000       
2.725937e+003       2.369784e+000       
2.731345e+003       2.369784e+000       
2.736754e+003       2.369784e+000       
2.742163e+003       2.369784e+000       
2.747571e+003       2.369784e+000       
2.752980e+003       2.369784e+000       
2.758389e+003       2.369784e+000       
2.763797e+003       2.369784e+000       

Retract Data
0.000000e+000       2.369784e+000       
5.408587e+000       2.369784e+000       
1.081717e+001       2.369784e+000       
1.622576e+001       2.369784e+000       
2.163435e+001       2.369784e+000       
2.704293e+001       2.369784e+000       
3.245152e+001       2.369784e+000       
3.786011e+001       2.369784e+000       
4.326870e+001       2.369784e+000       
4.867729e+001       2.369784e+000       
5.408588e+001       2.369784e+000       
5.949446e+001       2.369784e+000       
6.490305e+001       2.369784e+000       
7.031164e+001       2.369784e+000       
7.572022e+001       2.369784e+000       
8.112881e+001       2.369784e+000       
8.653739e+001       2.369784e+000       
9.194598e+001       2.369784e+000       
9.735456e+001       2.369784e+000       
1.027631e+002       2.369784e+000       
1.081717e+002       2.369784e+000       
1.135803e+002       2.369784e+000       
1.189889e+002       2.369784e+000       
1.243975e+002       2.369784e+000       
1.298061e+002       2.369784e+000       
1.352147e+002       2.369784e+000       
1.406232e+002       2.369784e+000       
1.460318e+002       2.369784e+000       
1.514404e+002       2.369784e+000       
1.568490e+002       2.369784e+000       
1.622576e+002       2.369784e+000       
1.676662e+002       2.369784e+000       
1.730748e+002       2.369784e+000       
1.784833e+002       2.369784e+000       
1.838919e+002       2.369784e+000       
1.893005e+002       2.369784e+000       
1.947091e+002       2.369784e+000       
2.001177e+002       2.369784e+000       
2.055263e+002       2.369784e+000       
2.109348e+002       2.369784e+000       
2.163434e+002       2.369784e+000       
2.217520e+002       2.369784e+000       
2.271606e+002       2.369784e+000       
2.325692e+002       2.369784e+000       
2.379778e+002       2.369784e+000       
2.433864e+002       2.369784e+000       
2.487949e+002       2.369784e+000       
2.542035e+002       2.369784e+000       
2.596121e+002       2.369784e+000       
2.650207e+002       2.369784e+000       
2.704293e+002       2.369784e+000       
2.758379e+002       2.369784e+000       
2.812465e+002       2.369784e+000       
2.866551e+002       2.369784e+000       
2.920637e+002       2.369784e+000       
2.974723e+002       2.369784e+000       
3.028809e+002       2.369784e+000       
3.082895e+002       2.369784e+000       
3.136981e+002       2.369784e+000       
3.191067e+002       2.369784e+000       
3.245153e+002       2.369784e+000       
3.299239e+002       2.369784e+000       
3.353325e+002       2.369784e+000       
3.407411e+002       2.369784e+000       
3.461497e+002       2.369784e+000       
3.515583e+002       2.369784e+000       
3.569669e+002       2.369784e+000       
3.623755e+002       2.369784e+000       
3.677841e+002       2.369784e+000       
3.731927e+002       2.369784e+000       
3.786013e+002       2.369784e+000       
3.840099e+002       2.369784e+000       
3.894185e+002       2.369784e+000       
3.948271e+002       2.369784e+000       
4.002357e+002       2.369784e+000       
4.056443e+002       2.369784e+000       
4.110529e+002       2.369784e+000       
4.164615e+002       2.369784e+000       
4.218701e+002       2.369784e+000       
4.272787e+002       2.369784e+000       
4.326873e+002       2.369784e+000       
4.380959e+002       2.369784e+000       
4.435045e+002       2.369784e+000       
4.489131e+002       2.369784e+000       
4.543217e+002       2.369784e+000       
4.597303e+002       2.369784e+000       
4.651389e+002       2.369784e+000       
4.705475e+002       2.369784e+000       
4.759561e+002       2.369784e+000       
4.813647e+002       2.369784e+000       
4.867733e+002       2.369784e+000       
4.921819e+002       2.369784e+000       
4.975905e+002       2.369784e+000       
5.029991e+002       2.369784e+000       
5.084077e+002       2.369784e+000       
5.138163e+002       2.369784e+000       
5.192249e+002       2.369784e+000       
5.246334e+002       2.369784e+000       
5.300420e+002       2.369784e+000       
5.354506e+002       2.369784e+000       
5.408591e+002       2.369784e+000       
5.462677e+002       2.369784e+000       
5.516763e+002       2.369784e+000       
5.570848e+002       2.369784e+000       
5.624934e+002       2.369784e+000       
5.679020e+002       2.369784e+000       
5.733105e+002       2.369784e+000       
5.787191e+002       2.369784e+000       
5.841277e+002       2.369784e+000       
5.895363e+002       2.369784e+000       
5.949448e+002       2.369784e+000       
6.003534e+002       2.369784e+000       
6.057620e+002       2.369784e+000       
6.111705e+002       2.369784e+000       
6.165791e+002       2.369784e+000       
6.219877e+002       2.369784e+000       
6.273962e+002       2.369784e+000       
6.328048e+002       2.369784e+000       
6.382134e+002       2.369784e+000       
6.436219e+002       2.369784e+000       
6.490305e+002       2.369784e+000       
6.544391e+002       2.369784e+000       
6.598477e+002       2.369784e+000       
6.652562e+002       2.369784e+000       
6.706648e+002       2.369784e+000       
6.760734e+002       2.369784e+000       
6.814819e+002       2.369784e+000       
6.868905e+002       2.369784e+000       
6.922991e+002       2.369784e+000       
6.977076e+002       2.369784e+000       
7.031162e+002       2.369784e+000       
7.085248e+002       2.369784e+000       
7.139333e+002       2.369784e+000       
7.193419e+002       2.369784e+000       
7.247505e+002       2.369784e+000       
7.301591e+002       2.369784e+000       
7.355676e+002       2.369784e+000       
7.409762e+002       2.369784e+000       
7.463848e+002       2.369784e+000       
7.517933e+002       2.369784e+000       
7.572019e+002       2.369784e+000       
7.626105e+002       2.369784e+000       
7.680190e+002       2.369784e+000       
7.734276e+002       2.369784e+000       
7.788362e+002       2.369784e+000       
7.842448e+002       2.369784e+000       
7.896533e+002       2.369784e+000       
7.950619e+002       2.369784e+000       
8.004705e+002       2.369784e+000       
8.058790e+002       2.369784e+000       
8.112876e+002       2.369784e+000       
8.166962e+002       2.369784e+000       
8.221047e+002       2.369784e+000       
8.275133e+002       2.369784e+000       
8.329219e+002       2.369784e+000       
8.383304e+002       2.369784e+000       
8.437390e+002       2.369784e+000       
8.491476e+002       2.369784e+000       
8.545562e+002       2.369784e+000       
8.599647e+002       2.369784e+000       
8.653733e+002       2.369784e+000       
8.707819e+002       2.369784e+000       
8.761904e+002       2.369784e+000       
8.815990e+002       2.369784e+000       
8.870076e+002       2.369784e+000       
8.924161e+002       2.369784e+000       
8.978247e+002       2.369784e+000       
9.032333e+002       2.369784e+000       
9.086418e+002       2.369784e+000       
9.140504e+002       2.369784e+000       
9.194590e+002       2.369784e+000       
9.248676e+002       2.369784e+000       
9.302761e+002       2.369784e+000       
9.356847e+002       2.369784e+000       
9.410933e+002       2.369784e+000       
9.465018e+002       2.369784e+000       
9.519104e+002       2.369784e+000       
9.573190e+002       2.369784e+000       
9.627275e+002       2.369784e+000       
9.681361e+002       2.369784e+000       
9.735447e+002       2.369784e+000       
9.789532e+002       2.369784e+000       
9.843618e+002       2.369784e+000       
9.897704e+002       2.369784e+000       
9.951790e+002       2.369784e+000       
1.000588e+003       2.369784e+000       
1.005996e+003       2.369784e+000       
1.011405e+003       2.369784e+000       
1.016813e+003       2.369784e+000       
1.022222e+003       2.369784e+000       
1.027630e+003       2.369784e+000       
1.033039e+003       2.369784e+000       
1.038448e+003       2.369784e+000       
1.043856e+003       2.369784e+000       
1.049265e+003       2.369784e+000       
1.054673e+003       2.369784e+000       
1.060082e+003       2.369784e+000       
1.065490e+003       2.369784e+000       
1.070899e+003       2.369784e+000       
1.076307e+003       2.369784e+000       
1.081716e+003       2.369784e+000       
1.087125e+003       2.369784e+000       
1.092533e+003       2.369784e+000       
1.097942e+003       2.369784e+000       
1.103350e+003       2.369784e+000       
1.108759e+003       2.369784e+000       
1.114167e+003       2.369784e+000       
1.119576e+003       2.369784e+000       
1.124985e+003       2.369784e+000       
1.130393e+003       2.369784e+000       
1.135802e+003       2.369784e+000       
1.141210e+003       2.369784e+000       
1.146619e+003       2.369784e+000       
1.152027e+003       2.369784e+000       
1.157436e+003       2.369784e+000       
1.162845e+003       2.369784e+000       
1.168253e+003       2.369784e+000       
1.173662e+003       2.369784e+000       
1.179070e+003       2.369784e+000       
1.184479e+003       2.369784e+000       
1.189887e+003       2.369784e+000       
1.195296e+003       2.369784e+000       
1.200705e+003       2.369784e+000       
1.206113e+003       2.369784e+000       
1.211522e+003       2.369784e+000       
1.216930e+003       2.369784e+000       
1.222339e+003       2.369784e+000       
1.227747e+003       2.369784e+000       
1.233156e+003       2.369784e+000       
1.238565e+003       2.369784e+000       
1.243973e+003       2.369784e+000       
1.249382e+003       2.369784e+000       
1.254790e+003       2.369784e+000       
1.260199e+003       2.369784e+000       
1.265607e+003       2.369784e+000       
1.271016e+003       2.369784e+000       
1.276425e+003       2.369784e+000       
1.281833e+003       2.369784e+000       
1.287242e+003       2.369784e+000       
1.292650e+003       2.369784e+000       
1.298059e+003       2.369784e+000       
1.303467e+003       2.369784e+000       
1.308876e+003       2.369784e+000       
1.314285e+003       2.369784e+000       
1.319693e+003       2.369784e+000       
1.325102e+003       2.369784e+000       
1.330510e+003       2.369784e+000       
1.335919e+003       2.369784e+000       
1.341327e+003       2.369784e+000       
1.346736e+003       2.369784e+000       
1.352145e+003       2.369784e+000       
1.357553e+003       2.369784e+000       
1.362962e+003       2.369784e+000       
1.368370e+003       2.369784e+000       
1.373779e+003       2.369784e+000       
1.379187e+003       2.369784e+000       
1.384596e+003       2.369784e+000       
1.390005e+003       2.369784e+000       
1.395413e+003       2.369784e+000       
1.400822e+003       2.369784e+000       
1.406230e+003       2.369784e+000       
1.411639e+003       2.369784e+000       
1.417047e+003       2.369784e+000       
1.422456e+003       2.369784e+000       
1.427865e+003       2.369784e+000       
1.433273e+003       2.369784e+000       
1.438682e+003       2.369784e+000       
1.444090e+003       2.369784e+000       
1.449499e+003       2.369784e+000       
1.454907e+003       2.369784e+000       
1.460316e+003       2.369784e+000       
1.465724e+003       2.369784e+000       
1.471133e+003       2.308524e+000       
1.476542e+003       2.092701e+000       
1.481950e+003       1.857639e+000       
1.487359e+003       1.620841e+000       
1.492767e+003       1.380138e+000       
1.498176e+003       1.138639e+000       
1.503584e+003       8.852065e-001       
1.508993e+003       6.291699e-001       
1.514402e+003       3.666241e-001       
1.519810e+003       1.029932e-001       
1.525219e+003       -1.607822e-001      
1.530627e+003       -4.281741e-001      
1.536036e+003       -7.196507e-002      
1.541444e+003       2.389674e-001       
1.546853e+003       2.363636e-001       
1.552262e+003       2.316624e-001       
1.557670e+003       2.286247e-001       
1.563079e+003       2.261656e-001       
1.568487e+003       2.235618e-001       
1.573896e+003       2.233448e-001       
1.579304e+003       2.238511e-001       
1.584713e+003       2.250807e-001       
1.590122e+003       2.295649e-001       
1.595530e+003       2.318794e-001       
1.600939e+003       2.385335e-001       
1.606347e+003       2.428731e-001       
1.611756e+003       2.481529e-001       
1.617164e+003       2.541560e-001       
1.622573e+003       2.617503e-001       
1.627982e+003       2.680427e-001       
1.633390e+003       2.730333e-001       
1.638799e+003       2.827974e-001       
1.644207e+003       2.872093e-001       
1.649616e+003       2.933571e-001       
1.655024e+003       2.971904e-001       
1.660433e+003       3.033382e-001       
1.665842e+003       3.078224e-001       
1.671250e+003       3.117281e-001       
1.676659e+003       3.165740e-001       
1.682067e+003       3.188884e-001       
1.687476e+003       3.216368e-001       
1.692884e+003       3.225048e-001       
1.698293e+003       3.233004e-001       
1.703702e+003       3.239513e-001       
1.709110e+003       3.232280e-001       
1.714519e+003       3.233727e-001       
1.719927e+003       3.203349e-001       
1.725336e+003       3.175142e-001       
1.730744e+003       3.157784e-001       
1.736153e+003       3.138255e-001       
1.741562e+003       3.128130e-001       
1.746970e+003       3.090520e-001       
1.752379e+003       3.046401e-001       
1.757787e+003       3.016747e-001       
1.763196e+003       2.982753e-001       
1.768604e+003       2.943697e-001       
1.774013e+003       2.910427e-001       
1.779422e+003       2.896684e-001       
1.784830e+003       2.831590e-001       
1.790239e+003       2.804829e-001       
1.795647e+003       2.762880e-001       
1.801056e+003       2.701402e-001       
1.806464e+003       2.673195e-001       
1.811873e+003       2.611717e-001       
1.817281e+003       2.541560e-001       
1.822690e+003       2.511183e-001       
1.828099e+003       2.448259e-001       
1.833507e+003       2.420051e-001       
1.838916e+003       2.370146e-001       
1.844324e+003       2.340492e-001       
1.849733e+003       2.316624e-001       
1.855141e+003       2.292033e-001       
1.860550e+003       2.244298e-001       
1.865959e+003       2.230555e-001       
1.871367e+003       2.239958e-001       
1.876776e+003       2.224769e-001       
1.882184e+003       2.245744e-001       
1.887593e+003       2.294203e-001       
1.893001e+003       2.329643e-001       
1.898410e+003       2.377379e-001       
1.903819e+003       2.417158e-001       
1.909227e+003       2.487315e-001       
1.914636e+003       2.530711e-001       
1.920044e+003       2.590742e-001       
1.925453e+003       2.647157e-001       
1.930861e+003       2.712975e-001       
1.936270e+003       2.788194e-001       
1.941679e+003       2.854012e-001       
1.947087e+003       2.897408e-001       
1.952496e+003       2.948036e-001       
1.957904e+003       3.009514e-001       
1.963313e+003       3.056526e-001       
1.968721e+003       3.096306e-001       
1.974130e+003       3.120174e-001       
1.979539e+003       3.149828e-001       
1.984947e+003       3.149104e-001       
1.990356e+003       3.181652e-001       
1.995764e+003       3.165016e-001       
2.001173e+003       3.155614e-001       
2.006581e+003       3.159954e-001       
2.011990e+003       3.123790e-001       
2.017399e+003       3.107878e-001       
2.022807e+003       3.102092e-001       
2.028216e+003       3.076054e-001       
2.033624e+003       3.051463e-001       
2.039033e+003       3.024703e-001       
2.044441e+003       2.988539e-001       
2.049850e+003       2.974074e-001       
2.055259e+003       2.929955e-001       
2.060667e+003       2.919829e-001       
2.066076e+003       2.864137e-001       
2.071485e+003       2.840993e-001       
2.076894e+003       2.801213e-001       
2.082302e+003       2.788194e-001       
2.087711e+003       2.735396e-001       
2.093120e+003       2.688383e-001       
2.098528e+003       2.659453e-001       
2.103937e+003       2.636308e-001       
2.109346e+003       2.605931e-001       
2.114754e+003       2.589296e-001       
2.120163e+003       2.544453e-001       
2.125572e+003       2.527095e-001       
2.130980e+003       2.506844e-001       
2.136389e+003       2.488039e-001       
2.141798e+003       2.470680e-001       
2.147207e+003       2.474296e-001       
2.152615e+003       2.478636e-001       
2.158024e+003       2.467064e-001       
2.163433e+003       2.470680e-001       
2.168841e+003       2.475020e-001       
2.174250e+003       2.487315e-001       
2.179659e+003       2.503227e-001       
2.185067e+003       2.534328e-001       
2.190476e+003       2.577000e-001       
2.195885e+003       2.606654e-001       
2.201293e+003       2.626182e-001       
2.206702e+003       2.667409e-001       
2.212111e+003       2.712975e-001       
2.217520e+003       2.754201e-001       
2.222928e+003       2.799767e-001       
2.228337e+003       2.850395e-001       
2.233746e+003       2.872817e-001       
2.239154e+003       2.931401e-001       
2.244563e+003       2.966118e-001       
2.249972e+003       2.994325e-001       
2.255380e+003       2.988539e-001       
2.260789e+003       3.024703e-001       
2.266198e+003       3.042061e-001       
2.271606e+003       3.038445e-001       
2.277015e+003       3.034828e-001       
2.282424e+003       3.036998e-001       
2.287833e+003       3.010237e-001       
2.293241e+003       3.017470e-001       
2.298650e+003       2.982753e-001       
2.304059e+003       2.947313e-001       
2.309467e+003       2.937187e-001       
2.314876e+003       2.927785e-001       
2.320285e+003       2.904640e-001       
2.325693e+003       2.861967e-001       
2.331102e+003       2.847502e-001       
2.336511e+003       2.817848e-001       
2.341919e+003       2.796873e-001       
2.347328e+003       2.779515e-001       
2.352737e+003       2.757094e-001       
2.358146e+003       2.750584e-001       
2.363554e+003       2.743352e-001       
2.368963e+003       2.700679e-001       
2.374372e+003       2.711528e-001       
2.379780e+003       2.697063e-001       
2.385189e+003       2.684767e-001       
2.390598e+003       2.683321e-001       
2.396006e+003       2.689107e-001       
2.401415e+003       2.670302e-001       
2.406824e+003       2.679704e-001       
2.412232e+003       2.673918e-001       
2.417641e+003       2.686937e-001       
2.423050e+003       2.682597e-001       
2.428458e+003       2.686937e-001       
2.433867e+003       2.683321e-001       
2.439276e+003       2.708635e-001       
2.444685e+003       2.707188e-001       
2.450093e+003       2.713698e-001       
2.455502e+003       2.709358e-001       
2.460911e+003       2.741182e-001       
2.466319e+003       2.757094e-001       
2.471728e+003       2.786748e-001       
2.477137e+003       2.788917e-001       
2.482545e+003       2.817848e-001       
2.487954e+003       2.830144e-001       
2.493363e+003       2.879326e-001       
2.498771e+003       2.898131e-001       
2.504180e+003       2.927785e-001       
2.509589e+003       2.944420e-001       
2.514998e+003       2.982030e-001       
2.520406e+003       2.987093e-001       
2.525815e+003       2.989263e-001       
2.531224e+003       2.983477e-001       
2.536632e+003       3.015300e-001       
2.542041e+003       2.987816e-001       
2.547450e+003       2.969011e-001       
2.552858e+003       2.961778e-001       
2.558267e+003       2.924892e-001       
2.563676e+003       2.927062e-001       
2.569084e+003       2.932124e-001       
2.574493e+003       2.902471e-001       
2.579902e+003       2.872817e-001       
2.585311e+003       2.874986e-001       
2.590719e+003       2.863414e-001       
2.596128e+003       2.843886e-001       
2.601537e+003       2.820741e-001       
2.606945e+003       2.809892e-001       
2.612354e+003       2.813509e-001       
2.617763e+003       2.788194e-001       
2.623171e+003       2.776622e-001       
2.628580e+003       2.754201e-001       
2.633989e+003       2.740459e-001       
2.639397e+003       2.732503e-001       
2.644806e+003       2.740459e-001       
2.650215e+003       2.734672e-001       
2.655624e+003       2.711528e-001       
2.661032e+003       2.717314e-001       
2.666441e+003       2.730333e-001       
2.671850e+003       2.705742e-001       
2.677258e+003       2.723823e-001       
2.682667e+003       2.704295e-001       
2.688076e+003       2.697063e-001       
2.693484e+003       2.697786e-001       
2.698893e+003       2.677535e-001       
2.704302e+003       2.679704e-001       
2.709710e+003       2.686937e-001       
2.715119e+003       2.699232e-001       
2.720528e+003       2.694893e-001       
2.725937e+003       2.713698e-001       
2.731345e+003       2.719484e-001       
2.736754e+003       2.762157e-001       
2.742163e+003       2.759987e-001       
2.747571e+003       2.796873e-001       
2.752980e+003       2.817125e-001       
2.758389e+003       2.857628e-001       
2.763797e+003       2.889452e-001       
