Calculated Z (nm)   Deflection (V)      
Extend Data
0.000000e+000       2.881496e-001       
5.408587e+000       2.837377e-001       
1.081717e+001       2.825081e-001       
1.622576e+001       2.802660e-001       
2.163435e+001       2.767220e-001       
2.704293e+001       2.773006e-001       
3.245152e+001       2.757817e-001       
3.786011e+001       2.732503e-001       
4.326870e+001       2.715867e-001       
4.867729e+001       2.731056e-001       
5.408588e+001       2.731780e-001       
5.949446e+001       2.711528e-001       
6.490305e+001       2.709358e-001       
7.031164e+001       2.698509e-001       
7.572022e+001       2.714421e-001       
8.112881e+001       2.715144e-001       
8.653739e+001       2.711528e-001       
9.194598e+001       2.702126e-001       
9.735456e+001       2.697786e-001       
1.027631e+002       2.718037e-001       
1.081717e+002       2.731780e-001       
1.135803e+002       2.746968e-001       
1.189889e+002       2.749138e-001       
1.243975e+002       2.753477e-001       
1.298061e+002       2.767943e-001       
1.352147e+002       2.756371e-001       
1.406232e+002       2.762880e-001       
1.460318e+002       2.771559e-001       
1.514404e+002       2.757817e-001       
1.568490e+002       2.770836e-001       
1.622576e+002       2.786025e-001       
1.676662e+002       2.791811e-001       
1.730748e+002       2.796873e-001       
1.784833e+002       2.795427e-001       
1.838919e+002       2.819295e-001       
1.893005e+002       2.823634e-001       
1.947091e+002       2.835930e-001       
2.001177e+002       2.848949e-001       
2.055263e+002       2.863414e-001       
2.109348e+002       2.888005e-001       
2.163434e+002       2.885112e-001       
2.217520e+002       2.902471e-001       
2.271606e+002       2.894515e-001       
2.325692e+002       2.914043e-001       
2.379778e+002       2.927062e-001       
2.433864e+002       2.924892e-001       
2.487949e+002       2.925615e-001       
2.542035e+002       2.949483e-001       
2.596121e+002       2.948759e-001       
2.650207e+002       2.963225e-001       
2.704293e+002       2.969734e-001       
2.758379e+002       2.963948e-001       
2.812465e+002       2.940804e-001       
2.866551e+002       2.949483e-001       
2.920637e+002       2.924168e-001       
2.974723e+002       2.928508e-001       
3.028809e+002       2.916936e-001       
3.082895e+002       2.885112e-001       
3.136981e+002       2.872817e-001       
3.191067e+002       2.851842e-001       
3.245153e+002       2.851118e-001       
3.299239e+002       2.830144e-001       
3.353325e+002       2.789641e-001       
3.407411e+002       2.794704e-001       
3.461497e+002       2.746968e-001       
3.515583e+002       2.730333e-001       
3.569669e+002       2.718761e-001       
3.623755e+002       2.699232e-001       
3.677841e+002       2.713698e-001       
3.731927e+002       2.699956e-001       
3.786013e+002       2.680427e-001       
3.840099e+002       2.702126e-001       
3.894185e+002       2.699956e-001       
3.948271e+002       2.696339e-001       
4.002357e+002       2.699232e-001       
4.056443e+002       2.724547e-001       
4.110529e+002       2.716591e-001       
4.164615e+002       2.716591e-001       
4.218701e+002       2.723823e-001       
4.272787e+002       2.731056e-001       
4.326873e+002       2.721654e-001       
4.380959e+002       2.720931e-001       
4.435045e+002       2.734672e-001       
4.489131e+002       2.754201e-001       
4.543217e+002       2.770113e-001       
4.597303e+002       2.776622e-001       
4.651389e+002       2.777345e-001       
4.705475e+002       2.818572e-001       
4.759561e+002       2.824358e-001       
4.813647e+002       2.856181e-001       
4.867733e+002       2.850395e-001       
4.921819e+002       2.882219e-001       
4.975905e+002       2.890898e-001       
5.029991e+002       2.906087e-001       
5.084077e+002       2.954546e-001       
5.138163e+002       2.962502e-001       
5.192249e+002       2.973351e-001       
5.246334e+002       2.990709e-001       
5.300420e+002       2.997218e-001       
5.354506e+002       2.999388e-001       
5.408591e+002       3.016747e-001       
5.462677e+002       3.005174e-001       
5.516763e+002       3.028319e-001       
5.570848e+002       3.004451e-001       
5.624934e+002       2.992879e-001       
5.679020e+002       2.979137e-001       
5.733105e+002       2.975520e-001       
5.787191e+002       2.944420e-001       
5.841277e+002       2.915489e-001       
5.895363e+002       2.875710e-001       
5.949448e+002       2.869200e-001       
6.003534e+002       2.814232e-001       
6.057620e+002       2.770113e-001       
6.111705e+002       2.747691e-001       
6.165791e+002       2.725270e-001       
6.219877e+002       2.669578e-001       
6.273962e+002       2.643541e-001       
6.328048e+002       2.616057e-001       
6.382134e+002       2.595805e-001       
6.436219e+002       2.560365e-001       
6.490305e+002       2.545176e-001       
6.544391e+002       2.519862e-001       
6.598477e+002       2.529265e-001       
6.652562e+002       2.527818e-001       
6.706648e+002       2.534328e-001       
6.760734e+002       2.520585e-001       
6.814819e+002       2.543730e-001       
6.868905e+002       2.545176e-001       
6.922991e+002       2.579893e-001       
6.977076e+002       2.563258e-001       
7.031162e+002       2.603761e-001       
7.085248e+002       2.623290e-001       
7.139333e+002       2.625459e-001       
7.193419e+002       2.656560e-001       
7.247505e+002       2.692723e-001       
7.301591e+002       2.705742e-001       
7.355676e+002       2.747691e-001       
7.409762e+002       2.780962e-001       
7.463848e+002       2.816402e-001       
7.517933e+002       2.832313e-001       
7.572019e+002       2.853288e-001       
7.626105e+002       2.901024e-001       
7.680190e+002       2.936464e-001       
7.734276e+002       2.955992e-001       
7.788362e+002       2.975520e-001       
7.842448e+002       2.999388e-001       
7.896533e+002       3.026872e-001       
7.950619e+002       3.028319e-001       
8.004705e+002       3.068099e-001       
8.058790e+002       3.084010e-001       
8.112876e+002       3.097029e-001       
8.166962e+002       3.138255e-001       
8.221047e+002       3.141872e-001       
8.275133e+002       3.175865e-001       
8.329219e+002       3.181652e-001       
8.383304e+002       3.169356e-001       
8.437390e+002       3.191054e-001       
8.491476e+002       3.197563e-001       
8.545562e+002       3.170079e-001       
8.599647e+002       3.162123e-001       
8.653733e+002       3.131746e-001       
8.707819e+002       3.103539e-001       
8.761904e+002       3.063759e-001       
8.815990e+002       3.014577e-001       
8.870076e+002       2.950206e-001       
8.924161e+002       2.902471e-001       
8.978247e+002       2.851118e-001       
9.032333e+002       2.783855e-001       
9.086418e+002       2.728886e-001       
9.140504e+002       2.651497e-001       
9.194590e+002       2.602315e-001       
9.248676e+002       2.548793e-001       
9.302761e+002       2.493101e-001       
9.356847e+002       2.435240e-001       
9.410933e+002       2.399800e-001       
9.465018e+002       2.350618e-001       
9.519104e+002       2.342662e-001       
9.573190e+002       2.321687e-001       
9.627275e+002       2.317348e-001       
9.681361e+002       2.320241e-001       
9.735447e+002       2.324580e-001       
9.789532e+002       2.342662e-001       
9.843618e+002       2.344832e-001       
9.897704e+002       2.390397e-001       
9.951790e+002       2.425838e-001       
1.000588e+003       2.447536e-001       
1.005996e+003       2.475020e-001       
1.011405e+003       2.549516e-001       
1.016813e+003       2.571214e-001       
1.022222e+003       2.632692e-001       
1.027630e+003       2.678258e-001       
1.033039e+003       2.732503e-001       
1.038448e+003       2.783131e-001       
1.043856e+003       2.820018e-001       
1.049265e+003       2.861967e-001       
1.054673e+003       2.908257e-001       
1.060082e+003       2.959608e-001       
1.065490e+003       2.994325e-001       
1.070899e+003       3.015300e-001       
1.076307e+003       3.034828e-001       
1.081716e+003       3.076054e-001       
1.087125e+003       3.113664e-001       
1.092533e+003       3.141872e-001       
1.097942e+003       3.174419e-001       
1.103350e+003       3.209859e-001       
1.108759e+003       3.237343e-001       
1.114167e+003       3.215645e-001       
1.119576e+003       3.249639e-001       
1.124985e+003       3.249639e-001       
1.130393e+003       3.261211e-001       
1.135802e+003       3.248192e-001       
1.141210e+003       3.251809e-001       
1.146619e+003       3.229387e-001       
1.152027e+003       3.205519e-001       
1.157436e+003       3.160677e-001       
1.162845e+003       3.134639e-001       
1.168253e+003       3.081118e-001       
1.173662e+003       3.039891e-001       
1.179070e+003       3.021809e-001       
1.184479e+003       2.948036e-001       
1.189887e+003       2.878603e-001       
1.195296e+003       2.811339e-001       
1.200705e+003       2.767943e-001       
1.206113e+003       2.694893e-001       
1.211522e+003       2.630522e-001       
1.216930e+003       2.566875e-001       
1.222339e+003       2.503227e-001       
1.227747e+003       2.449705e-001       
1.233156e+003       2.400523e-001       
1.238565e+003       2.349171e-001       
1.243973e+003       2.308668e-001       
1.249382e+003       2.274675e-001       
1.254790e+003       2.279014e-001       
1.260199e+003       2.276121e-001       
1.265607e+003       2.246467e-001       
1.271016e+003       2.270335e-001       
1.276425e+003       2.274675e-001       
1.281833e+003       2.305052e-001       
1.287242e+003       2.350618e-001       
1.292650e+003       2.386058e-001       
1.298059e+003       2.440303e-001       
1.303467e+003       2.482976e-001       
1.308876e+003       2.315901e-001       
1.314285e+003       3.137532e-001       
1.319693e+003       5.755035e-001       
1.325102e+003       8.410872e-001       
1.330510e+003       1.102765e+000       
1.335919e+003       1.355547e+000       
1.341327e+003       1.607244e+000       
1.346736e+003       1.854240e+000       
1.352145e+003       2.099716e+000       
1.357553e+003       2.316624e+000       
1.362962e+003       2.369784e+000       
1.368370e+003       2.369784e+000       
1.373779e+003       2.369784e+000       
1.379187e+003       2.369784e+000       
1.384596e+003       2.369784e+000       
1.390005e+003       2.369784e+000       
1.395413e+003       2.369784e+000       
1.400822e+003       2.369784e+000       
1.406230e+003       2.369784e+000       
1.411639e+003       2.369784e+000       
1.417047e+003       2.369784e+000       
1.422456e+003       2.369784e+000       
1.427865e+003       2.369784e+000       
1.433273e+003       2.369784e+000       
1.438682e+003       2.369784e+000       
1.444090e+003       2.369784e+000       
1.449499e+003       2.369784e+000       
1.454907e+003       2.369784e+000       
1.460316e+003       2.369784e+000       
1.465724e+003       2.369784e+000       
1.471133e+003       2.369784e+000       
1.476542e+003       2.369784e+000       
1.481950e+003       2.369784e+000       
1.487359e+003       2.369784e+000       
1.492767e+003       2.369784e+000       
1.498176e+003       2.369784e+000       
1.503584e+003       2.369784e+000       
1.508993e+003       2.369784e+000       
1.514402e+003       2.369784e+000       
1.519810e+003       2.369784e+000       
1.525219e+003       2.369784e+000       
1.530627e+003       2.369784e+000       
1.536036e+003       2.369784e+000       
1.541444e+003       2.369784e+000       
1.546853e+003       2.369784e+000       
1.552262e+003       2.369784e+000       
1.557670e+003       2.369784e+000       
1.563079e+003       2.369784e+000       
1.568487e+003       2.369784e+000       
1.573896e+003       2.369784e+000       
1.579304e+003       2.369784e+000       
1.584713e+003       2.369784e+000       
1.590122e+003       2.369784e+000       
1.595530e+003       2.369784e+000       
1.600939e+003       2.369784e+000       
1.606347e+003       2.369784e+000       
1.611756e+003       2.369784e+000       
1.617164e+003       2.369784e+000       
1.622573e+003       2.369784e+000       
1.627982e+003       2.369784e+000       
1.633390e+003       2.369784e+000       
1.638799e+003       2.369784e+000       
1.644207e+003       2.369784e+000       
1.649616e+003       2.369784e+000       
1.655024e+003       2.369784e+000       
1.660433e+003       2.369784e+000       
1.665842e+003       2.369784e+000       
1.671250e+003       2.369784e+000       
1.676659e+003       2.369784e+000       
1.682067e+003       2.369784e+000       
1.687476e+003       2.369784e+000       
1.692884e+003       2.369784e+000       
1.698293e+003       2.369784e+000       
1.703702e+003       2.369784e+000       
1.709110e+003       2.369784e+000       
1.714519e+003       2.369784e+000       
1.719927e+003       2.369784e+000       
1.725336e+003       2.369784e+000       
1.730744e+003       2.369784e+000       
1.736153e+003       2.369784e+000       
1.741562e+003       2.369784e+000       
1.746970e+003       2.369784e+000       
1.752379e+003       2.369784e+000       
1.757787e+003       2.369784e+000       
1.763196e+003       2.369784e+000       
1.768604e+003       2.369784e+000       
1.774013e+003       2.369784e+000       
1.779422e+003       2.369784e+000       
1.784830e+003       2.369784e+000       
1.790239e+003       2.369784e+000       
1.795647e+003       2.369784e+000       
1.801056e+003       2.369784e+000       
1.806464e+003       2.369784e+000       
1.811873e+003       2.369784e+000       
1.817281e+003       2.369784e+000       
1.822690e+003       2.369784e+000       
1.828099e+003       2.369784e+000       
1.833507e+003       2.369784e+000       
1.838916e+003       2.369784e+000       
1.844324e+003       2.369784e+000       
1.849733e+003       2.369784e+000       
1.855141e+003       2.369784e+000       
1.860550e+003       2.369784e+000       
1.865959e+003       2.369784e+000       
1.871367e+003       2.369784e+000       
1.876776e+003       2.369784e+000       
1.882184e+003       2.369784e+000       
1.887593e+003       2.369784e+000       
1.893001e+003       2.369784e+000       
1.898410e+003       2.369784e+000       
1.903819e+003       2.369784e+000       
1.909227e+003       2.369784e+000       
1.914636e+003       2.369784e+000       
1.920044e+003       2.369784e+000       
1.925453e+003       2.369784e+000       
1.930861e+003       2.369784e+000       
1.936270e+003       2.369784e+000       
1.941679e+003       2.369784e+000       
1.947087e+003       2.369784e+000       
1.952496e+003       2.369784e+000       
1.957904e+003       2.369784e+000       
1.963313e+003       2.369784e+000       
1.968721e+003       2.369784e+000       
1.974130e+003       2.369784e+000       
1.979539e+003       2.369784e+000       
1.984947e+003       2.369784e+000       
1.990356e+003       2.369784e+000       
1.995764e+003       2.369784e+000       
2.001173e+003       2.369784e+000       
2.006581e+003       2.369784e+000       
2.011990e+003       2.369784e+000       
2.017399e+003       2.369784e+000       
2.022807e+003       2.369784e+000       
2.028216e+003       2.369784e+000       
2.033624e+003       2.369784e+000       
2.039033e+003       2.369784e+000       
2.044441e+003       2.369784e+000       
2.049850e+003       2.369784e+000       
2.055259e+003       2.369784e+000       
2.060667e+003       2.369784e+000       
2.066076e+003       2.369784e+000       
2.071485e+003       2.369784e+000       
2.076894e+003       2.369784e+000       
2.082302e+003       2.369784e+000       
2.087711e+003       2.369784e+000       
2.093120e+003       2.369784e+000       
2.098528e+003       2.369784e+000       
2.103937e+003       2.369784e+000       
2.109346e+003       2.369784e+000       
2.114754e+003       2.369784e+000       
2.120163e+003       2.369784e+000       
2.125572e+003       2.369784e+000       
2.130980e+003       2.369784e+000       
2.136389e+003       2.369784e+000       
2.141798e+003       2.369784e+000       
2.147207e+003       2.369784e+000       
2.152615e+003       2.369784e+000       
2.158024e+003       2.369784e+000       
2.163433e+003       2.369784e+000       
2.168841e+003       2.369784e+000       
2.174250e+003       2.369784e+000       
2.179659e+003       2.369784e+000       
2.185067e+003       2.369784e+000       
2.190476e+003       2.369784e+000       
2.195885e+003       2.369784e+000       
2.201293e+003       2.369784e+000       
2.206702e+003       2.369784e+000       
2.212111e+003       2.369784e+000       
2.217520e+003       2.369784e+000       
2.222928e+003       2.369784e+000       
2.228337e+003       2.369784e+000       
2.233746e+003       2.369784e+000       
2.239154e+003       2.369784e+000       
2.244563e+003       2.369784e+000       
2.249972e+003       2.369784e+000       
2.255380e+003       2.369784e+000       
2.260789e+003       2.369784e+000       
2.266198e+003       2.369784e+000       
2.271606e+003       2.369784e+000       
2.277015e+003       2.369784e+000       
2.282424e+003       2.369784e+000       
2.287833e+003       2.369784e+000       
2.293241e+003       2.369784e+000       
2.298650e+003       2.369784e+000       
2.304059e+003       2.369784e+000       
2.309467e+003       2.369784e+000       
2.314876e+003       2.369784e+000       
2.320285e+003       2.369784e+000       
2.325693e+003       2.369784e+000       
2.331102e+003       2.369784e+000       
2.336511e+003       2.369784e+000       
2.341919e+003       2.369784e+000       
2.347328e+003       2.369784e+000       
2.352737e+003       2.369784e+000       
2.358146e+003       2.369784e+000       
2.363554e+003       2.369784e+000       
2.368963e+003       2.369784e+000       
2.374372e+003       2.369784e+000       
2.379780e+003       2.369784e+000       
2.385189e+003       2.369784e+000       
2.390598e+003       2.369784e+000       
2.396006e+003       2.369784e+000       
2.401415e+003       2.369784e+000       
2.406824e+003       2.369784e+000       
2.412232e+003       2.369784e+000       
2.417641e+003       2.369784e+000       
2.423050e+003       2.369784e+000       
2.428458e+003       2.369784e+000       
2.433867e+003       2.369784e+000       
2.439276e+003       2.369784e+000       
2.444685e+003       2.369784e+000       
2.450093e+003       2.369784e+000       
2.455502e+003       2.369784e+000       
2.460911e+003       2.369784e+000       
2.466319e+003       2.369784e+000       
2.471728e+003       2.369784e+000       
2.477137e+003       2.369784e+000       
2.482545e+003       2.369784e+000       
2.487954e+003       2.369784e+000       
2.493363e+003       2.369784e+000       
2.498771e+003       2.369784e+000       
2.504180e+003       2.369784e+000       
2.509589e+003       2.369784e+000       
2.514998e+003       2.369784e+000       
2.520406e+003       2.369784e+000       
2.525815e+003       2.369784e+000       
2.531224e+003       2.369784e+000       
2.536632e+003       2.369784e+000       
2.542041e+003       2.369784e+000       
2.547450e+003       2.369784e+000       
2.552858e+003       2.369784e+000       
2.558267e+003       2.369784e+000       
2.563676e+003       2.369784e+000       
2.569084e+003       2.369784e+000       
2.574493e+003       2.369784e+000       
2.579902e+003       2.369784e+000       
2.585311e+003       2.369784e+000       
2.590719e+003       2.369784e+000       
2.596128e+003       2.369784e+000       
2.601537e+003       2.369784e+000       
2.606945e+003       2.369784e+000       
2.612354e+003       2.369784e+000       
2.617763e+003       2.369784e+000       
2.623171e+003       2.369784e+000       
2.628580e+003       2.369784e+000       
2.633989e+003       2.369784e+000       
2.639397e+003       2.369784e+000       
2.644806e+003       2.369784e+000       
2.650215e+003       2.369784e+000       
2.655624e+003       2.369784e+000       
2.661032e+003       2.369784e+000       
2.666441e+003       2.369784e+000       
2.671850e+003       2.369784e+000       
2.677258e+003       2.369784e+000       
2.682667e+003       2.369784e+000       
2.688076e+003       2.369784e+000       
2.693484e+003       2.369784e+000       
2.698893e+003       2.369784e+000       
2.704302e+003       2.369784e+000       
2.709710e+003       2.369784e+000       
2.715119e+003       2.369784e+000       
2.720528e+003       2.369784e+000       
2.725937e+003       2.369784e+000       
2.731345e+003       2.369784e+000       
2.736754e+003       2.369784e+000       
2.742163e+003       2.369784e+000       
2.747571e+003       2.369784e+000       
2.752980e+003       2.369784e+000       
2.758389e+003       2.369784e+000       
2.763797e+003       2.369784e+000       

Retract Data
0.000000e+000       2.369784e+000       
5.408587e+000       2.369784e+000       
1.081717e+001       2.369784e+000       
1.622576e+001       2.369784e+000       
2.163435e+001       2.369784e+000       
2.704293e+001       2.369784e+000       
3.245152e+001       2.369784e+000       
3.786011e+001       2.369784e+000       
4.326870e+001       2.369784e+000       
4.867729e+001       2.369784e+000       
5.408588e+001       2.369784e+000       
5.949446e+001       2.369784e+000       
6.490305e+001       2.369784e+000       
7.031164e+001       2.369784e+000       
7.572022e+001       2.369784e+000       
8.112881e+001       2.369784e+000       
8.653739e+001       2.369784e+000       
9.194598e+001       2.369784e+000       
9.735456e+001       2.369784e+000       
1.027631e+002       2.369784e+000       
1.081717e+002       2.369784e+000       
1.135803e+002       2.369784e+000       
1.189889e+002       2.369784e+000       
1.243975e+002       2.369784e+000       
1.298061e+002       2.369784e+000       
1.352147e+002       2.369784e+000       
1.406232e+002       2.369784e+000       
1.460318e+002       2.369784e+000       
1.514404e+002       2.369784e+000       
1.568490e+002       2.369784e+000       
1.622576e+002       2.369784e+000       
1.676662e+002       2.369784e+000       
1.730748e+002       2.369784e+000       
1.784833e+002       2.369784e+000       
1.838919e+002       2.369784e+000       
1.893005e+002       2.369784e+000       
1.947091e+002       2.369784e+000       
2.001177e+002       2.369784e+000       
2.055263e+002       2.369784e+000       
2.109348e+002       2.369784e+000       
2.163434e+002       2.369784e+000       
2.217520e+002       2.369784e+000       
2.271606e+002       2.369784e+000       
2.325692e+002       2.369784e+000       
2.379778e+002       2.369784e+000       
2.433864e+002       2.369784e+000       
2.487949e+002       2.369784e+000       
2.542035e+002       2.369784e+000       
2.596121e+002       2.369784e+000       
2.650207e+002       2.369784e+000       
2.704293e+002       2.369784e+000       
2.758379e+002       2.369784e+000       
2.812465e+002       2.369784e+000       
2.866551e+002       2.369784e+000       
2.920637e+002       2.369784e+000       
2.974723e+002       2.369784e+000       
3.028809e+002       2.369784e+000       
3.082895e+002       2.369784e+000       
3.136981e+002       2.369784e+000       
3.191067e+002       2.369784e+000       
3.245153e+002       2.369784e+000       
3.299239e+002       2.369784e+000       
3.353325e+002       2.369784e+000       
3.407411e+002       2.369784e+000       
3.461497e+002       2.369784e+000       
3.515583e+002       2.369784e+000       
3.569669e+002       2.369784e+000       
3.623755e+002       2.369784e+000       
3.677841e+002       2.369784e+000       
3.731927e+002       2.369784e+000       
3.786013e+002       2.369784e+000       
3.840099e+002       2.369784e+000       
3.894185e+002       2.369784e+000       
3.948271e+002       2.369784e+000       
4.002357e+002       2.369784e+000       
4.056443e+002       2.369784e+000       
4.110529e+002       2.369784e+000       
4.164615e+002       2.369784e+000       
4.218701e+002       2.369784e+000       
4.272787e+002       2.369784e+000       
4.326873e+002       2.369784e+000       
4.380959e+002       2.369784e+000       
4.435045e+002       2.369784e+000       
4.489131e+002       2.369784e+000       
4.543217e+002       2.369784e+000       
4.597303e+002       2.369784e+000       
4.651389e+002       2.369784e+000       
4.705475e+002       2.369784e+000       
4.759561e+002       2.369784e+000       
4.813647e+002       2.369784e+000       
4.867733e+002       2.369784e+000       
4.921819e+002       2.369784e+000       
4.975905e+002       2.369784e+000       
5.029991e+002       2.369784e+000       
5.084077e+002       2.369784e+000       
5.138163e+002       2.369784e+000       
5.192249e+002       2.369784e+000       
5.246334e+002       2.369784e+000       
5.300420e+002       2.369784e+000       
5.354506e+002       2.369784e+000       
5.408591e+002       2.369784e+000       
5.462677e+002       2.369784e+000       
5.516763e+002       2.369784e+000       
5.570848e+002       2.369784e+000       
5.624934e+002       2.369784e+000       
5.679020e+002       2.369784e+000       
5.733105e+002       2.369784e+000       
5.787191e+002       2.369784e+000       
5.841277e+002       2.369784e+000       
5.895363e+002       2.369784e+000       
5.949448e+002       2.369784e+000       
6.003534e+002       2.369784e+000       
6.057620e+002       2.369784e+000       
6.111705e+002       2.369784e+000       
6.165791e+002       2.369784e+000       
6.219877e+002       2.369784e+000       
6.273962e+002       2.369784e+000       
6.328048e+002       2.369784e+000       
6.382134e+002       2.369784e+000       
6.436219e+002       2.369784e+000       
6.490305e+002       2.369784e+000       
6.544391e+002       2.369784e+000       
6.598477e+002       2.369784e+000       
6.652562e+002       2.369784e+000       
6.706648e+002       2.369784e+000       
6.760734e+002       2.369784e+000       
6.814819e+002       2.369784e+000       
6.868905e+002       2.369784e+000       
6.922991e+002       2.369784e+000       
6.977076e+002       2.369784e+000       
7.031162e+002       2.369784e+000       
7.085248e+002       2.369784e+000       
7.139333e+002       2.369784e+000       
7.193419e+002       2.369784e+000       
7.247505e+002       2.369784e+000       
7.301591e+002       2.369784e+000       
7.355676e+002       2.369784e+000       
7.409762e+002       2.369784e+000       
7.463848e+002       2.369784e+000       
7.517933e+002       2.369784e+000       
7.572019e+002       2.369784e+000       
7.626105e+002       2.369784e+000       
7.680190e+002       2.369784e+000       
7.734276e+002       2.369784e+000       
7.788362e+002       2.369784e+000       
7.842448e+002       2.369784e+000       
7.896533e+002       2.369784e+000       
7.950619e+002       2.369784e+000       
8.004705e+002       2.369784e+000       
8.058790e+002       2.369784e+000       
8.112876e+002       2.369784e+000       
8.166962e+002       2.369784e+000       
8.221047e+002       2.369784e+000       
8.275133e+002       2.369784e+000       
8.329219e+002       2.369784e+000       
8.383304e+002       2.369784e+000       
8.437390e+002       2.369784e+000       
8.491476e+002       2.369784e+000       
8.545562e+002       2.369784e+000       
8.599647e+002       2.369784e+000       
8.653733e+002       2.369784e+000       
8.707819e+002       2.369784e+000       
8.761904e+002       2.369784e+000       
8.815990e+002       2.369784e+000       
8.870076e+002       2.369784e+000       
8.924161e+002       2.369784e+000       
8.978247e+002       2.369784e+000       
9.032333e+002       2.369784e+000       
9.086418e+002       2.369784e+000       
9.140504e+002       2.369784e+000       
9.194590e+002       2.369784e+000       
9.248676e+002       2.369784e+000       
9.302761e+002       2.369784e+000       
9.356847e+002       2.369784e+000       
9.410933e+002       2.369784e+000       
9.465018e+002       2.369784e+000       
9.519104e+002       2.369784e+000       
9.573190e+002       2.369784e+000       
9.627275e+002       2.369784e+000       
9.681361e+002       2.369784e+000       
9.735447e+002       2.369784e+000       
9.789532e+002       2.369784e+000       
9.843618e+002       2.369784e+000       
9.897704e+002       2.369784e+000       
9.951790e+002       2.369784e+000       
1.000588e+003       2.369784e+000       
1.005996e+003       2.369784e+000       
1.011405e+003       2.369784e+000       
1.016813e+003       2.369784e+000       
1.022222e+003       2.369784e+000       
1.027630e+003       2.369784e+000       
1.033039e+003       2.369784e+000       
1.038448e+003       2.369784e+000       
1.043856e+003       2.369784e+000       
1.049265e+003       2.369784e+000       
1.054673e+003       2.369784e+000       
1.060082e+003       2.369784e+000       
1.065490e+003       2.369784e+000       
1.070899e+003       2.369784e+000       
1.076307e+003       2.369784e+000       
1.081716e+003       2.369784e+000       
1.087125e+003       2.369784e+000       
1.092533e+003       2.369784e+000       
1.097942e+003       2.369784e+000       
1.103350e+003       2.369784e+000       
1.108759e+003       2.369784e+000       
1.114167e+003       2.369784e+000       
1.119576e+003       2.369784e+000       
1.124985e+003       2.369784e+000       
1.130393e+003       2.369784e+000       
1.135802e+003       2.369784e+000       
1.141210e+003       2.369784e+000       
1.146619e+003       2.369784e+000       
1.152027e+003       2.369784e+000       
1.157436e+003       2.369784e+000       
1.162845e+003       2.369784e+000       
1.168253e+003       2.369784e+000       
1.173662e+003       2.369784e+000       
1.179070e+003       2.369784e+000       
1.184479e+003       2.369784e+000       
1.189887e+003       2.369784e+000       
1.195296e+003       2.369784e+000       
1.200705e+003       2.369784e+000       
1.206113e+003       2.369784e+000       
1.211522e+003       2.369784e+000       
1.216930e+003       2.369784e+000       
1.222339e+003       2.369784e+000       
1.227747e+003       2.369784e+000       
1.233156e+003       2.369784e+000       
1.238565e+003       2.369784e+000       
1.243973e+003       2.369784e+000       
1.249382e+003       2.369784e+000       
1.254790e+003       2.369784e+000       
1.260199e+003       2.369784e+000       
1.265607e+003       2.369784e+000       
1.271016e+003       2.369784e+000       
1.276425e+003       2.369784e+000       
1.281833e+003       2.369784e+000       
1.287242e+003       2.369784e+000       
1.292650e+003       2.369784e+000       
1.298059e+003       2.369784e+000       
1.303467e+003       2.369784e+000       
1.308876e+003       2.369784e+000       
1.314285e+003       2.369784e+000       
1.319693e+003       2.369784e+000       
1.325102e+003       2.369784e+000       
1.330510e+003       2.369784e+000       
1.335919e+003       2.369784e+000       
1.341327e+003       2.369784e+000       
1.346736e+003       2.369784e+000       
1.352145e+003       2.369784e+000       
1.357553e+003       2.369784e+000       
1.362962e+003       2.369784e+000       
1.368370e+003       2.369784e+000       
1.373779e+003       2.369784e+000       
1.379187e+003       2.369784e+000       
1.384596e+003       2.369784e+000       
1.390005e+003       2.369784e+000       
1.395413e+003       2.369784e+000       
1.400822e+003       2.369784e+000       
1.406230e+003       2.369784e+000       
1.411639e+003       2.369784e+000       
1.417047e+003       2.369784e+000       
1.422456e+003       2.369784e+000       
1.427865e+003       2.369784e+000       
1.433273e+003       2.369784e+000       
1.438682e+003       2.369784e+000       
1.444090e+003       2.369784e+000       
1.449499e+003       2.369784e+000       
1.454907e+003       2.369784e+000       
1.460316e+003       2.369784e+000       
1.465724e+003       2.369784e+000       
1.471133e+003       2.355825e+000       
1.476542e+003       2.193379e+000       
1.481950e+003       1.957450e+000       
1.487359e+003       1.714504e+000       
1.492767e+003       1.474741e+000       
1.498176e+003       1.226444e+000       
1.503584e+003       9.665017e-001       
1.508993e+003       7.042451e-001       
1.514402e+003       4.354791e-001       
1.519810e+003       1.728608e-001       
1.525219e+003       -9.431402e-002      
1.530627e+003       -3.621398e-001      
1.536036e+003       -2.298543e-001      
1.541444e+003       2.323857e-001       
1.546853e+003       2.274675e-001       
1.552262e+003       2.240681e-001       
1.557670e+003       2.203071e-001       
1.563079e+003       2.217537e-001       
1.568487e+003       2.226216e-001       
1.573896e+003       2.205241e-001       
1.579304e+003       2.272505e-001       
1.584713e+003       2.294926e-001       
1.590122e+003       2.313008e-001       
1.595530e+003       2.348448e-001       
1.600939e+003       2.396907e-001       
1.606347e+003       2.444642e-001       
1.611756e+003       2.491655e-001       
1.617164e+003       2.546623e-001       
1.622573e+003       2.608824e-001       
1.627982e+003       2.680427e-001       
1.633390e+003       2.739012e-001       
1.638799e+003       2.817848e-001       
1.644207e+003       2.864861e-001       
1.649616e+003       2.945143e-001       
1.655024e+003       2.995049e-001       
1.660433e+003       3.048570e-001       
1.665842e+003       3.118727e-001       
1.671250e+003       3.143318e-001       
1.676659e+003       3.220708e-001       
1.682067e+003       3.217092e-001       
1.687476e+003       3.228664e-001       
1.692884e+003       3.246022e-001       
1.698293e+003       3.248192e-001       
1.703702e+003       3.241683e-001       
1.709110e+003       3.261211e-001       
1.714519e+003       3.235173e-001       
1.719927e+003       3.222154e-001       
1.725336e+003       3.191777e-001       
1.730744e+003       3.182375e-001       
1.736153e+003       3.164293e-001       
1.741562e+003       3.156337e-001       
1.746970e+003       3.120174e-001       
1.752379e+003       3.078948e-001       
1.757787e+003       3.043508e-001       
1.763196e+003       3.036275e-001       
1.768604e+003       3.001558e-001       
1.774013e+003       2.955269e-001       
1.779422e+003       2.920552e-001       
1.784830e+003       2.851118e-001       
1.790239e+003       2.840993e-001       
1.795647e+003       2.772282e-001       
1.801056e+003       2.720931e-001       
1.806464e+003       2.689830e-001       
1.811873e+003       2.633415e-001       
1.817281e+003       2.586403e-001       
1.822690e+003       2.520585e-001       
1.828099e+003       2.491655e-001       
1.833507e+003       2.444642e-001       
1.838916e+003       2.414989e-001       
1.844324e+003       2.380995e-001       
1.849733e+003       2.356404e-001       
1.855141e+003       2.329643e-001       
1.860550e+003       2.315178e-001       
1.865959e+003       2.317348e-001       
1.871367e+003       2.324580e-001       
1.876776e+003       2.303605e-001       
1.882184e+003       2.315901e-001       
1.887593e+003       2.341939e-001       
1.893001e+003       2.377379e-001       
1.898410e+003       2.424391e-001       
1.903819e+003       2.453322e-001       
1.909227e+003       2.503227e-001       
1.914636e+003       2.563258e-001       
1.920044e+003       2.636308e-001       
1.925453e+003       2.687660e-001       
1.930861e+003       2.764327e-001       
1.936270e+003       2.827974e-001       
1.941679e+003       2.872817e-001       
1.947087e+003       2.960332e-001       
1.952496e+003       3.000835e-001       
1.957904e+003       3.073885e-001       
1.963313e+003       3.096306e-001       
1.968721e+003       3.119451e-001       
1.974130e+003       3.134639e-001       
1.979539e+003       3.157060e-001       
1.984947e+003       3.184545e-001       
1.990356e+003       3.175142e-001       
1.995764e+003       3.165740e-001       
2.001173e+003       3.171526e-001       
2.006581e+003       3.151998e-001       
2.011990e+003       3.159954e-001       
2.017399e+003       3.141149e-001       
2.022807e+003       3.140425e-001       
2.028216e+003       3.115111e-001       
2.033624e+003       3.077501e-001       
2.039033e+003       3.065206e-001       
2.044441e+003       3.027596e-001       
2.049850e+003       2.996495e-001       
2.055259e+003       2.978413e-001       
2.060667e+003       2.947313e-001       
2.066076e+003       2.914043e-001       
2.071485e+003       2.880772e-001       
2.076894e+003       2.825804e-001       
2.082302e+003       2.785301e-001       
2.087711e+003       2.778068e-001       
2.093120e+003       2.742628e-001       
2.098528e+003       2.703572e-001       
2.103937e+003       2.684044e-001       
2.109346e+003       2.655836e-001       
2.114754e+003       2.623290e-001       
2.120163e+003       2.587849e-001       
2.125572e+003       2.555302e-001       
2.130980e+003       2.541560e-001       
2.136389e+003       2.525648e-001       
2.141798e+003       2.522755e-001       
2.147207e+003       2.485145e-001       
2.152615e+003       2.488762e-001       
2.158024e+003       2.478636e-001       
2.163433e+003       2.469957e-001       
2.168841e+003       2.512630e-001       
2.174250e+003       2.521309e-001       
2.179659e+003       2.516246e-001       
2.185067e+003       2.555302e-001       
2.190476e+003       2.588573e-001       
2.195885e+003       2.608824e-001       
2.201293e+003       2.659453e-001       
2.206702e+003       2.683321e-001       
2.212111e+003       2.728886e-001       
2.217520e+003       2.771559e-001       
2.222928e+003       2.828697e-001       
2.228337e+003       2.846779e-001       
2.233746e+003       2.906087e-001       
2.239154e+003       2.924168e-001       
2.244563e+003       2.966841e-001       
2.249972e+003       2.989263e-001       
2.255380e+003       3.021809e-001       
2.260789e+003       3.057249e-001       
2.266198e+003       3.041338e-001       
2.271606e+003       3.062313e-001       
2.277015e+003       3.057249e-001       
2.282424e+003       3.045677e-001       
2.287833e+003       3.047124e-001       
2.293241e+003       3.013854e-001       
2.298650e+003       3.003728e-001       
2.304059e+003       2.987093e-001       
2.309467e+003       2.965395e-001       
2.314876e+003       2.953099e-001       
2.320285e+003       2.924168e-001       
2.325693e+003       2.899577e-001       
2.331102e+003       2.861244e-001       
2.336511e+003       2.838100e-001       
2.341919e+003       2.819295e-001       
2.347328e+003       2.800490e-001       
2.352737e+003       2.786748e-001       
2.358146e+003       2.778068e-001       
2.363554e+003       2.744798e-001       
2.368963e+003       2.723823e-001       
2.374372e+003       2.731780e-001       
2.379780e+003       2.707912e-001       
2.385189e+003       2.718037e-001       
2.390598e+003       2.692723e-001       
2.396006e+003       2.701402e-001       
2.401415e+003       2.694170e-001       
2.406824e+003       2.684044e-001       
2.412232e+003       2.705742e-001       
2.417641e+003       2.710805e-001       
2.423050e+003       2.702849e-001       
2.428458e+003       2.700679e-001       
2.433867e+003       2.678258e-001       
2.439276e+003       2.699956e-001       
2.444685e+003       2.718037e-001       
2.450093e+003       2.708635e-001       
2.455502e+003       2.749861e-001       
2.460911e+003       2.741182e-001       
2.466319e+003       2.770836e-001       
2.471728e+003       2.786748e-001       
2.477137e+003       2.817125e-001       
2.482545e+003       2.836653e-001       
2.487954e+003       2.867754e-001       
2.493363e+003       2.900301e-001       
2.498771e+003       2.928508e-001       
2.504180e+003       2.941527e-001       
2.509589e+003       2.959608e-001       
2.514998e+003       2.987816e-001       
2.520406e+003       2.971181e-001       
2.525815e+003       2.984200e-001       
2.531224e+003       3.004451e-001       
2.536632e+003       2.998665e-001       
2.542041e+003       2.996495e-001       
2.547450e+003       2.970458e-001       
2.552858e+003       2.974074e-001       
2.558267e+003       2.940080e-001       
2.563676e+003       2.934294e-001       
2.569084e+003       2.925615e-001       
2.574493e+003       2.903917e-001       
2.579902e+003       2.880049e-001       
2.585311e+003       2.879326e-001       
2.590719e+003       2.847502e-001       
2.596128e+003       2.823634e-001       
2.601537e+003       2.835930e-001       
2.606945e+003       2.799767e-001       
2.612354e+003       2.780238e-001       
2.617763e+003       2.770113e-001       
2.623171e+003       2.766496e-001       
2.628580e+003       2.745522e-001       
2.633989e+003       2.725993e-001       
2.639397e+003       2.721654e-001       
2.644806e+003       2.720931e-001       
2.650215e+003       2.712975e-001       
2.655624e+003       2.700679e-001       
2.661032e+003       2.725993e-001       
2.666441e+003       2.722377e-001       
2.671850e+003       2.715867e-001       
2.677258e+003       2.718761e-001       
2.682667e+003       2.697063e-001       
2.688076e+003       2.688383e-001       
2.693484e+003       2.692000e-001       
2.698893e+003       2.681151e-001       
2.704302e+003       2.672472e-001       
2.709710e+003       2.679704e-001       
2.715119e+003       2.696339e-001       
2.720528e+003       2.701402e-001       
2.725937e+003       2.700679e-001       
2.731345e+003       2.725993e-001       
2.736754e+003       2.739012e-001       
2.742163e+003       2.754924e-001       
2.747571e+003       2.764327e-001       
2.752980e+003       2.821465e-001       
2.758389e+003       2.840270e-001       
2.763797e+003       2.856181e-001       
