Calculated Z (nm)   Deflection (V)      
Extend Data
0.000000e+000       6.837766e-001       
5.690710e+000       6.915879e-001       
1.138142e+001       6.996162e-001       
1.707213e+001       7.075721e-001       
2.276284e+001       7.161790e-001       
2.845355e+001       7.237009e-001       
3.414426e+001       7.335374e-001       
3.983496e+001       7.438801e-001       
4.552567e+001       7.534272e-001       
5.121638e+001       7.623957e-001       
5.690709e+001       7.702793e-001       
6.259780e+001       7.795372e-001       
6.828851e+001       7.884334e-001       
7.397922e+001       7.959554e-001       
7.966993e+001       8.016691e-001       
8.536064e+001       8.097697e-001       
9.105135e+001       8.151942e-001       
9.674207e+001       8.188829e-001       
1.024328e+002       8.227162e-001       
1.081235e+002       8.251030e-001       
1.138142e+002       8.257539e-001       
1.195049e+002       8.277791e-001       
1.251956e+002       8.251030e-001       
1.308863e+002       8.239458e-001       
1.365770e+002       8.179427e-001       
1.422677e+002       8.117226e-001       
1.479585e+002       8.053578e-001       
1.536492e+002       7.986314e-001       
1.593399e+002       7.885780e-001       
1.650306e+002       7.779460e-001       
1.707213e+002       7.680373e-001       
1.764120e+002       7.560310e-001       
1.821027e+002       7.454713e-001       
1.877934e+002       7.350563e-001       
1.934841e+002       7.215312e-001       
1.991748e+002       7.088740e-001       
2.048655e+002       6.990376e-001       
2.105562e+002       6.866697e-001       
2.162469e+002       6.774119e-001       
2.219376e+002       6.667799e-001       
2.276283e+002       6.562201e-001       
2.333190e+002       6.529654e-001       
2.390097e+002       6.445755e-001       
2.447004e+002       6.405976e-001       
2.503911e+002       6.379938e-001       
2.560818e+002       6.352454e-001       
2.617726e+002       6.328586e-001       
2.674633e+002       6.335819e-001       
2.731540e+002       6.342328e-001       
2.788447e+002       6.366919e-001       
2.845354e+002       6.412485e-001       
2.902261e+002       6.489875e-001       
2.959168e+002       6.544843e-001       
3.016075e+002       6.605598e-001       
3.072982e+002       6.693836e-001       
3.129889e+002       6.771226e-001       
3.186796e+002       6.858741e-001       
3.243703e+002       6.988206e-001       
3.300610e+002       7.094526e-001       
3.357517e+002       7.191444e-001       
3.414424e+002       7.276790e-001       
3.471331e+002       7.399021e-001       
3.528238e+002       7.501726e-001       
3.585145e+002       7.597197e-001       
3.642052e+002       7.708580e-001       
3.698959e+002       7.796095e-001       
3.755866e+002       7.872038e-001       
3.812773e+002       7.934963e-001       
3.869680e+002       8.005119e-001       
3.926588e+002       8.081062e-001       
3.983495e+002       8.138924e-001       
4.040402e+002       8.141093e-001       
4.097309e+002       8.168578e-001       
4.154216e+002       8.209804e-001       
4.211123e+002       8.199678e-001       
4.268030e+002       8.200401e-001       
4.324937e+002       8.169301e-001       
4.381844e+002       8.143986e-001       
4.438751e+002       8.112886e-001       
4.495658e+002       8.091911e-001       
4.552565e+002       8.019584e-001       
4.609472e+002       7.967509e-001       
4.666379e+002       7.895182e-001       
4.723286e+002       7.819239e-001       
4.780193e+002       7.719429e-001       
4.837100e+002       7.624681e-001       
4.894007e+002       7.529209e-001       
4.950914e+002       7.412040e-001       
5.007821e+002       7.309336e-001       
5.064728e+002       7.195060e-001       
5.121636e+002       7.064872e-001       
5.178543e+002       6.932514e-001       
5.235450e+002       6.837766e-001       
5.292358e+002       6.708301e-001       
5.349265e+002       6.603428e-001       
5.406172e+002       6.522422e-001       
5.463080e+002       6.411039e-001       
5.519987e+002       6.327863e-001       
5.576895e+002       6.278681e-001       
5.633802e+002       6.237454e-001       
5.690709e+002       6.215034e-001       
5.747617e+002       6.212140e-001       
5.804524e+002       6.203461e-001       
5.861431e+002       6.223713e-001       
5.918339e+002       6.260599e-001       
5.975246e+002       6.319184e-001       
6.032153e+002       6.379938e-001       
6.089061e+002       6.463114e-001       
6.145968e+002       6.577390e-001       
6.202875e+002       6.684434e-001       
6.259783e+002       6.788584e-001       
6.316690e+002       6.913709e-001       
6.373597e+002       7.041004e-001       
6.430505e+002       7.178425e-001       
6.487412e+002       7.302827e-001       
6.544319e+002       7.438801e-001       
6.601227e+002       7.560310e-001       
6.658134e+002       7.655058e-001       
6.715042e+002       7.785969e-001       
6.771949e+002       7.891566e-001       
6.828856e+002       7.974018e-001       
6.885764e+002       8.058641e-001       
6.942671e+002       8.123012e-001       
6.999578e+002       8.183043e-001       
7.056486e+002       8.235118e-001       
7.113393e+002       8.263326e-001       
7.170300e+002       8.277068e-001       
7.227208e+002       8.275621e-001       
7.284115e+002       8.288640e-001       
7.341022e+002       8.248137e-001       
7.397930e+002       8.208357e-001       
7.454837e+002       8.169301e-001       
7.511744e+002       8.126628e-001       
7.568652e+002       8.058641e-001       
7.625559e+002       7.976912e-001       
7.682466e+002       7.912541e-001       
7.739374e+002       7.846724e-001       
7.796281e+002       7.731724e-001       
7.853188e+002       7.643486e-001       
7.910096e+002       7.540781e-001       
7.967003e+002       7.425059e-001       
8.023911e+002       7.341160e-001       
8.080818e+002       7.223991e-001       
8.137725e+002       7.134306e-001       
8.194633e+002       7.044621e-001       
8.251540e+002       6.933961e-001       
8.308447e+002       6.818238e-001       
8.365355e+002       6.706855e-001       
8.422262e+002       6.635252e-001       
8.479169e+002       6.562201e-001       
8.536077e+002       6.483365e-001       
8.592984e+002       6.421888e-001       
8.649891e+002       6.389341e-001       
8.706799e+002       6.319907e-001       
8.763706e+002       6.292423e-001       
8.820613e+002       6.261322e-001       
8.877521e+002       6.256983e-001       
8.934428e+002       6.271448e-001       
8.991335e+002       6.299655e-001       
9.048243e+002       6.350284e-001       
9.105150e+002       6.392234e-001       
9.162057e+002       6.475409e-001       
9.218965e+002       6.539057e-001       
9.275872e+002       6.664906e-001       
9.332780e+002       6.765440e-001       
9.389687e+002       6.879716e-001       
9.446594e+002       7.019306e-001       
9.503502e+002       7.158173e-001       
9.560409e+002       7.293425e-001       
9.617316e+002       7.440971e-001       
9.674224e+002       7.584901e-001       
9.731131e+002       7.729554e-001       
9.788038e+002       7.846000e-001       
9.844946e+002       7.989208e-001       
9.901853e+002       8.092635e-001       
9.958760e+002       8.183766e-001       
1.001567e+003       8.269835e-001       
1.007258e+003       8.324803e-001       
1.012948e+003       8.371816e-001       
1.018639e+003       8.410872e-001       
1.024330e+003       8.421721e-001       
1.030020e+003       8.434017e-001       
1.035711e+003       8.417382e-001       
1.041402e+003       8.411595e-001       
1.047092e+003       8.358073e-001       
1.052783e+003       8.290086e-001       
1.058474e+003       8.236564e-001       
1.064164e+003       8.149049e-001       
1.069855e+003       8.079616e-001       
1.075546e+003       8.004396e-001       
1.081236e+003       7.913264e-001       
1.086927e+003       7.795372e-001       
1.092618e+003       7.689052e-001       
1.098308e+003       7.593580e-001       
1.103999e+003       7.469901e-001       
1.109690e+003       7.354179e-001       
1.115380e+003       7.240626e-001       
1.121071e+003       7.141538e-001       
1.126762e+003       7.032325e-001       
1.132453e+003       6.936131e-001       
1.138143e+003       6.816068e-001       
1.143834e+003       6.705408e-001       
1.149525e+003       6.635252e-001       
1.155215e+003       6.547013e-001       
1.160906e+003       6.469623e-001       
1.166597e+003       6.377769e-001       
1.172287e+003       6.363303e-001       
1.177978e+003       6.293146e-001       
1.183669e+003       6.262769e-001       
1.189359e+003       6.236008e-001       
1.195050e+003       6.251920e-001       
1.200741e+003       6.259876e-001       
1.206431e+003       6.281574e-001       
1.212122e+003       6.314121e-001       
1.217813e+003       6.358240e-001       
1.223503e+003       6.422611e-001       
1.229194e+003       6.502171e-001       
1.234885e+003       6.611384e-001       
1.240575e+003       6.721320e-001       
1.246266e+003       6.830534e-001       
1.251957e+003       6.971571e-001       
1.257647e+003       7.095249e-001       
1.263338e+003       7.226884e-001       
1.269029e+003       7.372261e-001       
1.274719e+003       7.522700e-001       
1.280410e+003       7.661567e-001       
1.286101e+003       7.798265e-001       
1.291791e+003       7.933516e-001       
1.297482e+003       8.055748e-001       
1.303173e+003       8.175087e-001       
1.308863e+003       8.277791e-001       
1.314554e+003       8.365306e-001       
1.320245e+003       8.424614e-001       
1.325935e+003       8.477412e-001       
1.331626e+003       8.511406e-001       
1.337317e+003       8.535274e-001       
1.343007e+003       8.504897e-001       
1.348698e+003       8.489708e-001       
1.354389e+003       8.422444e-001       
1.360079e+003       8.360966e-001       
1.365770e+003       8.283577e-001       
1.371461e+003       8.174363e-001       
1.377151e+003       8.073829e-001       
1.382842e+003       7.968233e-001       
1.388533e+003       7.823579e-001       
1.394224e+003       7.686881e-001       
1.399914e+003       7.561756e-001       
1.405605e+003       7.448927e-001       
1.411296e+003       7.278236e-001       
1.416986e+003       7.169023e-001       
1.422677e+003       7.047514e-001       
1.428368e+003       6.914433e-001       
1.434058e+003       6.800880e-001       
1.439749e+003       6.674308e-001       
1.445440e+003       6.597642e-001       
1.451130e+003       6.501447e-001       
1.456821e+003       6.418272e-001       
1.462512e+003       6.341605e-001       
1.468202e+003       6.307611e-001       
1.473893e+003       6.271448e-001       
1.479584e+003       5.841827e-001       
1.485274e+003       7.046790e-001       
1.490965e+003       9.347503e-001       
1.496656e+003       1.160771e+000       
1.502346e+003       1.388528e+000       
1.508037e+003       1.612162e+000       
1.513728e+003       1.827768e+000       
1.519418e+003       2.044821e+000       
1.525109e+003       2.260426e+000       
1.530800e+003       2.369784e+000       
1.536490e+003       2.369784e+000       
1.542181e+003       2.369784e+000       
1.547872e+003       2.369784e+000       
1.553562e+003       2.369784e+000       
1.559253e+003       2.369784e+000       
1.564944e+003       2.369784e+000       
1.570634e+003       2.369784e+000       
1.576325e+003       2.369784e+000       
1.582016e+003       2.369784e+000       
1.587706e+003       2.369784e+000       
1.593397e+003       2.369784e+000       
1.599088e+003       2.369784e+000       
1.604778e+003       2.369784e+000       
1.610469e+003       2.369784e+000       
1.616160e+003       2.369784e+000       
1.621850e+003       2.369784e+000       
1.627541e+003       2.369784e+000       
1.633232e+003       2.369784e+000       
1.638922e+003       2.369784e+000       
1.644613e+003       2.369784e+000       
1.650304e+003       2.369784e+000       
1.655995e+003       2.369784e+000       
1.661685e+003       2.369784e+000       
1.667376e+003       2.369784e+000       
1.673067e+003       2.369784e+000       
1.678757e+003       2.369784e+000       
1.684448e+003       2.369784e+000       
1.690139e+003       2.369784e+000       
1.695829e+003       2.369784e+000       
1.701520e+003       2.369784e+000       
1.707211e+003       2.369784e+000       
1.712901e+003       2.369784e+000       
1.718592e+003       2.369784e+000       
1.724283e+003       2.369784e+000       
1.729973e+003       2.369784e+000       
1.735664e+003       2.369784e+000       
1.741355e+003       2.369784e+000       
1.747045e+003       2.369784e+000       
1.752736e+003       2.369784e+000       
1.758427e+003       2.369784e+000       
1.764117e+003       2.369784e+000       
1.769808e+003       2.369784e+000       
1.775499e+003       2.369784e+000       
1.781189e+003       2.369784e+000       
1.786880e+003       2.369784e+000       
1.792571e+003       2.369784e+000       
1.798261e+003       2.369784e+000       
1.803952e+003       2.369784e+000       
1.809643e+003       2.369784e+000       
1.815333e+003       2.369784e+000       
1.821024e+003       2.369784e+000       
1.826715e+003       2.369784e+000       
1.832405e+003       2.369784e+000       
1.838096e+003       2.369784e+000       
1.843787e+003       2.369784e+000       
1.849477e+003       2.369784e+000       
1.855168e+003       2.369784e+000       
1.860859e+003       2.369784e+000       
1.866549e+003       2.369784e+000       
1.872240e+003       2.369784e+000       
1.877931e+003       2.369784e+000       
1.883621e+003       2.369784e+000       
1.889312e+003       2.369784e+000       
1.895003e+003       2.369784e+000       
1.900693e+003       2.369784e+000       
1.906384e+003       2.369784e+000       
1.912075e+003       2.369784e+000       
1.917766e+003       2.369784e+000       
1.923456e+003       2.369784e+000       
1.929147e+003       2.369784e+000       
1.934838e+003       2.369784e+000       
1.940528e+003       2.369784e+000       
1.946219e+003       2.369784e+000       
1.951910e+003       2.369784e+000       
1.957600e+003       2.369784e+000       
1.963291e+003       2.369784e+000       
1.968982e+003       2.369784e+000       
1.974672e+003       2.369784e+000       
1.980363e+003       2.369784e+000       
1.986054e+003       2.369784e+000       
1.991744e+003       2.369784e+000       
1.997435e+003       2.369784e+000       
2.003126e+003       2.369784e+000       
2.008816e+003       2.369784e+000       
2.014507e+003       2.369784e+000       
2.020198e+003       2.369784e+000       
2.025888e+003       2.369784e+000       
2.031579e+003       2.369784e+000       
2.037270e+003       2.369784e+000       
2.042960e+003       2.369784e+000       
2.048651e+003       2.369784e+000       
2.054342e+003       2.369784e+000       
2.060032e+003       2.369784e+000       
2.065723e+003       2.369784e+000       
2.071414e+003       2.369784e+000       
2.077104e+003       2.369784e+000       
2.082795e+003       2.369784e+000       
2.088486e+003       2.369784e+000       
2.094177e+003       2.369784e+000       
2.099867e+003       2.369784e+000       
2.105558e+003       2.369784e+000       
2.111249e+003       2.369784e+000       
2.116939e+003       2.369784e+000       
2.122630e+003       2.369784e+000       
2.128321e+003       2.369784e+000       
2.134011e+003       2.369784e+000       
2.139702e+003       2.369784e+000       
2.145393e+003       2.369784e+000       
2.151083e+003       2.369784e+000       
2.156774e+003       2.369784e+000       
2.162465e+003       2.369784e+000       
2.168155e+003       2.369784e+000       
2.173846e+003       2.369784e+000       
2.179537e+003       2.369784e+000       
2.185227e+003       2.369784e+000       
2.190918e+003       2.369784e+000       
2.196609e+003       2.369784e+000       
2.202299e+003       2.369784e+000       
2.207990e+003       2.369784e+000       
2.213681e+003       2.369784e+000       
2.219371e+003       2.369784e+000       
2.225062e+003       2.369784e+000       
2.230753e+003       2.369784e+000       
2.236443e+003       2.369784e+000       
2.242134e+003       2.369784e+000       
2.247825e+003       2.369784e+000       
2.253515e+003       2.369784e+000       
2.259206e+003       2.369784e+000       
2.264897e+003       2.369784e+000       
2.270587e+003       2.369784e+000       
2.276278e+003       2.369784e+000       
2.281969e+003       2.369784e+000       
2.287659e+003       2.369784e+000       
2.293350e+003       2.369784e+000       
2.299041e+003       2.369784e+000       
2.304731e+003       2.369784e+000       
2.310422e+003       2.369784e+000       
2.316113e+003       2.369784e+000       
2.321803e+003       2.369784e+000       
2.327494e+003       2.369784e+000       
2.333185e+003       2.369784e+000       
2.338875e+003       2.369784e+000       
2.344566e+003       2.369784e+000       
2.350257e+003       2.369784e+000       
2.355948e+003       2.369784e+000       
2.361638e+003       2.369784e+000       
2.367329e+003       2.369784e+000       
2.373020e+003       2.369784e+000       
2.378710e+003       2.369784e+000       
2.384401e+003       2.369784e+000       
2.390092e+003       2.369784e+000       
2.395782e+003       2.369784e+000       
2.401473e+003       2.369784e+000       
2.407164e+003       2.369784e+000       
2.412854e+003       2.369784e+000       
2.418545e+003       2.369784e+000       
2.424236e+003       2.369784e+000       
2.429926e+003       2.369784e+000       
2.435617e+003       2.369784e+000       
2.441308e+003       2.369784e+000       
2.446998e+003       2.369784e+000       
2.452689e+003       2.369784e+000       
2.458380e+003       2.369784e+000       
2.464070e+003       2.369784e+000       
2.469761e+003       2.369784e+000       
2.475452e+003       2.369784e+000       
2.481142e+003       2.369784e+000       
2.486833e+003       2.369784e+000       
2.492524e+003       2.369784e+000       
2.498214e+003       2.369784e+000       
2.503905e+003       2.369784e+000       
2.509596e+003       2.369784e+000       
2.515286e+003       2.369784e+000       
2.520977e+003       2.369784e+000       
2.526668e+003       2.369784e+000       
2.532358e+003       2.369784e+000       
2.538049e+003       2.369784e+000       
2.543740e+003       2.369784e+000       
2.549430e+003       2.369784e+000       
2.555121e+003       2.369784e+000       
2.560812e+003       2.369784e+000       
2.566502e+003       2.369784e+000       
2.572193e+003       2.369784e+000       
2.577884e+003       2.369784e+000       
2.583574e+003       2.369784e+000       
2.589265e+003       2.369784e+000       
2.594956e+003       2.369784e+000       
2.600646e+003       2.369784e+000       
2.606337e+003       2.369784e+000       
2.612028e+003       2.369784e+000       
2.617719e+003       2.369784e+000       
2.623409e+003       2.369784e+000       
2.629100e+003       2.369784e+000       
2.634791e+003       2.369784e+000       
2.640481e+003       2.369784e+000       
2.646172e+003       2.369784e+000       
2.651863e+003       2.369784e+000       
2.657553e+003       2.369784e+000       
2.663244e+003       2.369784e+000       
2.668935e+003       2.369784e+000       
2.674625e+003       2.369784e+000       
2.680316e+003       2.369784e+000       
2.686007e+003       2.369784e+000       
2.691697e+003       2.369784e+000       
2.697388e+003       2.369784e+000       
2.703079e+003       2.369784e+000       
2.708769e+003       2.369784e+000       
2.714460e+003       2.369784e+000       
2.720151e+003       2.369784e+000       
2.725841e+003       2.369784e+000       
2.731532e+003       2.369784e+000       
2.737223e+003       2.369784e+000       
2.742913e+003       2.369784e+000       
2.748604e+003       2.369784e+000       
2.754295e+003       2.369784e+000       
2.759985e+003       2.369784e+000       
2.765676e+003       2.369784e+000       
2.771367e+003       2.369784e+000       
2.777057e+003       2.369784e+000       
2.782748e+003       2.369784e+000       
2.788439e+003       2.369784e+000       
2.794129e+003       2.369784e+000       
2.799820e+003       2.369784e+000       
2.805511e+003       2.369784e+000       
2.811201e+003       2.369784e+000       
2.816892e+003       2.369784e+000       
2.822583e+003       2.369784e+000       
2.828273e+003       2.369784e+000       
2.833964e+003       2.369784e+000       
2.839655e+003       2.369784e+000       
2.845345e+003       2.369784e+000       
2.851036e+003       2.369784e+000       
2.856727e+003       2.369784e+000       
2.862417e+003       2.369784e+000       
2.868108e+003       2.369784e+000       
2.873799e+003       2.369784e+000       
2.879490e+003       2.369784e+000       
2.885180e+003       2.369784e+000       
2.890871e+003       2.369784e+000       
2.896562e+003       2.369784e+000       
2.902252e+003       2.369784e+000       
2.907943e+003       2.369784e+000       

Retract Data
0.000000e+000       2.369784e+000       
5.690710e+000       2.369784e+000       
1.138142e+001       2.369784e+000       
1.707213e+001       2.369784e+000       
2.276284e+001       2.369784e+000       
2.845355e+001       2.369784e+000       
3.414426e+001       2.369784e+000       
3.983496e+001       2.369784e+000       
4.552567e+001       2.369784e+000       
5.121638e+001       2.369784e+000       
5.690709e+001       2.369784e+000       
6.259780e+001       2.369784e+000       
6.828851e+001       2.369784e+000       
7.397922e+001       2.369784e+000       
7.966993e+001       2.369784e+000       
8.536064e+001       2.369784e+000       
9.105135e+001       2.369784e+000       
9.674207e+001       2.369784e+000       
1.024328e+002       2.369784e+000       
1.081235e+002       2.369784e+000       
1.138142e+002       2.369784e+000       
1.195049e+002       2.369784e+000       
1.251956e+002       2.369784e+000       
1.308863e+002       2.369784e+000       
1.365770e+002       2.369784e+000       
1.422677e+002       2.369784e+000       
1.479585e+002       2.369784e+000       
1.536492e+002       2.369784e+000       
1.593399e+002       2.369784e+000       
1.650306e+002       2.369784e+000       
1.707213e+002       2.369784e+000       
1.764120e+002       2.369784e+000       
1.821027e+002       2.369784e+000       
1.877934e+002       2.369784e+000       
1.934841e+002       2.369784e+000       
1.991748e+002       2.369784e+000       
2.048655e+002       2.369784e+000       
2.105562e+002       2.369784e+000       
2.162469e+002       2.369784e+000       
2.219376e+002       2.369784e+000       
2.276283e+002       2.369784e+000       
2.333190e+002       2.369784e+000       
2.390097e+002       2.369784e+000       
2.447004e+002       2.369784e+000       
2.503911e+002       2.369784e+000       
2.560818e+002       2.369784e+000       
2.617726e+002       2.369784e+000       
2.674633e+002       2.369784e+000       
2.731540e+002       2.369784e+000       
2.788447e+002       2.369784e+000       
2.845354e+002       2.369784e+000       
2.902261e+002       2.369784e+000       
2.959168e+002       2.369784e+000       
3.016075e+002       2.369784e+000       
3.072982e+002       2.369784e+000       
3.129889e+002       2.369784e+000       
3.186796e+002       2.369784e+000       
3.243703e+002       2.369784e+000       
3.300610e+002       2.369784e+000       
3.357517e+002       2.369784e+000       
3.414424e+002       2.369784e+000       
3.471331e+002       2.369784e+000       
3.528238e+002       2.369784e+000       
3.585145e+002       2.369784e+000       
3.642052e+002       2.369784e+000       
3.698959e+002       2.369784e+000       
3.755866e+002       2.369784e+000       
3.812773e+002       2.369784e+000       
3.869680e+002       2.369784e+000       
3.926588e+002       2.369784e+000       
3.983495e+002       2.369784e+000       
4.040402e+002       2.369784e+000       
4.097309e+002       2.369784e+000       
4.154216e+002       2.369784e+000       
4.211123e+002       2.369784e+000       
4.268030e+002       2.369784e+000       
4.324937e+002       2.369784e+000       
4.381844e+002       2.369784e+000       
4.438751e+002       2.369784e+000       
4.495658e+002       2.369784e+000       
4.552565e+002       2.369784e+000       
4.609472e+002       2.369784e+000       
4.666379e+002       2.369784e+000       
4.723286e+002       2.369784e+000       
4.780193e+002       2.369784e+000       
4.837100e+002       2.369784e+000       
4.894007e+002       2.369784e+000       
4.950914e+002       2.369784e+000       
5.007821e+002       2.369784e+000       
5.064728e+002       2.369784e+000       
5.121636e+002       2.369784e+000       
5.178543e+002       2.369784e+000       
5.235450e+002       2.369784e+000       
5.292358e+002       2.369784e+000       
5.349265e+002       2.369784e+000       
5.406172e+002       2.369784e+000       
5.463080e+002       2.369784e+000       
5.519987e+002       2.369784e+000       
5.576895e+002       2.369784e+000       
5.633802e+002       2.369784e+000       
5.690709e+002       2.369784e+000       
5.747617e+002       2.369784e+000       
5.804524e+002       2.369784e+000       
5.861431e+002       2.369784e+000       
5.918339e+002       2.369784e+000       
5.975246e+002       2.369784e+000       
6.032153e+002       2.369784e+000       
6.089061e+002       2.369784e+000       
6.145968e+002       2.369784e+000       
6.202875e+002       2.369784e+000       
6.259783e+002       2.369784e+000       
6.316690e+002       2.369784e+000       
6.373597e+002       2.369784e+000       
6.430505e+002       2.369784e+000       
6.487412e+002       2.369784e+000       
6.544319e+002       2.369784e+000       
6.601227e+002       2.369784e+000       
6.658134e+002       2.369784e+000       
6.715042e+002       2.369784e+000       
6.771949e+002       2.369784e+000       
6.828856e+002       2.369784e+000       
6.885764e+002       2.369784e+000       
6.942671e+002       2.369784e+000       
6.999578e+002       2.369784e+000       
7.056486e+002       2.369784e+000       
7.113393e+002       2.369784e+000       
7.170300e+002       2.369784e+000       
7.227208e+002       2.369784e+000       
7.284115e+002       2.369784e+000       
7.341022e+002       2.369784e+000       
7.397930e+002       2.369784e+000       
7.454837e+002       2.369784e+000       
7.511744e+002       2.369784e+000       
7.568652e+002       2.369784e+000       
7.625559e+002       2.369784e+000       
7.682466e+002       2.369784e+000       
7.739374e+002       2.369784e+000       
7.796281e+002       2.369784e+000       
7.853188e+002       2.369784e+000       
7.910096e+002       2.369784e+000       
7.967003e+002       2.369784e+000       
8.023911e+002       2.369784e+000       
8.080818e+002       2.369784e+000       
8.137725e+002       2.369784e+000       
8.194633e+002       2.369784e+000       
8.251540e+002       2.369784e+000       
8.308447e+002       2.369784e+000       
8.365355e+002       2.369784e+000       
8.422262e+002       2.369784e+000       
8.479169e+002       2.369784e+000       
8.536077e+002       2.369784e+000       
8.592984e+002       2.369784e+000       
8.649891e+002       2.369784e+000       
8.706799e+002       2.369784e+000       
8.763706e+002       2.369784e+000       
8.820613e+002       2.369784e+000       
8.877521e+002       2.369784e+000       
8.934428e+002       2.369784e+000       
8.991335e+002       2.369784e+000       
9.048243e+002       2.369784e+000       
9.105150e+002       2.369784e+000       
9.162057e+002       2.369784e+000       
9.218965e+002       2.369784e+000       
9.275872e+002       2.369784e+000       
9.332780e+002       2.369784e+000       
9.389687e+002       2.369784e+000       
9.446594e+002       2.369784e+000       
9.503502e+002       2.369784e+000       
9.560409e+002       2.369784e+000       
9.617316e+002       2.369784e+000       
9.674224e+002       2.369784e+000       
9.731131e+002       2.369784e+000       
9.788038e+002       2.369784e+000       
9.844946e+002       2.369784e+000       
9.901853e+002       2.369784e+000       
9.958760e+002       2.369784e+000       
1.001567e+003       2.369784e+000       
1.007258e+003       2.369784e+000       
1.012948e+003       2.369784e+000       
1.018639e+003       2.369784e+000       
1.024330e+003       2.369784e+000       
1.030020e+003       2.369784e+000       
1.035711e+003       2.369784e+000       
1.041402e+003       2.369784e+000       
1.047092e+003       2.369784e+000       
1.052783e+003       2.369784e+000       
1.058474e+003       2.369784e+000       
1.064164e+003       2.369784e+000       
1.069855e+003       2.369784e+000       
1.075546e+003       2.369784e+000       
1.081236e+003       2.369784e+000       
1.086927e+003       2.369784e+000       
1.092618e+003       2.369784e+000       
1.098308e+003       2.369784e+000       
1.103999e+003       2.369784e+000       
1.109690e+003       2.369784e+000       
1.115380e+003       2.369784e+000       
1.121071e+003       2.369784e+000       
1.126762e+003       2.369784e+000       
1.132453e+003       2.369784e+000       
1.138143e+003       2.369784e+000       
1.143834e+003       2.369784e+000       
1.149525e+003       2.369784e+000       
1.155215e+003       2.369784e+000       
1.160906e+003       2.369784e+000       
1.166597e+003       2.369784e+000       
1.172287e+003       2.369784e+000       
1.177978e+003       2.369784e+000       
1.183669e+003       2.369784e+000       
1.189359e+003       2.369784e+000       
1.195050e+003       2.369784e+000       
1.200741e+003       2.369784e+000       
1.206431e+003       2.369784e+000       
1.212122e+003       2.369784e+000       
1.217813e+003       2.369784e+000       
1.223503e+003       2.369784e+000       
1.229194e+003       2.369784e+000       
1.234885e+003       2.369784e+000       
1.240575e+003       2.369784e+000       
1.246266e+003       2.369784e+000       
1.251957e+003       2.369784e+000       
1.257647e+003       2.369784e+000       
1.263338e+003       2.369784e+000       
1.269029e+003       2.369784e+000       
1.274719e+003       2.369784e+000       
1.280410e+003       2.369784e+000       
1.286101e+003       2.369784e+000       
1.291791e+003       2.369784e+000       
1.297482e+003       2.369784e+000       
1.303173e+003       2.369784e+000       
1.308863e+003       2.369784e+000       
1.314554e+003       2.369784e+000       
1.320245e+003       2.369784e+000       
1.325935e+003       2.369784e+000       
1.331626e+003       2.369784e+000       
1.337317e+003       2.369784e+000       
1.343007e+003       2.369784e+000       
1.348698e+003       2.369784e+000       
1.354389e+003       2.369784e+000       
1.360079e+003       2.369784e+000       
1.365770e+003       2.369784e+000       
1.371461e+003       2.369784e+000       
1.377151e+003       2.369784e+000       
1.382842e+003       2.369784e+000       
1.388533e+003       2.369784e+000       
1.394224e+003       2.369784e+000       
1.399914e+003       2.369784e+000       
1.405605e+003       2.369784e+000       
1.411296e+003       2.369784e+000       
1.416986e+003       2.369784e+000       
1.422677e+003       2.369784e+000       
1.428368e+003       2.369784e+000       
1.434058e+003       2.369784e+000       
1.439749e+003       2.369784e+000       
1.445440e+003       2.369784e+000       
1.451130e+003       2.351920e+000       
1.456821e+003       2.218477e+000       
1.462512e+003       2.028692e+000       
1.468202e+003       1.838689e+000       
1.473893e+003       1.633788e+000       
1.479584e+003       1.417459e+000       
1.485274e+003       1.191438e+000       
1.490965e+003       9.614388e-001       
1.496656e+003       7.262324e-001       
1.502346e+003       4.905920e-001       
1.508037e+003       2.490932e-001       
1.513728e+003       1.301881e-002       
1.519418e+003       -2.265272e-001      
1.525109e+003       -4.687493e-001      
1.530800e+003       -8.860021e-002      
1.536490e+003       6.672862e-001       
1.542181e+003       6.816068e-001       
1.547872e+003       6.926728e-001       
1.553562e+003       7.071381e-001       
1.559253e+003       7.184211e-001       
1.564944e+003       7.315845e-001       
1.570634e+003       7.456883e-001       
1.576325e+003       7.612385e-001       
1.582016e+003       7.720875e-001       
1.587706e+003       7.872761e-001       
1.593397e+003       7.991377e-001       
1.599088e+003       8.119395e-001       
1.604778e+003       8.239458e-001       
1.610469e+003       8.348671e-001       
1.616160e+003       8.401470e-001       
1.621850e+003       8.482475e-001       
1.627541e+003       8.538890e-001       
1.633232e+003       8.546123e-001       
1.638922e+003       8.568544e-001       
1.644613e+003       8.543953e-001       
1.650304e+003       8.509960e-001       
1.655995e+003       8.417382e-001       
1.661685e+003       8.358073e-001       
1.667376e+003       8.238735e-001       
1.673067e+003       8.128074e-001       
1.678757e+003       7.985591e-001       
1.684448e+003       7.851064e-001       
1.690139e+003       7.692668e-001       
1.695829e+003       7.542952e-001       
1.701520e+003       7.395405e-001       
1.707211e+003       7.238456e-001       
1.712901e+003       7.101759e-001       
1.718592e+003       6.945533e-001       
1.724283e+003       6.847892e-001       
1.729973e+003       6.682987e-001       
1.735664e+003       6.612830e-001       
1.741355e+003       6.511573e-001       
1.747045e+003       6.428397e-001       
1.752736e+003       6.383554e-001       
1.758427e+003       6.319184e-001       
1.764117e+003       6.289530e-001       
1.769808e+003       6.266385e-001       
1.775499e+003       6.262046e-001       
1.781189e+003       6.275788e-001       
1.786880e+003       6.311228e-001       
1.792571e+003       6.358963e-001       
1.798261e+003       6.437076e-001       
1.803952e+003       6.490598e-001       
1.809643e+003       6.591132e-001       
1.815333e+003       6.674308e-001       
1.821024e+003       6.761823e-001       
1.826715e+003       6.865973e-001       
1.832405e+003       6.983866e-001       
1.838096e+003       7.101759e-001       
1.843787e+003       7.224714e-001       
1.849477e+003       7.321632e-001       
1.855168e+003       7.449650e-001       
1.860859e+003       7.557417e-001       
1.866549e+003       7.664461e-001       
1.872240e+003       7.743297e-001       
1.877931e+003       7.870591e-001       
1.883621e+003       7.967509e-001       
1.889312e+003       8.052855e-001       
1.895003e+003       8.154112e-001       
1.900693e+003       8.234395e-001       
1.906384e+003       8.290809e-001       
1.912075e+003       8.363860e-001       
1.917766e+003       8.389897e-001       
1.923456e+003       8.446312e-001       
1.929147e+003       8.462947e-001       
1.934838e+003       8.439803e-001       
1.940528e+003       8.426784e-001       
1.946219e+003       8.384111e-001       
1.951910e+003       8.332036e-001       
1.957600e+003       8.275621e-001       
1.963291e+003       8.185936e-001       
1.968982e+003       8.077446e-001       
1.974672e+003       7.968956e-001       
1.980363e+003       7.830812e-001       
1.986054e+003       7.675309e-001       
1.991744e+003       7.548738e-001       
1.997435e+003       7.410594e-001       
2.003126e+003       7.242796e-001       
2.008816e+003       7.113331e-001       
2.014507e+003       6.982419e-001       
2.020198e+003       6.839936e-001       
2.025888e+003       6.710472e-001       
2.031579e+003       6.607044e-001       
2.037270e+003       6.500000e-001       
2.042960e+003       6.429844e-001       
2.048651e+003       6.372706e-001       
2.054342e+003       6.329309e-001       
2.060032e+003       6.301826e-001       
2.065723e+003       6.270002e-001       
2.071414e+003       6.282297e-001       
2.077104e+003       6.293870e-001       
2.082795e+003       6.327140e-001       
2.088486e+003       6.385725e-001       
2.094177e+003       6.440693e-001       
2.099867e+003       6.518082e-001       
2.105558e+003       6.594025e-001       
2.111249e+003       6.677201e-001       
2.116939e+003       6.758207e-001       
2.122630e+003       6.860911e-001       
2.128321e+003       6.978803e-001       
2.134011e+003       7.087293e-001       
2.139702e+003       7.182764e-001       
2.145393e+003       7.273173e-001       
2.151083e+003       7.376600e-001       
2.156774e+003       7.474964e-001       
2.162465e+003       7.567543e-001       
2.168155e+003       7.685435e-001       
2.173846e+003       7.765718e-001       
2.179537e+003       7.859019e-001       
2.185227e+003       7.953044e-001       
2.190918e+003       8.026094e-001       
2.196609e+003       8.071660e-001       
2.202299e+003       8.151219e-001       
2.207990e+003       8.203294e-001       
2.213681e+003       8.211250e-001       
2.219371e+003       8.238735e-001       
2.225062e+003       8.249583e-001       
2.230753e+003       8.252476e-001       
2.236443e+003       8.259709e-001       
2.242134e+003       8.230779e-001       
2.247825e+003       8.173640e-001       
2.253515e+003       8.130968e-001       
2.259206e+003       8.057194e-001       
2.264897e+003       7.964616e-001       
2.270587e+003       7.857572e-001       
2.276278e+003       7.781630e-001       
2.281969e+003       7.655782e-001       
2.287659e+003       7.551631e-001       
2.293350e+003       7.421443e-001       
2.299041e+003       7.278236e-001       
2.304731e+003       7.150941e-001       
2.310422e+003       7.004117e-001       
2.316113e+003       6.855848e-001       
2.321803e+003       6.758207e-001       
2.327494e+003       6.617893e-001       
2.333185e+003       6.520252e-001       
2.338875e+003       6.424781e-001       
2.344566e+003       6.351008e-001       
2.350257e+003       6.285914e-001       
2.355948e+003       6.242517e-001       
2.361638e+003       6.207078e-001       
2.367329e+003       6.202738e-001       
2.373020e+003       6.228052e-001       
2.378710e+003       6.245410e-001       
2.384401e+003       6.301826e-001       
2.390092e+003       6.359687e-001       
2.395782e+003       6.437799e-001       
2.401473e+003       6.520252e-001       
2.407164e+003       6.616446e-001       
2.412854e+003       6.726383e-001       
2.418545e+003       6.842829e-001       
2.424236e+003       6.973740e-001       
2.429926e+003       7.067042e-001       
2.435617e+003       7.199399e-001       
2.441308e+003       7.313676e-001       
2.446998e+003       7.432292e-001       
2.452689e+003       7.554524e-001       
2.458380e+003       7.651442e-001       
2.464070e+003       7.735341e-001       
2.469761e+003       7.825026e-001       
2.475452e+003       7.906755e-001       
2.481142e+003       7.976912e-001       
2.486833e+003       8.052132e-001       
2.492524e+003       8.096251e-001       
2.498214e+003       8.135307e-001       
2.503905e+003       8.149773e-001       
2.509596e+003       8.177980e-001       
2.515286e+003       8.185213e-001       
2.520977e+003       8.208357e-001       
2.526668e+003       8.183043e-001       
2.532358e+003       8.173640e-001       
2.538049e+003       8.141817e-001       
2.543740e+003       8.096974e-001       
2.549430e+003       8.052132e-001       
2.555121e+003       7.987037e-001       
2.560812e+003       7.914711e-001       
2.566502e+003       7.809114e-001       
2.572193e+003       7.713643e-001       
2.577884e+003       7.629020e-001       
2.583574e+003       7.529209e-001       
2.589265e+003       7.402638e-001       
2.594956e+003       7.290531e-001       
2.600646e+003       7.165406e-001       
2.606337e+003       7.033772e-001       
2.612028e+003       6.940470e-001       
2.617719e+003       6.832703e-001       
2.623409e+003       6.736509e-001       
2.629100e+003       6.648270e-001       
2.634791e+003       6.562201e-001       
2.640481e+003       6.503617e-001       
2.646172e+003       6.426951e-001       
2.651863e+003       6.368366e-001       
2.657553e+003       6.355347e-001       
2.663244e+003       6.325693e-001       
2.668935e+003       6.315567e-001       
2.674625e+003       6.332926e-001       
2.680316e+003       6.355347e-001       
2.686007e+003       6.383554e-001       
2.691697e+003       6.430567e-001       
2.697388e+003       6.500000e-001       
2.703079e+003       6.574497e-001       
2.708769e+003       6.669968e-001       
2.714460e+003       6.771226e-001       
2.720151e+003       6.892735e-001       
2.725841e+003       7.025092e-001       
2.731532e+003       7.129966e-001       
2.737223e+003       7.284022e-001       
2.742913e+003       7.415656e-001       
2.748604e+003       7.538612e-001       
2.754295e+003       7.646379e-001       
2.759985e+003       7.775120e-001       
2.765676e+003       7.869868e-001       
2.771367e+003       7.955937e-001       
2.777057e+003       8.052855e-001       
2.782748e+003       8.128074e-001       
2.788439e+003       8.168578e-001       
2.794129e+003       8.218483e-001       
2.799820e+003       8.237288e-001       
2.805511e+003       8.250307e-001       
2.811201e+003       8.249583e-001       
2.816892e+003       8.230779e-001       
2.822583e+003       8.205464e-001       
2.828273e+003       8.170024e-001       
2.833964e+003       8.087572e-001       
2.839655e+003       8.044176e-001       
2.845345e+003       7.964616e-001       
2.851036e+003       7.881441e-001       
2.856727e+003       7.776567e-001       
2.862417e+003       7.700624e-001       
2.868108e+003       7.584178e-001       
2.873799e+003       7.460499e-001       
2.879490e+003       7.388172e-001       
2.885180e+003       7.281129e-001       
2.890871e+003       7.164683e-001       
2.896562e+003       7.053300e-001       
2.902252e+003       6.968678e-001       
2.907943e+003       6.887672e-001       
