Calculated Z (nm)   Deflection (V)      
Extend Data
0.000000e+000       6.829087e-001       
5.690710e+000       6.893458e-001       
1.138142e+001       6.993269e-001       
1.707213e+001       7.077168e-001       
2.276284e+001       7.165406e-001       
2.845355e+001       7.240626e-001       
3.414426e+001       7.349839e-001       
3.983496e+001       7.444587e-001       
4.552567e+001       7.527763e-001       
5.121638e+001       7.621788e-001       
5.690709e+001       7.716536e-001       
6.259780e+001       7.799711e-001       
6.828851e+001       7.877824e-001       
7.397922e+001       7.952321e-001       
7.966993e+001       8.027540e-001       
8.536064e+001       8.112886e-001       
9.105135e+001       8.128074e-001       
9.674207e+001       8.188106e-001       
1.024328e+002       8.204018e-001       
1.081235e+002       8.192446e-001       
1.138142e+002       8.223546e-001       
1.195049e+002       8.214144e-001       
1.251956e+002       8.193169e-001       
1.308863e+002       8.170024e-001       
1.365770e+002       8.109993e-001       
1.422677e+002       8.057918e-001       
1.479585e+002       7.993547e-001       
1.536492e+002       7.913988e-001       
1.593399e+002       7.818516e-001       
1.650306e+002       7.727385e-001       
1.707213e+002       7.608769e-001       
1.764120e+002       7.493770e-001       
1.821027e+002       7.410594e-001       
1.877934e+002       7.284745e-001       
1.934841e+002       7.182041e-001       
1.991748e+002       7.037388e-001       
2.048655e+002       6.936131e-001       
2.105562e+002       6.821131e-001       
2.162469e+002       6.727107e-001       
2.219376e+002       6.623679e-001       
2.276283e+002       6.528208e-001       
2.333190e+002       6.459498e-001       
2.390097e+002       6.400190e-001       
2.447004e+002       6.358240e-001       
2.503911e+002       6.320630e-001       
2.560818e+002       6.303995e-001       
2.617726e+002       6.315567e-001       
2.674633e+002       6.316290e-001       
2.731540e+002       6.336542e-001       
2.788447e+002       6.382831e-001       
2.845354e+002       6.434907e-001       
2.902261e+002       6.463837e-001       
2.959168e+002       6.528208e-001       
3.016075e+002       6.604151e-001       
3.072982e+002       6.713364e-001       
3.129889e+002       6.797263e-001       
3.186796e+002       6.884055e-001       
3.243703e+002       6.991099e-001       
3.300610e+002       7.086570e-001       
3.357517e+002       7.210972e-001       
3.414424e+002       7.286915e-001       
3.471331e+002       7.407700e-001       
3.528238e+002       7.511851e-001       
3.585145e+002       7.621788e-001       
3.642052e+002       7.691945e-001       
3.698959e+002       7.770057e-001       
3.755866e+002       7.872761e-001       
3.812773e+002       7.940748e-001       
3.869680e+002       7.994993e-001       
3.926588e+002       8.072383e-001       
3.983495e+002       8.102760e-001       
4.040402e+002       8.149773e-001       
4.097309e+002       8.146156e-001       
4.154216e+002       8.170024e-001       
4.211123e+002       8.164961e-001       
4.268030e+002       8.183766e-001       
4.324937e+002       8.151942e-001       
4.381844e+002       8.130245e-001       
4.438751e+002       8.087572e-001       
4.495658e+002       8.044899e-001       
4.552565e+002       8.003672e-001       
4.609472e+002       7.925560e-001       
4.666379e+002       7.834428e-001       
4.723286e+002       7.778013e-001       
4.780193e+002       7.691221e-001       
4.837100e+002       7.595750e-001       
4.894007e+002       7.488707e-001       
4.950914e+002       7.391789e-001       
5.007821e+002       7.268834e-001       
5.064728e+002       7.150218e-001       
5.121636e+002       7.059086e-001       
5.178543e+002       6.928174e-001       
5.235450e+002       6.797987e-001       
5.292358e+002       6.697453e-001       
5.349265e+002       6.601981e-001       
5.406172e+002       6.493491e-001       
5.463080e+002       6.406699e-001       
5.519987e+002       6.324970e-001       
5.576895e+002       6.273618e-001       
5.633802e+002       6.225882e-001       
5.690709e+002       6.203461e-001       
5.747617e+002       6.194782e-001       
5.804524e+002       6.204908e-001       
5.861431e+002       6.224436e-001       
5.918339e+002       6.276511e-001       
5.975246e+002       6.335819e-001       
6.032153e+002       6.416825e-001       
6.089061e+002       6.502171e-001       
6.145968e+002       6.603428e-001       
6.202875e+002       6.699622e-001       
6.259783e+002       6.807389e-001       
6.316690e+002       6.920942e-001       
6.373597e+002       7.046790e-001       
6.430505e+002       7.192891e-001       
6.487412e+002       7.338267e-001       
6.544319e+002       7.472072e-001       
6.601227e+002       7.589964e-001       
6.658134e+002       7.689775e-001       
6.715042e+002       7.796818e-001       
6.771949e+002       7.890843e-001       
6.828856e+002       7.976189e-001       
6.885764e+002       8.020308e-001       
6.942671e+002       8.108546e-001       
6.999578e+002       8.150496e-001       
7.056486e+002       8.181596e-001       
7.113393e+002       8.227885e-001       
7.170300e+002       8.226439e-001       
7.227208e+002       8.213420e-001       
7.284115e+002       8.223546e-001       
7.341022e+002       8.199678e-001       
7.397930e+002       8.158452e-001       
7.454837e+002       8.114333e-001       
7.511744e+002       8.073829e-001       
7.568652e+002       8.007289e-001       
7.625559e+002       7.944365e-001       
7.682466e+002       7.866975e-001       
7.739374e+002       7.766441e-001       
7.796281e+002       7.692668e-001       
7.853188e+002       7.608769e-001       
7.910096e+002       7.511128e-001       
7.967003e+002       7.427229e-001       
8.023911e+002       7.315122e-001       
8.080818e+002       7.234840e-001       
8.137725e+002       7.127796e-001       
8.194633e+002       7.022923e-001       
8.251540e+002       6.939024e-001       
8.308447e+002       6.836320e-001       
8.365355e+002       6.737232e-001       
8.422262e+002       6.684434e-001       
8.479169e+002       6.562925e-001       
8.536077e+002       6.483365e-001       
8.592984e+002       6.436353e-001       
8.649891e+002       6.391510e-001       
8.706799e+002       6.339436e-001       
8.763706e+002       6.300379e-001       
8.820613e+002       6.293870e-001       
8.877521e+002       6.275064e-001       
8.934428e+002       6.287360e-001       
8.991335e+002       6.306888e-001       
9.048243e+002       6.369089e-001       
9.105150e+002       6.426227e-001       
9.162057e+002       6.494215e-001       
9.218965e+002       6.594748e-001       
9.275872e+002       6.698899e-001       
9.332780e+002       6.815345e-001       
9.389687e+002       6.926005e-001       
9.446594e+002       7.085124e-001       
9.503502e+002       7.198676e-001       
9.560409e+002       7.330311e-001       
9.617316e+002       7.464839e-001       
9.674224e+002       7.608045e-001       
9.731131e+002       7.763548e-001       
9.788038e+002       7.866975e-001       
9.844946e+002       7.984145e-001       
9.901853e+002       8.109993e-001       
9.958760e+002       8.204018e-001       
1.001567e+003       8.282130e-001       
1.007258e+003       8.334929e-001       
1.012948e+003       8.368199e-001       
1.018639e+003       8.401470e-001       
1.024330e+003       8.414488e-001       
1.030020e+003       8.407255e-001       
1.035711e+003       8.375432e-001       
1.041402e+003       8.350841e-001       
1.047092e+003       8.307445e-001       
1.052783e+003       8.257539e-001       
1.058474e+003       8.190999e-001       
1.064164e+003       8.118672e-001       
1.069855e+003       8.044176e-001       
1.075546e+003       7.945088e-001       
1.081236e+003       7.863359e-001       
1.086927e+003       7.770057e-001       
1.092618e+003       7.663014e-001       
1.098308e+003       7.584178e-001       
1.103999e+003       7.482920e-001       
1.109690e+003       7.353455e-001       
1.115380e+003       7.266663e-001       
1.121071e+003       7.132136e-001       
1.126762e+003       7.021476e-001       
1.132453e+003       6.933237e-001       
1.138143e+003       6.849338e-001       
1.143834e+003       6.740125e-001       
1.149525e+003       6.639591e-001       
1.155215e+003       6.560032e-001       
1.160906e+003       6.477579e-001       
1.166597e+003       6.420441e-001       
1.172287e+003       6.354624e-001       
1.177978e+003       6.309058e-001       
1.183669e+003       6.290976e-001       
1.189359e+003       6.248304e-001       
1.195050e+003       6.264939e-001       
1.200741e+003       6.273618e-001       
1.206431e+003       6.298932e-001       
1.212122e+003       6.343052e-001       
1.217813e+003       6.409592e-001       
1.223503e+003       6.468177e-001       
1.229194e+003       6.573051e-001       
1.234885e+003       6.647547e-001       
1.240575e+003       6.743018e-001       
1.246266e+003       6.889118e-001       
1.251957e+003       6.992545e-001       
1.257647e+003       7.140092e-001       
1.263338e+003       7.271003e-001       
1.269029e+003       7.435185e-001       
1.274719e+003       7.582008e-001       
1.280410e+003       7.711473e-001       
1.286101e+003       7.831535e-001       
1.291791e+003       7.973295e-001       
1.297482e+003       8.110716e-001       
1.303173e+003       8.222823e-001       
1.308863e+003       8.311061e-001       
1.314554e+003       8.400746e-001       
1.320245e+003       8.461500e-001       
1.325935e+003       8.504173e-001       
1.331626e+003       8.520809e-001       
1.337317e+003       8.525148e-001       
1.343007e+003       8.495494e-001       
1.348698e+003       8.465117e-001       
1.354389e+003       8.416658e-001       
1.360079e+003       8.321910e-001       
1.365770e+003       8.253923e-001       
1.371461e+003       8.154112e-001       
1.377151e+003       8.007289e-001       
1.382842e+003       7.893736e-001       
1.388533e+003       7.754145e-001       
1.394224e+003       7.632636e-001       
1.399914e+003       7.495939e-001       
1.405605e+003       7.372984e-001       
1.411296e+003       7.247136e-001       
1.416986e+003       7.110438e-001       
1.422677e+003       6.984590e-001       
1.428368e+003       6.865250e-001       
1.434058e+003       6.749527e-001       
1.439749e+003       6.615723e-001       
1.445440e+003       6.550629e-001       
1.451130e+003       6.466730e-001       
1.456821e+003       6.389341e-001       
1.462512e+003       6.353900e-001       
1.468202e+003       6.295316e-001       
1.473893e+003       6.262769e-001       
1.479584e+003       5.870758e-001       
1.485274e+003       6.737955e-001       
1.490965e+003       8.945366e-001       
1.496656e+003       1.094665e+000       
1.502346e+003       1.299349e+000       
1.508037e+003       1.503166e+000       
1.513728e+003       1.701992e+000       
1.519418e+003       1.899878e+000       
1.525109e+003       2.096028e+000       
1.530800e+003       2.289140e+000       
1.536490e+003       2.369784e+000       
1.542181e+003       2.369784e+000       
1.547872e+003       2.369784e+000       
1.553562e+003       2.369784e+000       
1.559253e+003       2.369784e+000       
1.564944e+003       2.369784e+000       
1.570634e+003       2.369784e+000       
1.576325e+003       2.369784e+000       
1.582016e+003       2.369784e+000       
1.587706e+003       2.369784e+000       
1.593397e+003       2.369784e+000       
1.599088e+003       2.369784e+000       
1.604778e+003       2.369784e+000       
1.610469e+003       2.369784e+000       
1.616160e+003       2.369784e+000       
1.621850e+003       2.369784e+000       
1.627541e+003       2.369784e+000       
1.633232e+003       2.369784e+000       
1.638922e+003       2.369784e+000       
1.644613e+003       2.369784e+000       
1.650304e+003       2.369784e+000       
1.655995e+003       2.369784e+000       
1.661685e+003       2.369784e+000       
1.667376e+003       2.369784e+000       
1.673067e+003       2.369784e+000       
1.678757e+003       2.369784e+000       
1.684448e+003       2.369784e+000       
1.690139e+003       2.369784e+000       
1.695829e+003       2.369784e+000       
1.701520e+003       2.369784e+000       
1.707211e+003       2.369784e+000       
1.712901e+003       2.369784e+000       
1.718592e+003       2.369784e+000       
1.724283e+003       2.369784e+000       
1.729973e+003       2.369784e+000       
1.735664e+003       2.369784e+000       
1.741355e+003       2.369784e+000       
1.747045e+003       2.369784e+000       
1.752736e+003       2.369784e+000       
1.758427e+003       2.369784e+000       
1.764117e+003       2.369784e+000       
1.769808e+003       2.369784e+000       
1.775499e+003       2.369784e+000       
1.781189e+003       2.369784e+000       
1.786880e+003       2.369784e+000       
1.792571e+003       2.369784e+000       
1.798261e+003       2.369784e+000       
1.803952e+003       2.369784e+000       
1.809643e+003       2.369784e+000       
1.815333e+003       2.369784e+000       
1.821024e+003       2.369784e+000       
1.826715e+003       2.369784e+000       
1.832405e+003       2.369784e+000       
1.838096e+003       2.369784e+000       
1.843787e+003       2.369784e+000       
1.849477e+003       2.369784e+000       
1.855168e+003       2.369784e+000       
1.860859e+003       2.369784e+000       
1.866549e+003       2.369784e+000       
1.872240e+003       2.369784e+000       
1.877931e+003       2.369784e+000       
1.883621e+003       2.369784e+000       
1.889312e+003       2.369784e+000       
1.895003e+003       2.369784e+000       
1.900693e+003       2.369784e+000       
1.906384e+003       2.369784e+000       
1.912075e+003       2.369784e+000       
1.917766e+003       2.369784e+000       
1.923456e+003       2.369784e+000       
1.929147e+003       2.369784e+000       
1.934838e+003       2.369784e+000       
1.940528e+003       2.369784e+000       
1.946219e+003       2.369784e+000       
1.951910e+003       2.369784e+000       
1.957600e+003       2.369784e+000       
1.963291e+003       2.369784e+000       
1.968982e+003       2.369784e+000       
1.974672e+003       2.369784e+000       
1.980363e+003       2.369784e+000       
1.986054e+003       2.369784e+000       
1.991744e+003       2.369784e+000       
1.997435e+003       2.369784e+000       
2.003126e+003       2.369784e+000       
2.008816e+003       2.369784e+000       
2.014507e+003       2.369784e+000       
2.020198e+003       2.369784e+000       
2.025888e+003       2.369784e+000       
2.031579e+003       2.369784e+000       
2.037270e+003       2.369784e+000       
2.042960e+003       2.369784e+000       
2.048651e+003       2.369784e+000       
2.054342e+003       2.369784e+000       
2.060032e+003       2.369784e+000       
2.065723e+003       2.369784e+000       
2.071414e+003       2.369784e+000       
2.077104e+003       2.369784e+000       
2.082795e+003       2.369784e+000       
2.088486e+003       2.369784e+000       
2.094177e+003       2.369784e+000       
2.099867e+003       2.369784e+000       
2.105558e+003       2.369784e+000       
2.111249e+003       2.369784e+000       
2.116939e+003       2.369784e+000       
2.122630e+003       2.369784e+000       
2.128321e+003       2.369784e+000       
2.134011e+003       2.369784e+000       
2.139702e+003       2.369784e+000       
2.145393e+003       2.369784e+000       
2.151083e+003       2.369784e+000       
2.156774e+003       2.369784e+000       
2.162465e+003       2.369784e+000       
2.168155e+003       2.369784e+000       
2.173846e+003       2.369784e+000       
2.179537e+003       2.369784e+000       
2.185227e+003       2.369784e+000       
2.190918e+003       2.369784e+000       
2.196609e+003       2.369784e+000       
2.202299e+003       2.369784e+000       
2.207990e+003       2.369784e+000       
2.213681e+003       2.369784e+000       
2.219371e+003       2.369784e+000       
2.225062e+003       2.369784e+000       
2.230753e+003       2.369784e+000       
2.236443e+003       2.369784e+000       
2.242134e+003       2.369784e+000       
2.247825e+003       2.369784e+000       
2.253515e+003       2.369784e+000       
2.259206e+003       2.369784e+000       
2.264897e+003       2.369784e+000       
2.270587e+003       2.369784e+000       
2.276278e+003       2.369784e+000       
2.281969e+003       2.369784e+000       
2.287659e+003       2.369784e+000       
2.293350e+003       2.369784e+000       
2.299041e+003       2.369784e+000       
2.304731e+003       2.369784e+000       
2.310422e+003       2.369784e+000       
2.316113e+003       2.369784e+000       
2.321803e+003       2.369784e+000       
2.327494e+003       2.369784e+000       
2.333185e+003       2.369784e+000       
2.338875e+003       2.369784e+000       
2.344566e+003       2.369784e+000       
2.350257e+003       2.369784e+000       
2.355948e+003       2.369784e+000       
2.361638e+003       2.369784e+000       
2.367329e+003       2.369784e+000       
2.373020e+003       2.369784e+000       
2.378710e+003       2.369784e+000       
2.384401e+003       2.369784e+000       
2.390092e+003       2.369784e+000       
2.395782e+003       2.369784e+000       
2.401473e+003       2.369784e+000       
2.407164e+003       2.369784e+000       
2.412854e+003       2.369784e+000       
2.418545e+003       2.369784e+000       
2.424236e+003       2.369784e+000       
2.429926e+003       2.369784e+000       
2.435617e+003       2.369784e+000       
2.441308e+003       2.369784e+000       
2.446998e+003       2.369784e+000       
2.452689e+003       2.369784e+000       
2.458380e+003       2.369784e+000       
2.464070e+003       2.369784e+000       
2.469761e+003       2.369784e+000       
2.475452e+003       2.369784e+000       
2.481142e+003       2.369784e+000       
2.486833e+003       2.369784e+000       
2.492524e+003       2.369784e+000       
2.498214e+003       2.369784e+000       
2.503905e+003       2.369784e+000       
2.509596e+003       2.369784e+000       
2.515286e+003       2.369784e+000       
2.520977e+003       2.369784e+000       
2.526668e+003       2.369784e+000       
2.532358e+003       2.369784e+000       
2.538049e+003       2.369784e+000       
2.543740e+003       2.369784e+000       
2.549430e+003       2.369784e+000       
2.555121e+003       2.369784e+000       
2.560812e+003       2.369784e+000       
2.566502e+003       2.369784e+000       
2.572193e+003       2.369784e+000       
2.577884e+003       2.369784e+000       
2.583574e+003       2.369784e+000       
2.589265e+003       2.369784e+000       
2.594956e+003       2.369784e+000       
2.600646e+003       2.369784e+000       
2.606337e+003       2.369784e+000       
2.612028e+003       2.369784e+000       
2.617719e+003       2.369784e+000       
2.623409e+003       2.369784e+000       
2.629100e+003       2.369784e+000       
2.634791e+003       2.369784e+000       
2.640481e+003       2.369784e+000       
2.646172e+003       2.369784e+000       
2.651863e+003       2.369784e+000       
2.657553e+003       2.369784e+000       
2.663244e+003       2.369784e+000       
2.668935e+003       2.369784e+000       
2.674625e+003       2.369784e+000       
2.680316e+003       2.369784e+000       
2.686007e+003       2.369784e+000       
2.691697e+003       2.369784e+000       
2.697388e+003       2.369784e+000       
2.703079e+003       2.369784e+000       
2.708769e+003       2.369784e+000       
2.714460e+003       2.369784e+000       
2.720151e+003       2.369784e+000       
2.725841e+003       2.369784e+000       
2.731532e+003       2.369784e+000       
2.737223e+003       2.369784e+000       
2.742913e+003       2.369784e+000       
2.748604e+003       2.369784e+000       
2.754295e+003       2.369784e+000       
2.759985e+003       2.369784e+000       
2.765676e+003       2.369784e+000       
2.771367e+003       2.369784e+000       
2.777057e+003       2.369784e+000       
2.782748e+003       2.369784e+000       
2.788439e+003       2.369784e+000       
2.794129e+003       2.369784e+000       
2.799820e+003       2.369784e+000       
2.805511e+003       2.369784e+000       
2.811201e+003       2.369784e+000       
2.816892e+003       2.369784e+000       
2.822583e+003       2.369784e+000       
2.828273e+003       2.369784e+000       
2.833964e+003       2.369784e+000       
2.839655e+003       2.369784e+000       
2.845345e+003       2.369784e+000       
2.851036e+003       2.369784e+000       
2.856727e+003       2.369784e+000       
2.862417e+003       2.369784e+000       
2.868108e+003       2.369784e+000       
2.873799e+003       2.369784e+000       
2.879490e+003       2.369784e+000       
2.885180e+003       2.369784e+000       
2.890871e+003       2.369784e+000       
2.896562e+003       2.369784e+000       
2.902252e+003       2.369784e+000       
2.907943e+003       2.369784e+000       

Retract Data
0.000000e+000       2.369784e+000       
5.690710e+000       2.369784e+000       
1.138142e+001       2.369784e+000       
1.707213e+001       2.369784e+000       
2.276284e+001       2.369784e+000       
2.845355e+001       2.369784e+000       
3.414426e+001       2.369784e+000       
3.983496e+001       2.369784e+000       
4.552567e+001       2.369784e+000       
5.121638e+001       2.369784e+000       
5.690709e+001       2.369784e+000       
6.259780e+001       2.369784e+000       
6.828851e+001       2.369784e+000       
7.397922e+001       2.369784e+000       
7.966993e+001       2.369784e+000       
8.536064e+001       2.369784e+000       
9.105135e+001       2.369784e+000       
9.674207e+001       2.369784e+000       
1.024328e+002       2.369784e+000       
1.081235e+002       2.369784e+000       
1.138142e+002       2.369784e+000       
1.195049e+002       2.369784e+000       
1.251956e+002       2.369784e+000       
1.308863e+002       2.369784e+000       
1.365770e+002       2.369784e+000       
1.422677e+002       2.369784e+000       
1.479585e+002       2.369784e+000       
1.536492e+002       2.369784e+000       
1.593399e+002       2.369784e+000       
1.650306e+002       2.369784e+000       
1.707213e+002       2.369784e+000       
1.764120e+002       2.369784e+000       
1.821027e+002       2.369784e+000       
1.877934e+002       2.369784e+000       
1.934841e+002       2.369784e+000       
1.991748e+002       2.369784e+000       
2.048655e+002       2.369784e+000       
2.105562e+002       2.369784e+000       
2.162469e+002       2.369784e+000       
2.219376e+002       2.369784e+000       
2.276283e+002       2.369784e+000       
2.333190e+002       2.369784e+000       
2.390097e+002       2.369784e+000       
2.447004e+002       2.369784e+000       
2.503911e+002       2.369784e+000       
2.560818e+002       2.369784e+000       
2.617726e+002       2.369784e+000       
2.674633e+002       2.369784e+000       
2.731540e+002       2.369784e+000       
2.788447e+002       2.369784e+000       
2.845354e+002       2.369784e+000       
2.902261e+002       2.369784e+000       
2.959168e+002       2.369784e+000       
3.016075e+002       2.369784e+000       
3.072982e+002       2.369784e+000       
3.129889e+002       2.369784e+000       
3.186796e+002       2.369784e+000       
3.243703e+002       2.369784e+000       
3.300610e+002       2.369784e+000       
3.357517e+002       2.369784e+000       
3.414424e+002       2.369784e+000       
3.471331e+002       2.369784e+000       
3.528238e+002       2.369784e+000       
3.585145e+002       2.369784e+000       
3.642052e+002       2.369784e+000       
3.698959e+002       2.369784e+000       
3.755866e+002       2.369784e+000       
3.812773e+002       2.369784e+000       
3.869680e+002       2.369784e+000       
3.926588e+002       2.369784e+000       
3.983495e+002       2.369784e+000       
4.040402e+002       2.369784e+000       
4.097309e+002       2.369784e+000       
4.154216e+002       2.369784e+000       
4.211123e+002       2.369784e+000       
4.268030e+002       2.369784e+000       
4.324937e+002       2.369784e+000       
4.381844e+002       2.369784e+000       
4.438751e+002       2.369784e+000       
4.495658e+002       2.369784e+000       
4.552565e+002       2.369784e+000       
4.609472e+002       2.369784e+000       
4.666379e+002       2.369784e+000       
4.723286e+002       2.369784e+000       
4.780193e+002       2.369784e+000       
4.837100e+002       2.369784e+000       
4.894007e+002       2.369784e+000       
4.950914e+002       2.369784e+000       
5.007821e+002       2.369784e+000       
5.064728e+002       2.369784e+000       
5.121636e+002       2.369784e+000       
5.178543e+002       2.369784e+000       
5.235450e+002       2.369784e+000       
5.292358e+002       2.369784e+000       
5.349265e+002       2.369784e+000       
5.406172e+002       2.369784e+000       
5.463080e+002       2.369784e+000       
5.519987e+002       2.369784e+000       
5.576895e+002       2.369784e+000       
5.633802e+002       2.369784e+000       
5.690709e+002       2.369784e+000       
5.747617e+002       2.369784e+000       
5.804524e+002       2.369784e+000       
5.861431e+002       2.369784e+000       
5.918339e+002       2.369784e+000       
5.975246e+002       2.369784e+000       
6.032153e+002       2.369784e+000       
6.089061e+002       2.369784e+000       
6.145968e+002       2.369784e+000       
6.202875e+002       2.369784e+000       
6.259783e+002       2.369784e+000       
6.316690e+002       2.369784e+000       
6.373597e+002       2.369784e+000       
6.430505e+002       2.369784e+000       
6.487412e+002       2.369784e+000       
6.544319e+002       2.369784e+000       
6.601227e+002       2.369784e+000       
6.658134e+002       2.369784e+000       
6.715042e+002       2.369784e+000       
6.771949e+002       2.369784e+000       
6.828856e+002       2.369784e+000       
6.885764e+002       2.369784e+000       
6.942671e+002       2.369784e+000       
6.999578e+002       2.369784e+000       
7.056486e+002       2.369784e+000       
7.113393e+002       2.369784e+000       
7.170300e+002       2.369784e+000       
7.227208e+002       2.369784e+000       
7.284115e+002       2.369784e+000       
7.341022e+002       2.369784e+000       
7.397930e+002       2.369784e+000       
7.454837e+002       2.369784e+000       
7.511744e+002       2.369784e+000       
7.568652e+002       2.369784e+000       
7.625559e+002       2.369784e+000       
7.682466e+002       2.369784e+000       
7.739374e+002       2.369784e+000       
7.796281e+002       2.369784e+000       
7.853188e+002       2.369784e+000       
7.910096e+002       2.369784e+000       
7.967003e+002       2.369784e+000       
8.023911e+002       2.369784e+000       
8.080818e+002       2.369784e+000       
8.137725e+002       2.369784e+000       
8.194633e+002       2.369784e+000       
8.251540e+002       2.369784e+000       
8.308447e+002       2.369784e+000       
8.365355e+002       2.369784e+000       
8.422262e+002       2.369784e+000       
8.479169e+002       2.369784e+000       
8.536077e+002       2.369784e+000       
8.592984e+002       2.369784e+000       
8.649891e+002       2.369784e+000       
8.706799e+002       2.369784e+000       
8.763706e+002       2.369784e+000       
8.820613e+002       2.369784e+000       
8.877521e+002       2.369784e+000       
8.934428e+002       2.369784e+000       
8.991335e+002       2.369784e+000       
9.048243e+002       2.369784e+000       
9.105150e+002       2.369784e+000       
9.162057e+002       2.369784e+000       
9.218965e+002       2.369784e+000       
9.275872e+002       2.369784e+000       
9.332780e+002       2.369784e+000       
9.389687e+002       2.369784e+000       
9.446594e+002       2.369784e+000       
9.503502e+002       2.369784e+000       
9.560409e+002       2.369784e+000       
9.617316e+002       2.369784e+000       
9.674224e+002       2.369784e+000       
9.731131e+002       2.369784e+000       
9.788038e+002       2.369784e+000       
9.844946e+002       2.369784e+000       
9.901853e+002       2.369784e+000       
9.958760e+002       2.369784e+000       
1.001567e+003       2.369784e+000       
1.007258e+003       2.369784e+000       
1.012948e+003       2.369784e+000       
1.018639e+003       2.369784e+000       
1.024330e+003       2.369784e+000       
1.030020e+003       2.369784e+000       
1.035711e+003       2.369784e+000       
1.041402e+003       2.369784e+000       
1.047092e+003       2.369784e+000       
1.052783e+003       2.369784e+000       
1.058474e+003       2.369784e+000       
1.064164e+003       2.369784e+000       
1.069855e+003       2.369784e+000       
1.075546e+003       2.369784e+000       
1.081236e+003       2.369784e+000       
1.086927e+003       2.369784e+000       
1.092618e+003       2.369784e+000       
1.098308e+003       2.369784e+000       
1.103999e+003       2.369784e+000       
1.109690e+003       2.369784e+000       
1.115380e+003       2.369784e+000       
1.121071e+003       2.369784e+000       
1.126762e+003       2.369784e+000       
1.132453e+003       2.369784e+000       
1.138143e+003       2.369784e+000       
1.143834e+003       2.369784e+000       
1.149525e+003       2.369784e+000       
1.155215e+003       2.369784e+000       
1.160906e+003       2.369784e+000       
1.166597e+003       2.369784e+000       
1.172287e+003       2.369784e+000       
1.177978e+003       2.369784e+000       
1.183669e+003       2.369784e+000       
1.189359e+003       2.369784e+000       
1.195050e+003       2.369784e+000       
1.200741e+003       2.369784e+000       
1.206431e+003       2.369784e+000       
1.212122e+003       2.369784e+000       
1.217813e+003       2.369784e+000       
1.223503e+003       2.369784e+000       
1.229194e+003       2.369784e+000       
1.234885e+003       2.369784e+000       
1.240575e+003       2.369784e+000       
1.246266e+003       2.369784e+000       
1.251957e+003       2.369784e+000       
1.257647e+003       2.369784e+000       
1.263338e+003       2.369784e+000       
1.269029e+003       2.369784e+000       
1.274719e+003       2.369784e+000       
1.280410e+003       2.369784e+000       
1.286101e+003       2.369784e+000       
1.291791e+003       2.369784e+000       
1.297482e+003       2.369784e+000       
1.303173e+003       2.369784e+000       
1.308863e+003       2.369784e+000       
1.314554e+003       2.369784e+000       
1.320245e+003       2.369784e+000       
1.325935e+003       2.369784e+000       
1.331626e+003       2.369784e+000       
1.337317e+003       2.369784e+000       
1.343007e+003       2.369784e+000       
1.348698e+003       2.369784e+000       
1.354389e+003       2.369784e+000       
1.360079e+003       2.369784e+000       
1.365770e+003       2.369784e+000       
1.371461e+003       2.369784e+000       
1.377151e+003       2.369784e+000       
1.382842e+003       2.369784e+000       
1.388533e+003       2.369784e+000       
1.394224e+003       2.369784e+000       
1.399914e+003       2.369784e+000       
1.405605e+003       2.369784e+000       
1.411296e+003       2.369784e+000       
1.416986e+003       2.369784e+000       
1.422677e+003       2.369784e+000       
1.428368e+003       2.369784e+000       
1.434058e+003       2.369784e+000       
1.439749e+003       2.369784e+000       
1.445440e+003       2.369784e+000       
1.451130e+003       2.336876e+000       
1.456821e+003       2.170886e+000       
1.462512e+003       1.967648e+000       
1.468202e+003       1.762963e+000       
1.473893e+003       1.552565e+000       
1.479584e+003       1.348242e+000       
1.485274e+003       1.134951e+000       
1.490965e+003       9.129800e-001       
1.496656e+003       6.867420e-001       
1.502346e+003       4.631802e-001       
1.508037e+003       2.303605e-001       
1.513728e+003       -1.338044e-002      
1.519418e+003       -2.542284e-001      
1.525109e+003       -4.909537e-001      
1.530800e+003       1.447257e-001       
1.536490e+003       6.651887e-001       
1.542181e+003       6.778458e-001       
1.547872e+003       6.897798e-001       
1.553562e+003       7.007011e-001       
1.559253e+003       7.123457e-001       
1.564944e+003       7.280406e-001       
1.570634e+003       7.408424e-001       
1.576325e+003       7.551631e-001       
1.582016e+003       7.684712e-001       
1.587706e+003       7.842384e-001       
1.593397e+003       7.956660e-001       
1.599088e+003       8.091188e-001       
1.604778e+003       8.206187e-001       
1.610469e+003       8.295149e-001       
1.616160e+003       8.393514e-001       
1.621850e+003       8.460777e-001       
1.627541e+003       8.508513e-001       
1.633232e+003       8.547570e-001       
1.638922e+003       8.555526e-001       
1.644613e+003       8.541060e-001       
1.650304e+003       8.494771e-001       
1.655995e+003       8.459331e-001       
1.661685e+003       8.362413e-001       
1.667376e+003       8.256816e-001       
1.673067e+003       8.142540e-001       
1.678757e+003       8.009459e-001       
1.684448e+003       7.859743e-001       
1.690139e+003       7.716536e-001       
1.695829e+003       7.565373e-001       
1.701520e+003       7.428675e-001       
1.707211e+003       7.284022e-001       
1.712901e+003       7.130690e-001       
1.718592e+003       7.005564e-001       
1.724283e+003       6.884779e-001       
1.729973e+003       6.773396e-001       
1.735664e+003       6.653333e-001       
1.741355e+003       6.575944e-001       
1.747045e+003       6.473240e-001       
1.752736e+003       6.413208e-001       
1.758427e+003       6.339436e-001       
1.764117e+003       6.311951e-001       
1.769808e+003       6.283020e-001       
1.775499e+003       6.304718e-001       
1.781189e+003       6.307611e-001       
1.786880e+003       6.322077e-001       
1.792571e+003       6.380662e-001       
1.798261e+003       6.393681e-001       
1.803952e+003       6.462390e-001       
1.809643e+003       6.554245e-001       
1.815333e+003       6.635975e-001       
1.821024e+003       6.716981e-001       
1.826715e+003       6.804496e-001       
1.832405e+003       6.921665e-001       
1.838096e+003       7.031602e-001       
1.843787e+003       7.134306e-001       
1.849477e+003       7.264494e-001       
1.855168e+003       7.375154e-001       
1.860859e+003       7.515467e-001       
1.866549e+003       7.618895e-001       
1.872240e+003       7.707133e-001       
1.877931e+003       7.813454e-001       
1.883621e+003       7.925560e-001       
1.889312e+003       8.005843e-001       
1.895003e+003       8.099144e-001       
1.900693e+003       8.174363e-001       
1.906384e+003       8.261155e-001       
1.912075e+003       8.320464e-001       
1.917766e+003       8.341438e-001       
1.923456e+003       8.405086e-001       
1.929147e+003       8.420274e-001       
1.934838e+003       8.436909e-001       
1.940528e+003       8.410872e-001       
1.946219e+003       8.402193e-001       
1.951910e+003       8.345054e-001       
1.957600e+003       8.292256e-001       
1.963291e+003       8.209081e-001       
1.968982e+003       8.123735e-001       
1.974672e+003       8.010905e-001       
1.980363e+003       7.892290e-001       
1.986054e+003       7.763548e-001       
1.991744e+003       7.619618e-001       
1.997435e+003       7.461945e-001       
2.003126e+003       7.334651e-001       
2.008816e+003       7.200123e-001       
2.014507e+003       7.035218e-001       
2.020198e+003       6.930345e-001       
2.025888e+003       6.797987e-001       
2.031579e+003       6.681541e-001       
2.037270e+003       6.583176e-001       
2.042960e+003       6.476133e-001       
2.048651e+003       6.415378e-001       
2.054342e+003       6.367643e-001       
2.060032e+003       6.335096e-001       
2.065723e+003       6.319184e-001       
2.071414e+003       6.306888e-001       
2.077104e+003       6.328586e-001       
2.082795e+003       6.333649e-001       
2.088486e+003       6.389341e-001       
2.094177e+003       6.452265e-001       
2.099867e+003       6.521699e-001       
2.105558e+003       6.575944e-001       
2.111249e+003       6.643931e-001       
2.116939e+003       6.753867e-001       
2.122630e+003       6.871036e-001       
2.128321e+003       6.954212e-001       
2.134011e+003       7.060533e-001       
2.139702e+003       7.181318e-001       
2.145393e+003       7.275343e-001       
2.151083e+003       7.375877e-001       
2.156774e+003       7.474241e-001       
2.162465e+003       7.553077e-001       
2.168155e+003       7.658674e-001       
2.173846e+003       7.744743e-001       
2.179537e+003       7.814900e-001       
2.185227e+003       7.913988e-001       
2.190918e+003       8.003672e-001       
2.196609e+003       8.063704e-001       
2.202299e+003       8.125905e-001       
2.207990e+003       8.160622e-001       
2.213681e+003       8.197508e-001       
2.219371e+003       8.211973e-001       
2.225062e+003       8.252476e-001       
2.230753e+003       8.256093e-001       
2.236443e+003       8.235118e-001       
2.242134e+003       8.235118e-001       
2.247825e+003       8.190275e-001       
2.253515e+003       8.134584e-001       
2.259206e+003       8.062257e-001       
2.264897e+003       7.989931e-001       
2.270587e+003       7.917604e-001       
2.276278e+003       7.830812e-001       
2.281969e+003       7.710027e-001       
2.287659e+003       7.589964e-001       
2.293350e+003       7.480027e-001       
2.299041e+003       7.345499e-001       
2.304731e+003       7.200846e-001       
2.310422e+003       7.061979e-001       
2.316113e+003       6.931791e-001       
2.321803e+003       6.821131e-001       
2.327494e+003       6.680094e-001       
2.333185e+003       6.591132e-001       
2.338875e+003       6.497831e-001       
2.344566e+003       6.424781e-001       
2.350257e+003       6.345944e-001       
2.355948e+003       6.286637e-001       
2.361638e+003       6.229499e-001       
2.367329e+003       6.207078e-001       
2.373020e+003       6.238901e-001       
2.378710e+003       6.231669e-001       
2.384401e+003       6.295316e-001       
2.390092e+003       6.329309e-001       
2.395782e+003       6.429120e-001       
2.401473e+003       6.502894e-001       
2.407164e+003       6.609214e-001       
2.412854e+003       6.709748e-001       
2.418545e+003       6.816068e-001       
2.424236e+003       6.933237e-001       
2.429926e+003       7.062702e-001       
2.435617e+003       7.180595e-001       
2.441308e+003       7.297764e-001       
2.446998e+003       7.423612e-001       
2.452689e+003       7.534272e-001       
2.458380e+003       7.636976e-001       
2.464070e+003       7.733171e-001       
2.469761e+003       7.842384e-001       
2.475452e+003       7.909648e-001       
2.481142e+003       7.987761e-001       
2.486833e+003       8.042006e-001       
2.492524e+003       8.091911e-001       
2.498214e+003       8.128074e-001       
2.503905e+003       8.143263e-001       
2.509596e+003       8.165684e-001       
2.515286e+003       8.190275e-001       
2.520977e+003       8.177257e-001       
2.526668e+003       8.185213e-001       
2.532358e+003       8.153389e-001       
2.538049e+003       8.113609e-001       
2.543740e+003       8.083955e-001       
2.549430e+003       8.023924e-001       
2.555121e+003       7.966786e-001       
2.560812e+003       7.883610e-001       
2.566502e+003       7.817793e-001       
2.572193e+003       7.731724e-001       
2.577884e+003       7.647102e-001       
2.583574e+003       7.549461e-001       
2.589265e+003       7.423612e-001       
2.594956e+003       7.323079e-001       
2.600646e+003       7.220374e-001       
2.606337e+003       7.094526e-001       
2.612028e+003       6.990376e-001       
2.617719e+003       6.878992e-001       
2.623409e+003       6.760377e-001       
2.629100e+003       6.689497e-001       
2.634791e+003       6.609937e-001       
2.640481e+003       6.526762e-001       
2.646172e+003       6.458051e-001       
2.651863e+003       6.416825e-001       
2.657553e+003       6.384278e-001       
2.663244e+003       6.353900e-001       
2.668935e+003       6.353900e-001       
2.674625e+003       6.345944e-001       
2.680316e+003       6.382108e-001       
2.686007e+003       6.408145e-001       
2.691697e+003       6.452988e-001       
2.697388e+003       6.514466e-001       
2.703079e+003       6.596195e-001       
2.708769e+003       6.684434e-001       
2.714460e+003       6.775565e-001       
2.720151e+003       6.885502e-001       
2.725841e+003       6.996162e-001       
2.731532e+003       7.126350e-001       
2.737223e+003       7.241349e-001       
2.742913e+003       7.370090e-001       
2.748604e+003       7.499555e-001       
2.754295e+003       7.607322e-001       
2.759985e+003       7.717259e-001       
2.765676e+003       7.835875e-001       
2.771367e+003       7.950151e-001       
2.777057e+003       8.041282e-001       
2.782748e+003       8.098421e-001       
2.788439e+003       8.171471e-001       
2.794129e+003       8.230055e-001       
2.799820e+003       8.260432e-001       
2.805511e+003       8.267665e-001       
2.811201e+003       8.234395e-001       
2.816892e+003       8.264049e-001       
2.822583e+003       8.232225e-001       
2.828273e+003       8.184490e-001       
2.833964e+003       8.153389e-001       
2.839655e+003       8.081062e-001       
2.845345e+003       7.996440e-001       
2.851036e+003       7.947258e-001       
2.856727e+003       7.837321e-001       
2.862417e+003       7.761378e-001       
2.868108e+003       7.627574e-001       
2.873799e+003       7.527763e-001       
2.879490e+003       7.433015e-001       
2.885180e+003       7.328864e-001       
2.890871e+003       7.221821e-001       
2.896562e+003       7.116224e-001       
2.902252e+003       7.033048e-001       
2.907943e+003       6.931791e-001       
