Calculated Z (nm)   Deflection (V)      
Extend Data
0.000000e+000       6.837766e-001       
5.690710e+000       6.893458e-001       
1.138142e+001       6.989653e-001       
1.707213e+001       7.057639e-001       
2.276284e+001       7.145878e-001       
2.845355e+001       7.245689e-001       
3.414426e+001       7.325248e-001       
3.983496e+001       7.428675e-001       
4.552567e+001       7.509682e-001       
5.121638e+001       7.617448e-001       
5.690709e+001       7.713643e-001       
6.259780e+001       7.823579e-001       
6.828851e+001       7.892290e-001       
7.397922e+001       7.935686e-001       
7.966993e+001       8.031880e-001       
8.536064e+001       8.094804e-001       
9.105135e+001       8.150496e-001       
9.674207e+001       8.177257e-001       
1.024328e+002       8.220653e-001       
1.081235e+002       8.266942e-001       
1.138142e+002       8.276345e-001       
1.195049e+002       8.256093e-001       
1.251956e+002       8.251030e-001       
1.308863e+002       8.226439e-001       
1.365770e+002       8.172194e-001       
1.422677e+002       8.134584e-001       
1.479585e+002       8.079616e-001       
1.536492e+002       7.997887e-001       
1.593399e+002       7.920497e-001       
1.650306e+002       7.819963e-001       
1.707213e+002       7.717259e-001       
1.764120e+002       7.597197e-001       
1.821027e+002       7.484367e-001       
1.877934e+002       7.365751e-001       
1.934841e+002       7.260877e-001       
1.991748e+002       7.133582e-001       
2.048655e+002       7.025816e-001       
2.105562e+002       6.917326e-001       
2.162469e+002       6.776289e-001       
2.219376e+002       6.673585e-001       
2.276283e+002       6.604151e-001       
2.333190e+002       6.526762e-001       
2.390097e+002       6.460221e-001       
2.447004e+002       6.413208e-001       
2.503911e+002       6.366196e-001       
2.560818e+002       6.336542e-001       
2.617726e+002       6.315567e-001       
2.674633e+002       6.311228e-001       
2.731540e+002       6.353900e-001       
2.788447e+002       6.363303e-001       
2.845354e+002       6.387894e-001       
2.902261e+002       6.455881e-001       
2.959168e+002       6.553522e-001       
3.016075e+002       6.596918e-001       
3.072982e+002       6.698176e-001       
3.129889e+002       6.776289e-001       
3.186796e+002       6.878992e-001       
3.243703e+002       6.970847e-001       
3.300610e+002       7.101036e-001       
3.357517e+002       7.200123e-001       
3.414424e+002       7.320185e-001       
3.471331e+002       7.445310e-001       
3.528238e+002       7.555971e-001       
3.585145e+002       7.647825e-001       
3.642052e+002       7.731724e-001       
3.698959e+002       7.811283e-001       
3.755866e+002       7.890120e-001       
3.812773e+002       7.974018e-001       
3.869680e+002       8.042006e-001       
3.926588e+002       8.081785e-001       
3.983495e+002       8.153389e-001       
4.040402e+002       8.175810e-001       
4.097309e+002       8.193169e-001       
4.154216e+002       8.217760e-001       
4.211123e+002       8.217760e-001       
4.268030e+002       8.201848e-001       
4.324937e+002       8.222100e-001       
4.381844e+002       8.175087e-001       
4.438751e+002       8.141093e-001       
4.495658e+002       8.083232e-001       
4.552565e+002       8.038390e-001       
4.609472e+002       7.998610e-001       
4.666379e+002       7.924836e-001       
4.723286e+002       7.851064e-001       
4.780193e+002       7.761378e-001       
4.837100e+002       7.666630e-001       
4.894007e+002       7.550908e-001       
4.950914e+002       7.458329e-001       
5.007821e+002       7.350563e-001       
5.064728e+002       7.267387e-001       
5.121636e+002       7.131413e-001       
5.178543e+002       7.041004e-001       
5.235450e+002       6.912986e-001       
5.292358e+002       6.809559e-001       
5.349265e+002       6.668522e-001       
5.406172e+002       6.582453e-001       
5.463080e+002       6.484089e-001       
5.519987e+002       6.403806e-001       
5.576895e+002       6.350284e-001       
5.633802e+002       6.275064e-001       
5.690709e+002       6.254813e-001       
5.747617e+002       6.255536e-001       
5.804524e+002       6.230222e-001       
5.861431e+002       6.258429e-001       
5.918339e+002       6.284467e-001       
5.975246e+002       6.349561e-001       
6.032153e+002       6.432737e-001       
6.089061e+002       6.497108e-001       
6.145968e+002       6.607044e-001       
6.202875e+002       6.723490e-001       
6.259783e+002       6.820408e-001       
6.316690e+002       6.948426e-001       
6.373597e+002       7.077168e-001       
6.430505e+002       7.195060e-001       
6.487412e+002       7.333204e-001       
6.544319e+002       7.456883e-001       
6.601227e+002       7.557417e-001       
6.658134e+002       7.686158e-001       
6.715042e+002       7.805498e-001       
6.771949e+002       7.913264e-001       
6.828856e+002       7.992824e-001       
6.885764e+002       8.081785e-001       
6.942671e+002       8.143263e-001       
6.999578e+002       8.198231e-001       
7.056486e+002       8.259709e-001       
7.113393e+002       8.283577e-001       
7.170300e+002       8.312508e-001       
7.227208e+002       8.304552e-001       
7.284115e+002       8.287917e-001       
7.341022e+002       8.262602e-001       
7.397930e+002       8.249583e-001       
7.454837e+002       8.185936e-001       
7.511744e+002       8.158452e-001       
7.568652e+002       8.095527e-001       
7.625559e+002       8.023201e-001       
7.682466e+002       7.956660e-001       
7.739374e+002       7.882164e-001       
7.796281e+002       7.805498e-001       
7.853188e+002       7.717259e-001       
7.910096e+002       7.611662e-001       
7.967003e+002       7.538612e-001       
8.023911e+002       7.443141e-001       
8.080818e+002       7.318739e-001       
8.137725e+002       7.215312e-001       
8.194633e+002       7.122010e-001       
8.251540e+002       7.010627e-001       
8.308447e+002       6.910816e-001       
8.365355e+002       6.820408e-001       
8.422262e+002       6.726383e-001       
8.479169e+002       6.664182e-001       
8.536077e+002       6.570157e-001       
8.592984e+002       6.512296e-001       
8.649891e+002       6.441416e-001       
8.706799e+002       6.385725e-001       
8.763706e+002       6.351008e-001       
8.820613e+002       6.342328e-001       
8.877521e+002       6.321353e-001       
8.934428e+002       6.321353e-001       
8.991335e+002       6.341605e-001       
9.048243e+002       6.390787e-001       
9.105150e+002       6.447202e-001       
9.162057e+002       6.486259e-001       
9.218965e+002       6.583899e-001       
9.275872e+002       6.677924e-001       
9.332780e+002       6.808836e-001       
9.389687e+002       6.914433e-001       
9.446594e+002       7.047514e-001       
9.503502e+002       7.202293e-001       
9.560409e+002       7.321632e-001       
9.617316e+002       7.461945e-001       
9.674224e+002       7.626127e-001       
9.731131e+002       7.746190e-001       
9.788038e+002       7.883610e-001       
9.844946e+002       8.003672e-001       
9.901853e+002       8.125182e-001       
9.958760e+002       8.204018e-001       
1.001567e+003       8.284300e-001       
1.007258e+003       8.360243e-001       
1.012948e+003       8.410149e-001       
1.018639e+003       8.442696e-001       
1.024330e+003       8.482475e-001       
1.030020e+003       8.474519e-001       
1.035711e+003       8.485368e-001       
1.041402e+003       8.446312e-001       
1.047092e+003       8.394960e-001       
1.052783e+003       8.354457e-001       
1.058474e+003       8.305275e-001       
1.064164e+003       8.246691e-001       
1.069855e+003       8.154112e-001       
1.075546e+003       8.073829e-001       
1.081236e+003       7.974742e-001       
1.086927e+003       7.872761e-001       
1.092618e+003       7.767888e-001       
1.098308e+003       7.657951e-001       
1.103999e+003       7.550184e-001       
1.109690e+003       7.446757e-001       
1.115380e+003       7.317292e-001       
1.121071e+003       7.220374e-001       
1.126762e+003       7.119840e-001       
1.132453e+003       7.004117e-001       
1.138143e+003       6.889118e-001       
1.143834e+003       6.789308e-001       
1.149525e+003       6.714811e-001       
1.155215e+003       6.607044e-001       
1.160906e+003       6.558585e-001       
1.166597e+003       6.468900e-001       
1.172287e+003       6.420441e-001       
1.177978e+003       6.364750e-001       
1.183669e+003       6.322800e-001       
1.189359e+003       6.290253e-001       
1.195050e+003       6.290253e-001       
1.200741e+003       6.310505e-001       
1.206431e+003       6.333649e-001       
1.212122e+003       6.359687e-001       
1.217813e+003       6.408869e-001       
1.223503e+003       6.452988e-001       
1.229194e+003       6.555692e-001       
1.234885e+003       6.642484e-001       
1.240575e+003       6.766886e-001       
1.246266e+003       6.865250e-001       
1.251957e+003       7.011350e-001       
1.257647e+003       7.127073e-001       
1.263338e+003       7.260877e-001       
1.269029e+003       7.396852e-001       
1.274719e+003       7.519084e-001       
1.280410e+003       7.676756e-001       
1.286101e+003       7.846724e-001       
1.291791e+003       7.968233e-001       
1.297482e+003       8.089018e-001       
1.303173e+003       8.214144e-001       
1.308863e+003       8.319017e-001       
1.314554e+003       8.413042e-001       
1.320245e+003       8.463671e-001       
1.325935e+003       8.525148e-001       
1.331626e+003       8.558418e-001       
1.337317e+003       8.556972e-001       
1.343007e+003       8.565651e-001       
1.348698e+003       8.529488e-001       
1.354389e+003       8.481752e-001       
1.360079e+003       8.428954e-001       
1.365770e+003       8.360243e-001       
1.371461e+003       8.248860e-001       
1.377151e+003       8.127351e-001       
1.382842e+003       8.023924e-001       
1.388533e+003       7.890120e-001       
1.394224e+003       7.759209e-001       
1.399914e+003       7.616001e-001       
1.405605e+003       7.485090e-001       
1.411296e+003       7.354179e-001       
1.416986e+003       7.210972e-001       
1.422677e+003       7.098866e-001       
1.428368e+003       6.972294e-001       
1.434058e+003       6.832703e-001       
1.439749e+003       6.731446e-001       
1.445440e+003       6.631635e-001       
1.451130e+003       6.570157e-001       
1.456821e+003       6.499277e-001       
1.462512e+003       6.415378e-001       
1.468202e+003       6.374152e-001       
1.473893e+003       6.284467e-001       
1.479584e+003       5.880161e-001       
1.485274e+003       7.513298e-001       
1.490965e+003       9.779293e-001       
1.496656e+003       1.201636e+000       
1.502346e+003       1.433805e+000       
1.508037e+003       1.667058e+000       
1.513728e+003       1.892717e+000       
1.519418e+003       2.115628e+000       
1.525109e+003       2.313948e+000       
1.530800e+003       2.369784e+000       
1.536490e+003       2.369784e+000       
1.542181e+003       2.369784e+000       
1.547872e+003       2.369784e+000       
1.553562e+003       2.369784e+000       
1.559253e+003       2.369784e+000       
1.564944e+003       2.369784e+000       
1.570634e+003       2.369784e+000       
1.576325e+003       2.369784e+000       
1.582016e+003       2.369784e+000       
1.587706e+003       2.369784e+000       
1.593397e+003       2.369784e+000       
1.599088e+003       2.369784e+000       
1.604778e+003       2.369784e+000       
1.610469e+003       2.369784e+000       
1.616160e+003       2.369784e+000       
1.621850e+003       2.369784e+000       
1.627541e+003       2.369784e+000       
1.633232e+003       2.369784e+000       
1.638922e+003       2.369784e+000       
1.644613e+003       2.369784e+000       
1.650304e+003       2.369784e+000       
1.655995e+003       2.369784e+000       
1.661685e+003       2.369784e+000       
1.667376e+003       2.369784e+000       
1.673067e+003       2.369784e+000       
1.678757e+003       2.369784e+000       
1.684448e+003       2.369784e+000       
1.690139e+003       2.369784e+000       
1.695829e+003       2.369784e+000       
1.701520e+003       2.369784e+000       
1.707211e+003       2.369784e+000       
1.712901e+003       2.369784e+000       
1.718592e+003       2.369784e+000       
1.724283e+003       2.369784e+000       
1.729973e+003       2.369784e+000       
1.735664e+003       2.369784e+000       
1.741355e+003       2.369784e+000       
1.747045e+003       2.369784e+000       
1.752736e+003       2.369784e+000       
1.758427e+003       2.369784e+000       
1.764117e+003       2.369784e+000       
1.769808e+003       2.369784e+000       
1.775499e+003       2.369784e+000       
1.781189e+003       2.369784e+000       
1.786880e+003       2.369784e+000       
1.792571e+003       2.369784e+000       
1.798261e+003       2.369784e+000       
1.803952e+003       2.369784e+000       
1.809643e+003       2.369784e+000       
1.815333e+003       2.369784e+000       
1.821024e+003       2.369784e+000       
1.826715e+003       2.369784e+000       
1.832405e+003       2.369784e+000       
1.838096e+003       2.369784e+000       
1.843787e+003       2.369784e+000       
1.849477e+003       2.369784e+000       
1.855168e+003       2.369784e+000       
1.860859e+003       2.369784e+000       
1.866549e+003       2.369784e+000       
1.872240e+003       2.369784e+000       
1.877931e+003       2.369784e+000       
1.883621e+003       2.369784e+000       
1.889312e+003       2.369784e+000       
1.895003e+003       2.369784e+000       
1.900693e+003       2.369784e+000       
1.906384e+003       2.369784e+000       
1.912075e+003       2.369784e+000       
1.917766e+003       2.369784e+000       
1.923456e+003       2.369784e+000       
1.929147e+003       2.369784e+000       
1.934838e+003       2.369784e+000       
1.940528e+003       2.369784e+000       
1.946219e+003       2.369784e+000       
1.951910e+003       2.369784e+000       
1.957600e+003       2.369784e+000       
1.963291e+003       2.369784e+000       
1.968982e+003       2.369784e+000       
1.974672e+003       2.369784e+000       
1.980363e+003       2.369784e+000       
1.986054e+003       2.369784e+000       
1.991744e+003       2.369784e+000       
1.997435e+003       2.369784e+000       
2.003126e+003       2.369784e+000       
2.008816e+003       2.369784e+000       
2.014507e+003       2.369784e+000       
2.020198e+003       2.369784e+000       
2.025888e+003       2.369784e+000       
2.031579e+003       2.369784e+000       
2.037270e+003       2.369784e+000       
2.042960e+003       2.369784e+000       
2.048651e+003       2.369784e+000       
2.054342e+003       2.369784e+000       
2.060032e+003       2.369784e+000       
2.065723e+003       2.369784e+000       
2.071414e+003       2.369784e+000       
2.077104e+003       2.369784e+000       
2.082795e+003       2.369784e+000       
2.088486e+003       2.369784e+000       
2.094177e+003       2.369784e+000       
2.099867e+003       2.369784e+000       
2.105558e+003       2.369784e+000       
2.111249e+003       2.369784e+000       
2.116939e+003       2.369784e+000       
2.122630e+003       2.369784e+000       
2.128321e+003       2.369784e+000       
2.134011e+003       2.369784e+000       
2.139702e+003       2.369784e+000       
2.145393e+003       2.369784e+000       
2.151083e+003       2.369784e+000       
2.156774e+003       2.369784e+000       
2.162465e+003       2.369784e+000       
2.168155e+003       2.369784e+000       
2.173846e+003       2.369784e+000       
2.179537e+003       2.369784e+000       
2.185227e+003       2.369784e+000       
2.190918e+003       2.369784e+000       
2.196609e+003       2.369784e+000       
2.202299e+003       2.369784e+000       
2.207990e+003       2.369784e+000       
2.213681e+003       2.369784e+000       
2.219371e+003       2.369784e+000       
2.225062e+003       2.369784e+000       
2.230753e+003       2.369784e+000       
2.236443e+003       2.369784e+000       
2.242134e+003       2.369784e+000       
2.247825e+003       2.369784e+000       
2.253515e+003       2.369784e+000       
2.259206e+003       2.369784e+000       
2.264897e+003       2.369784e+000       
2.270587e+003       2.369784e+000       
2.276278e+003       2.369784e+000       
2.281969e+003       2.369784e+000       
2.287659e+003       2.369784e+000       
2.293350e+003       2.369784e+000       
2.299041e+003       2.369784e+000       
2.304731e+003       2.369784e+000       
2.310422e+003       2.369784e+000       
2.316113e+003       2.369784e+000       
2.321803e+003       2.369784e+000       
2.327494e+003       2.369784e+000       
2.333185e+003       2.369784e+000       
2.338875e+003       2.369784e+000       
2.344566e+003       2.369784e+000       
2.350257e+003       2.369784e+000       
2.355948e+003       2.369784e+000       
2.361638e+003       2.369784e+000       
2.367329e+003       2.369784e+000       
2.373020e+003       2.369784e+000       
2.378710e+003       2.369784e+000       
2.384401e+003       2.369784e+000       
2.390092e+003       2.369784e+000       
2.395782e+003       2.369784e+000       
2.401473e+003       2.369784e+000       
2.407164e+003       2.369784e+000       
2.412854e+003       2.369784e+000       
2.418545e+003       2.369784e+000       
2.424236e+003       2.369784e+000       
2.429926e+003       2.369784e+000       
2.435617e+003       2.369784e+000       
2.441308e+003       2.369784e+000       
2.446998e+003       2.369784e+000       
2.452689e+003       2.369784e+000       
2.458380e+003       2.369784e+000       
2.464070e+003       2.369784e+000       
2.469761e+003       2.369784e+000       
2.475452e+003       2.369784e+000       
2.481142e+003       2.369784e+000       
2.486833e+003       2.369784e+000       
2.492524e+003       2.369784e+000       
2.498214e+003       2.369784e+000       
2.503905e+003       2.369784e+000       
2.509596e+003       2.369784e+000       
2.515286e+003       2.369784e+000       
2.520977e+003       2.369784e+000       
2.526668e+003       2.369784e+000       
2.532358e+003       2.369784e+000       
2.538049e+003       2.369784e+000       
2.543740e+003       2.369784e+000       
2.549430e+003       2.369784e+000       
2.555121e+003       2.369784e+000       
2.560812e+003       2.369784e+000       
2.566502e+003       2.369784e+000       
2.572193e+003       2.369784e+000       
2.577884e+003       2.369784e+000       
2.583574e+003       2.369784e+000       
2.589265e+003       2.369784e+000       
2.594956e+003       2.369784e+000       
2.600646e+003       2.369784e+000       
2.606337e+003       2.369784e+000       
2.612028e+003       2.369784e+000       
2.617719e+003       2.369784e+000       
2.623409e+003       2.369784e+000       
2.629100e+003       2.369784e+000       
2.634791e+003       2.369784e+000       
2.640481e+003       2.369784e+000       
2.646172e+003       2.369784e+000       
2.651863e+003       2.369784e+000       
2.657553e+003       2.369784e+000       
2.663244e+003       2.369784e+000       
2.668935e+003       2.369784e+000       
2.674625e+003       2.369784e+000       
2.680316e+003       2.369784e+000       
2.686007e+003       2.369784e+000       
2.691697e+003       2.369784e+000       
2.697388e+003       2.369784e+000       
2.703079e+003       2.369784e+000       
2.708769e+003       2.369784e+000       
2.714460e+003       2.369784e+000       
2.720151e+003       2.369784e+000       
2.725841e+003       2.369784e+000       
2.731532e+003       2.369784e+000       
2.737223e+003       2.369784e+000       
2.742913e+003       2.369784e+000       
2.748604e+003       2.369784e+000       
2.754295e+003       2.369784e+000       
2.759985e+003       2.369784e+000       
2.765676e+003       2.369784e+000       
2.771367e+003       2.369784e+000       
2.777057e+003       2.369784e+000       
2.782748e+003       2.369784e+000       
2.788439e+003       2.369784e+000       
2.794129e+003       2.369784e+000       
2.799820e+003       2.369784e+000       
2.805511e+003       2.369784e+000       
2.811201e+003       2.369784e+000       
2.816892e+003       2.369784e+000       
2.822583e+003       2.369784e+000       
2.828273e+003       2.369784e+000       
2.833964e+003       2.369784e+000       
2.839655e+003       2.369784e+000       
2.845345e+003       2.369784e+000       
2.851036e+003       2.369784e+000       
2.856727e+003       2.369784e+000       
2.862417e+003       2.369784e+000       
2.868108e+003       2.369784e+000       
2.873799e+003       2.369784e+000       
2.879490e+003       2.369784e+000       
2.885180e+003       2.369784e+000       
2.890871e+003       2.369784e+000       
2.896562e+003       2.369784e+000       
2.902252e+003       2.369784e+000       
2.907943e+003       2.369784e+000       

Retract Data
0.000000e+000       2.369784e+000       
5.690710e+000       2.369784e+000       
1.138142e+001       2.369784e+000       
1.707213e+001       2.369784e+000       
2.276284e+001       2.369784e+000       
2.845355e+001       2.369784e+000       
3.414426e+001       2.369784e+000       
3.983496e+001       2.369784e+000       
4.552567e+001       2.369784e+000       
5.121638e+001       2.369784e+000       
5.690709e+001       2.369784e+000       
6.259780e+001       2.369784e+000       
6.828851e+001       2.369784e+000       
7.397922e+001       2.369784e+000       
7.966993e+001       2.369784e+000       
8.536064e+001       2.369784e+000       
9.105135e+001       2.369784e+000       
9.674207e+001       2.369784e+000       
1.024328e+002       2.369784e+000       
1.081235e+002       2.369784e+000       
1.138142e+002       2.369784e+000       
1.195049e+002       2.369784e+000       
1.251956e+002       2.369784e+000       
1.308863e+002       2.369784e+000       
1.365770e+002       2.369784e+000       
1.422677e+002       2.369784e+000       
1.479585e+002       2.369784e+000       
1.536492e+002       2.369784e+000       
1.593399e+002       2.369784e+000       
1.650306e+002       2.369784e+000       
1.707213e+002       2.369784e+000       
1.764120e+002       2.369784e+000       
1.821027e+002       2.369784e+000       
1.877934e+002       2.369784e+000       
1.934841e+002       2.369784e+000       
1.991748e+002       2.369784e+000       
2.048655e+002       2.369784e+000       
2.105562e+002       2.369784e+000       
2.162469e+002       2.369784e+000       
2.219376e+002       2.369784e+000       
2.276283e+002       2.369784e+000       
2.333190e+002       2.369784e+000       
2.390097e+002       2.369784e+000       
2.447004e+002       2.369784e+000       
2.503911e+002       2.369784e+000       
2.560818e+002       2.369784e+000       
2.617726e+002       2.369784e+000       
2.674633e+002       2.369784e+000       
2.731540e+002       2.369784e+000       
2.788447e+002       2.369784e+000       
2.845354e+002       2.369784e+000       
2.902261e+002       2.369784e+000       
2.959168e+002       2.369784e+000       
3.016075e+002       2.369784e+000       
3.072982e+002       2.369784e+000       
3.129889e+002       2.369784e+000       
3.186796e+002       2.369784e+000       
3.243703e+002       2.369784e+000       
3.300610e+002       2.369784e+000       
3.357517e+002       2.369784e+000       
3.414424e+002       2.369784e+000       
3.471331e+002       2.369784e+000       
3.528238e+002       2.369784e+000       
3.585145e+002       2.369784e+000       
3.642052e+002       2.369784e+000       
3.698959e+002       2.369784e+000       
3.755866e+002       2.369784e+000       
3.812773e+002       2.369784e+000       
3.869680e+002       2.369784e+000       
3.926588e+002       2.369784e+000       
3.983495e+002       2.369784e+000       
4.040402e+002       2.369784e+000       
4.097309e+002       2.369784e+000       
4.154216e+002       2.369784e+000       
4.211123e+002       2.369784e+000       
4.268030e+002       2.369784e+000       
4.324937e+002       2.369784e+000       
4.381844e+002       2.369784e+000       
4.438751e+002       2.369784e+000       
4.495658e+002       2.369784e+000       
4.552565e+002       2.369784e+000       
4.609472e+002       2.369784e+000       
4.666379e+002       2.369784e+000       
4.723286e+002       2.369784e+000       
4.780193e+002       2.369784e+000       
4.837100e+002       2.369784e+000       
4.894007e+002       2.369784e+000       
4.950914e+002       2.369784e+000       
5.007821e+002       2.369784e+000       
5.064728e+002       2.369784e+000       
5.121636e+002       2.369784e+000       
5.178543e+002       2.369784e+000       
5.235450e+002       2.369784e+000       
5.292358e+002       2.369784e+000       
5.349265e+002       2.369784e+000       
5.406172e+002       2.369784e+000       
5.463080e+002       2.369784e+000       
5.519987e+002       2.369784e+000       
5.576895e+002       2.369784e+000       
5.633802e+002       2.369784e+000       
5.690709e+002       2.369784e+000       
5.747617e+002       2.369784e+000       
5.804524e+002       2.369784e+000       
5.861431e+002       2.369784e+000       
5.918339e+002       2.369784e+000       
5.975246e+002       2.369784e+000       
6.032153e+002       2.369784e+000       
6.089061e+002       2.369784e+000       
6.145968e+002       2.369784e+000       
6.202875e+002       2.369784e+000       
6.259783e+002       2.369784e+000       
6.316690e+002       2.369784e+000       
6.373597e+002       2.369784e+000       
6.430505e+002       2.369784e+000       
6.487412e+002       2.369784e+000       
6.544319e+002       2.369784e+000       
6.601227e+002       2.369784e+000       
6.658134e+002       2.369784e+000       
6.715042e+002       2.369784e+000       
6.771949e+002       2.369784e+000       
6.828856e+002       2.369784e+000       
6.885764e+002       2.369784e+000       
6.942671e+002       2.369784e+000       
6.999578e+002       2.369784e+000       
7.056486e+002       2.369784e+000       
7.113393e+002       2.369784e+000       
7.170300e+002       2.369784e+000       
7.227208e+002       2.369784e+000       
7.284115e+002       2.369784e+000       
7.341022e+002       2.369784e+000       
7.397930e+002       2.369784e+000       
7.454837e+002       2.369784e+000       
7.511744e+002       2.369784e+000       
7.568652e+002       2.369784e+000       
7.625559e+002       2.369784e+000       
7.682466e+002       2.369784e+000       
7.739374e+002       2.369784e+000       
7.796281e+002       2.369784e+000       
7.853188e+002       2.369784e+000       
7.910096e+002       2.369784e+000       
7.967003e+002       2.369784e+000       
8.023911e+002       2.369784e+000       
8.080818e+002       2.369784e+000       
8.137725e+002       2.369784e+000       
8.194633e+002       2.369784e+000       
8.251540e+002       2.369784e+000       
8.308447e+002       2.369784e+000       
8.365355e+002       2.369784e+000       
8.422262e+002       2.369784e+000       
8.479169e+002       2.369784e+000       
8.536077e+002       2.369784e+000       
8.592984e+002       2.369784e+000       
8.649891e+002       2.369784e+000       
8.706799e+002       2.369784e+000       
8.763706e+002       2.369784e+000       
8.820613e+002       2.369784e+000       
8.877521e+002       2.369784e+000       
8.934428e+002       2.369784e+000       
8.991335e+002       2.369784e+000       
9.048243e+002       2.369784e+000       
9.105150e+002       2.369784e+000       
9.162057e+002       2.369784e+000       
9.218965e+002       2.369784e+000       
9.275872e+002       2.369784e+000       
9.332780e+002       2.369784e+000       
9.389687e+002       2.369784e+000       
9.446594e+002       2.369784e+000       
9.503502e+002       2.369784e+000       
9.560409e+002       2.369784e+000       
9.617316e+002       2.369784e+000       
9.674224e+002       2.369784e+000       
9.731131e+002       2.369784e+000       
9.788038e+002       2.369784e+000       
9.844946e+002       2.369784e+000       
9.901853e+002       2.369784e+000       
9.958760e+002       2.369784e+000       
1.001567e+003       2.369784e+000       
1.007258e+003       2.369784e+000       
1.012948e+003       2.369784e+000       
1.018639e+003       2.369784e+000       
1.024330e+003       2.369784e+000       
1.030020e+003       2.369784e+000       
1.035711e+003       2.369784e+000       
1.041402e+003       2.369784e+000       
1.047092e+003       2.369784e+000       
1.052783e+003       2.369784e+000       
1.058474e+003       2.369784e+000       
1.064164e+003       2.369784e+000       
1.069855e+003       2.369784e+000       
1.075546e+003       2.369784e+000       
1.081236e+003       2.369784e+000       
1.086927e+003       2.369784e+000       
1.092618e+003       2.369784e+000       
1.098308e+003       2.369784e+000       
1.103999e+003       2.369784e+000       
1.109690e+003       2.369784e+000       
1.115380e+003       2.369784e+000       
1.121071e+003       2.369784e+000       
1.126762e+003       2.369784e+000       
1.132453e+003       2.369784e+000       
1.138143e+003       2.369784e+000       
1.143834e+003       2.369784e+000       
1.149525e+003       2.369784e+000       
1.155215e+003       2.369784e+000       
1.160906e+003       2.369784e+000       
1.166597e+003       2.369784e+000       
1.172287e+003       2.369784e+000       
1.177978e+003       2.369784e+000       
1.183669e+003       2.369784e+000       
1.189359e+003       2.369784e+000       
1.195050e+003       2.369784e+000       
1.200741e+003       2.369784e+000       
1.206431e+003       2.369784e+000       
1.212122e+003       2.369784e+000       
1.217813e+003       2.369784e+000       
1.223503e+003       2.369784e+000       
1.229194e+003       2.369784e+000       
1.234885e+003       2.369784e+000       
1.240575e+003       2.369784e+000       
1.246266e+003       2.369784e+000       
1.251957e+003       2.369784e+000       
1.257647e+003       2.369784e+000       
1.263338e+003       2.369784e+000       
1.269029e+003       2.369784e+000       
1.274719e+003       2.369784e+000       
1.280410e+003       2.369784e+000       
1.286101e+003       2.369784e+000       
1.291791e+003       2.369784e+000       
1.297482e+003       2.369784e+000       
1.303173e+003       2.369784e+000       
1.308863e+003       2.369784e+000       
1.314554e+003       2.369784e+000       
1.320245e+003       2.369784e+000       
1.325935e+003       2.369784e+000       
1.331626e+003       2.369784e+000       
1.337317e+003       2.369784e+000       
1.343007e+003       2.369784e+000       
1.348698e+003       2.369784e+000       
1.354389e+003       2.369784e+000       
1.360079e+003       2.369784e+000       
1.365770e+003       2.369784e+000       
1.371461e+003       2.369784e+000       
1.377151e+003       2.369784e+000       
1.382842e+003       2.369784e+000       
1.388533e+003       2.369784e+000       
1.394224e+003       2.369784e+000       
1.399914e+003       2.369784e+000       
1.405605e+003       2.369784e+000       
1.411296e+003       2.369784e+000       
1.416986e+003       2.369784e+000       
1.422677e+003       2.369784e+000       
1.428368e+003       2.369784e+000       
1.434058e+003       2.369784e+000       
1.439749e+003       2.369784e+000       
1.445440e+003       2.369784e+000       
1.451130e+003       2.342300e+000       
1.456821e+003       2.215295e+000       
1.462512e+003       2.051185e+000       
1.468202e+003       1.862485e+000       
1.473893e+003       1.655414e+000       
1.479584e+003       1.432069e+000       
1.485274e+003       1.206843e+000       
1.490965e+003       9.672973e-001       
1.496656e+003       7.281852e-001       
1.502346e+003       4.819128e-001       
1.508037e+003       2.359297e-001       
1.513728e+003       -7.304997e-003      
1.519418e+003       -2.508290e-001      
1.525109e+003       -4.912429e-001      
1.530800e+003       -1.191944e-001      
1.536490e+003       6.475409e-001       
1.542181e+003       6.612830e-001       
1.547872e+003       6.750974e-001       
1.553562e+003       6.880439e-001       
1.559253e+003       7.020753e-001       
1.564944e+003       7.187827e-001       
1.570634e+003       7.377324e-001       
1.576325e+003       7.566819e-001       
1.582016e+003       7.723045e-001       
1.587706e+003       7.895182e-001       
1.593397e+003       8.028987e-001       
1.599088e+003       8.138200e-001       
1.604778e+003       8.262602e-001       
1.610469e+003       8.350841e-001       
1.616160e+003       8.433293e-001       
1.621850e+003       8.512853e-001       
1.627541e+003       8.540336e-001       
1.633232e+003       8.571437e-001       
1.638922e+003       8.560588e-001       
1.644613e+003       8.533828e-001       
1.650304e+003       8.495494e-001       
1.655995e+003       8.439803e-001       
1.661685e+003       8.359520e-001       
1.667376e+003       8.234395e-001       
1.673067e+003       8.118672e-001       
1.678757e+003       8.010182e-001       
1.684448e+003       7.854680e-001       
1.690139e+003       7.717259e-001       
1.695829e+003       7.546568e-001       
1.701520e+003       7.391789e-001       
1.707211e+003       7.247136e-001       
1.712901e+003       7.106099e-001       
1.718592e+003       6.967954e-001       
1.724283e+003       6.842106e-001       
1.729973e+003       6.703962e-001       
1.735664e+003       6.613554e-001       
1.741355e+003       6.517359e-001       
1.747045e+003       6.432737e-001       
1.752736e+003       6.379215e-001       
1.758427e+003       6.329309e-001       
1.764117e+003       6.316290e-001       
1.769808e+003       6.295316e-001       
1.775499e+003       6.260599e-001       
1.781189e+003       6.283020e-001       
1.786880e+003       6.317014e-001       
1.792571e+003       6.364750e-001       
1.798261e+003       6.408869e-001       
1.803952e+003       6.470346e-001       
1.809643e+003       6.544843e-001       
1.815333e+003       6.659843e-001       
1.821024e+003       6.743018e-001       
1.826715e+003       6.842829e-001       
1.832405e+003       6.952043e-001       
1.838096e+003       7.048960e-001       
1.843787e+003       7.197953e-001       
1.849477e+003       7.296318e-001       
1.855168e+003       7.422166e-001       
1.860859e+003       7.545121e-001       
1.866549e+003       7.665184e-001       
1.872240e+003       7.777290e-001       
1.877931e+003       7.900245e-001       
1.883621e+003       7.978358e-001       
1.889312e+003       8.086125e-001       
1.895003e+003       8.172194e-001       
1.900693e+003       8.258986e-001       
1.906384e+003       8.319017e-001       
1.912075e+003       8.375432e-001       
1.917766e+003       8.407979e-001       
1.923456e+003       8.452098e-001       
1.929147e+003       8.457884e-001       
1.934838e+003       8.475966e-001       
1.940528e+003       8.455715e-001       
1.946219e+003       8.435463e-001       
1.951910e+003       8.385558e-001       
1.957600e+003       8.308168e-001       
1.963291e+003       8.216313e-001       
1.968982e+003       8.104930e-001       
1.974672e+003       8.000780e-001       
1.980363e+003       7.866252e-001       
1.986054e+003       7.710027e-001       
1.991744e+003       7.585624e-001       
1.997435e+003       7.434462e-001       
2.003126e+003       7.289808e-001       
2.008816e+003       7.130690e-001       
2.014507e+003       6.988929e-001       
2.020198e+003       6.861634e-001       
2.025888e+003       6.702515e-001       
2.031579e+003       6.616446e-001       
2.037270e+003       6.510127e-001       
2.042960e+003       6.440693e-001       
2.048651e+003       6.375599e-001       
2.054342e+003       6.319184e-001       
2.060032e+003       6.296763e-001       
2.065723e+003       6.291699e-001       
2.071414e+003       6.272895e-001       
2.077104e+003       6.311951e-001       
2.082795e+003       6.352454e-001       
2.088486e+003       6.379215e-001       
2.094177e+003       6.439970e-001       
2.099867e+003       6.524591e-001       
2.105558e+003       6.604874e-001       
2.111249e+003       6.673585e-001       
2.116939e+003       6.775565e-001       
2.122630e+003       6.885502e-001       
2.128321e+003       6.962168e-001       
2.134011e+003       7.090186e-001       
2.139702e+003       7.208802e-001       
2.145393e+003       7.312229e-001       
2.151083e+003       7.400468e-001       
2.156774e+003       7.491599e-001       
2.162465e+003       7.589964e-001       
2.168155e+003       7.704963e-001       
2.173846e+003       7.804774e-001       
2.179537e+003       7.890843e-001       
2.185227e+003       7.961723e-001       
2.190918e+003       8.033327e-001       
2.196609e+003       8.070213e-001       
2.202299e+003       8.176534e-001       
2.207990e+003       8.206910e-001       
2.213681e+003       8.238011e-001       
2.219371e+003       8.255370e-001       
2.225062e+003       8.284300e-001       
2.230753e+003       8.275621e-001       
2.236443e+003       8.258986e-001       
2.242134e+003       8.238735e-001       
2.247825e+003       8.186659e-001       
2.253515e+003       8.155559e-001       
2.259206e+003       8.070213e-001       
2.264897e+003       7.984868e-001       
2.270587e+003       7.897353e-001       
2.276278e+003       7.790309e-001       
2.281969e+003       7.673863e-001       
2.287659e+003       7.543675e-001       
2.293350e+003       7.419996e-001       
2.299041e+003       7.286192e-001       
2.304731e+003       7.149494e-001       
2.310422e+003       7.027985e-001       
2.316113e+003       6.897074e-001       
2.321803e+003       6.761823e-001       
2.327494e+003       6.648993e-001       
2.333185e+003       6.520252e-001       
2.338875e+003       6.436353e-001       
2.344566e+003       6.345221e-001       
2.350257e+003       6.284467e-001       
2.355948e+003       6.233115e-001       
2.361638e+003       6.201291e-001       
2.367329e+003       6.189719e-001       
2.373020e+003       6.196952e-001       
2.378710e+003       6.241071e-001       
2.384401e+003       6.288807e-001       
2.390092e+003       6.350284e-001       
2.395782e+003       6.429844e-001       
2.401473e+003       6.519529e-001       
2.407164e+003       6.622233e-001       
2.412854e+003       6.711195e-001       
2.418545e+003       6.846445e-001       
2.424236e+003       6.975187e-001       
2.429926e+003       7.087293e-001       
2.435617e+003       7.194337e-001       
2.441308e+003       7.310783e-001       
2.446998e+003       7.422166e-001       
2.452689e+003       7.545121e-001       
2.458380e+003       7.656505e-001       
2.464070e+003       7.736787e-001       
2.469761e+003       7.819963e-001       
2.475452e+003       7.922667e-001       
2.481142e+003       7.971126e-001       
2.486833e+003       8.021031e-001       
2.492524e+003       8.073106e-001       
2.498214e+003       8.114333e-001       
2.503905e+003       8.152665e-001       
2.509596e+003       8.172917e-001       
2.515286e+003       8.182319e-001       
2.520977e+003       8.199678e-001       
2.526668e+003       8.199678e-001       
2.532358e+003       8.152665e-001       
2.538049e+003       8.112886e-001       
2.543740e+003       8.070213e-001       
2.549430e+003       8.034773e-001       
2.555121e+003       7.958107e-001       
2.560812e+003       7.897353e-001       
2.566502e+003       7.793202e-001       
2.572193e+003       7.704240e-001       
2.577884e+003       7.608769e-001       
2.583574e+003       7.495939e-001       
2.589265e+003       7.384556e-001       
2.594956e+003       7.273173e-001       
2.600646e+003       7.150218e-001       
2.606337e+003       7.038835e-001       
2.612028e+003       6.932514e-001       
2.617719e+003       6.804496e-001       
2.623409e+003       6.724936e-001       
2.629100e+003       6.612107e-001       
2.634791e+003       6.531101e-001       
2.640481e+003       6.469623e-001       
2.646172e+003       6.400190e-001       
2.651863e+003       6.350284e-001       
2.657553e+003       6.324247e-001       
2.663244e+003       6.309781e-001       
2.668935e+003       6.317014e-001       
2.674625e+003       6.323524e-001       
2.680316e+003       6.336542e-001       
2.686007e+003       6.371259e-001       
2.691697e+003       6.440693e-001       
2.697388e+003       6.513743e-001       
2.703079e+003       6.591855e-001       
2.708769e+003       6.690943e-001       
2.714460e+003       6.792924e-001       
2.720151e+003       6.913709e-001       
2.725841e+003       7.027985e-001       
2.731532e+003       7.152387e-001       
2.737223e+003       7.283299e-001       
2.742913e+003       7.414933e-001       
2.748604e+003       7.534996e-001       
2.754295e+003       7.654335e-001       
2.759985e+003       7.771504e-001       
2.765676e+003       7.876378e-001       
2.771367e+003       7.965339e-001       
2.777057e+003       8.052855e-001       
2.782748e+003       8.128074e-001       
2.788439e+003       8.178703e-001       
2.794129e+003       8.228609e-001       
2.799820e+003       8.245967e-001       
2.805511e+003       8.264772e-001       
2.811201e+003       8.268389e-001       
2.816892e+003       8.249583e-001       
2.822583e+003       8.224269e-001       
2.828273e+003       8.165684e-001       
2.833964e+003       8.106377e-001       
2.839655e+003       8.034773e-001       
2.845345e+003       7.979082e-001       
2.851036e+003       7.909648e-001       
2.856727e+003       7.807667e-001       
2.862417e+003       7.705687e-001       
2.868108e+003       7.602983e-001       
2.873799e+003       7.507511e-001       
2.879490e+003       7.389619e-001       
2.885180e+003       7.271003e-001       
2.890871e+003       7.175532e-001       
2.896562e+003       7.083677e-001       
2.902252e+003       6.999778e-001       
2.907943e+003       6.894181e-001       
