Calculated Z (nm)   Deflection (V)      
Extend Data
0.000000e+000       6.846445e-001       
5.690710e+000       6.931068e-001       
1.138142e+001       6.991099e-001       
1.707213e+001       7.083677e-001       
2.276284e+001       7.166853e-001       
2.845355e+001       7.259431e-001       
3.414426e+001       7.356349e-001       
3.983496e+001       7.463392e-001       
4.552567e+001       7.544398e-001       
5.121638e+001       7.651442e-001       
5.690709e+001       7.751253e-001       
6.259780e+001       7.837321e-001       
6.828851e+001       7.908925e-001       
7.397922e+001       7.979082e-001       
7.966993e+001       8.037666e-001       
8.536064e+001       8.093358e-001       
9.105135e+001       8.140370e-001       
9.674207e+001       8.180150e-001       
1.024328e+002       8.208357e-001       
1.081235e+002       8.230779e-001       
1.138142e+002       8.237288e-001       
1.195049e+002       8.228609e-001       
1.251956e+002       8.205464e-001       
1.308863e+002       8.166408e-001       
1.365770e+002       8.125905e-001       
1.422677e+002       8.074553e-001       
1.479585e+002       8.002226e-001       
1.536492e+002       7.904585e-001       
1.593399e+002       7.808391e-001       
1.650306e+002       7.720152e-001       
1.707213e+002       7.602260e-001       
1.764120e+002       7.511851e-001       
1.821027e+002       7.383833e-001       
1.877934e+002       7.265217e-001       
1.934841e+002       7.141538e-001       
1.991748e+002       7.027262e-001       
2.048655e+002       6.905030e-001       
2.105562e+002       6.805219e-001       
2.162469e+002       6.710472e-001       
2.219376e+002       6.627296e-001       
2.276283e+002       6.541950e-001       
2.333190e+002       6.480472e-001       
2.390097e+002       6.411039e-001       
2.447004e+002       6.353900e-001       
2.503911e+002       6.343775e-001       
2.560818e+002       6.339436e-001       
2.617726e+002       6.320630e-001       
2.674633e+002       6.336542e-001       
2.731540e+002       6.375599e-001       
2.788447e+002       6.392957e-001       
2.845354e+002       6.450818e-001       
2.902261e+002       6.495661e-001       
2.959168e+002       6.554969e-001       
3.016075e+002       6.628742e-001       
3.072982e+002       6.709025e-001       
3.129889e+002       6.817515e-001       
3.186796e+002       6.912263e-001       
3.243703e+002       7.018583e-001       
3.300610e+002       7.127073e-001       
3.357517e+002       7.226884e-001       
3.414424e+002       7.317292e-001       
3.471331e+002       7.456883e-001       
3.528238e+002       7.543675e-001       
3.585145e+002       7.636253e-001       
3.642052e+002       7.732447e-001       
3.698959e+002       7.829365e-001       
3.755866e+002       7.893736e-001       
3.812773e+002       7.968956e-001       
3.869680e+002       8.034050e-001       
3.926588e+002       8.078892e-001       
3.983495e+002       8.130245e-001       
4.040402e+002       8.157005e-001       
4.097309e+002       8.193169e-001       
4.154216e+002       8.193892e-001       
4.211123e+002       8.182319e-001       
4.268030e+002       8.185213e-001       
4.324937e+002       8.157005e-001       
4.381844e+002       8.132414e-001       
4.438751e+002       8.094804e-001       
4.495658e+002       8.049238e-001       
4.552565e+002       7.990654e-001       
4.609472e+002       7.918327e-001       
4.666379e+002       7.867699e-001       
4.723286e+002       7.783076e-001       
4.780193e+002       7.684712e-001       
4.837100e+002       7.588518e-001       
4.894007e+002       7.474241e-001       
4.950914e+002       7.378770e-001       
5.007821e+002       7.263047e-001       
5.064728e+002       7.170469e-001       
5.121636e+002       7.054023e-001       
5.178543e+002       6.914433e-001       
5.235450e+002       6.822578e-001       
5.292358e+002       6.715534e-001       
5.349265e+002       6.604151e-001       
5.406172e+002       6.502894e-001       
5.463080e+002       6.421164e-001       
5.519987e+002       6.358963e-001       
5.576895e+002       6.285914e-001       
5.633802e+002       6.244687e-001       
5.690709e+002       6.218650e-001       
5.747617e+002       6.212140e-001       
5.804524e+002       6.224436e-001       
5.861431e+002       6.259876e-001       
5.918339e+002       6.300379e-001       
5.975246e+002       6.360410e-001       
6.032153e+002       6.450095e-001       
6.089061e+002       6.545566e-001       
6.145968e+002       6.656950e-001       
6.202875e+002       6.758930e-001       
6.259783e+002       6.868144e-001       
6.316690e+002       7.000501e-001       
6.373597e+002       7.155281e-001       
6.430505e+002       7.264494e-001       
6.487412e+002       7.401915e-001       
6.544319e+002       7.518361e-001       
6.601227e+002       7.632636e-001       
6.658134e+002       7.740403e-001       
6.715042e+002       7.847447e-001       
6.771949e+002       7.926283e-001       
6.828856e+002       8.014522e-001       
6.885764e+002       8.104207e-001       
6.942671e+002       8.146156e-001       
6.999578e+002       8.188829e-001       
7.056486e+002       8.227162e-001       
7.113393e+002       8.240181e-001       
7.170300e+002       8.267665e-001       
7.227208e+002       8.254646e-001       
7.284115e+002       8.234395e-001       
7.341022e+002       8.198231e-001       
7.397930e+002       8.156282e-001       
7.454837e+002       8.130968e-001       
7.511744e+002       8.056471e-001       
7.568652e+002       8.011628e-001       
7.625559e+002       7.940025e-001       
7.682466e+002       7.851787e-001       
7.739374e+002       7.757038e-001       
7.796281e+002       7.685435e-001       
7.853188e+002       7.598643e-001       
7.910096e+002       7.499555e-001       
7.967003e+002       7.415656e-001       
8.023911e+002       7.350563e-001       
8.080818e+002       7.225437e-001       
8.137725e+002       7.142985e-001       
8.194633e+002       7.043174e-001       
8.251540e+002       6.909370e-001       
8.308447e+002       6.813899e-001       
8.365355e+002       6.735786e-001       
8.422262e+002       6.660566e-001       
8.479169e+002       6.588239e-001       
8.536077e+002       6.503617e-001       
8.592984e+002       6.454435e-001       
8.649891e+002       6.404529e-001       
8.706799e+002       6.356071e-001       
8.763706e+002       6.337989e-001       
8.820613e+002       6.288807e-001       
8.877521e+002       6.314844e-001       
8.934428e+002       6.319907e-001       
8.991335e+002       6.349561e-001       
9.048243e+002       6.424781e-001       
9.105150e+002       6.469623e-001       
9.162057e+002       6.539780e-001       
9.218965e+002       6.647547e-001       
9.275872e+002       6.736509e-001       
9.332780e+002       6.837766e-001       
9.389687e+002       6.968678e-001       
9.446594e+002       7.121287e-001       
9.503502e+002       7.244965e-001       
9.560409e+002       7.386726e-001       
9.617316e+002       7.539335e-001       
9.674224e+002       7.664461e-001       
9.731131e+002       7.809114e-001       
9.788038e+002       7.895906e-001       
9.844946e+002       8.026094e-001       
9.901853e+002       8.117226e-001       
9.958760e+002       8.202571e-001       
1.001567e+003       8.282130e-001       
1.007258e+003       8.339269e-001       
1.012948e+003       8.377602e-001       
1.018639e+003       8.417382e-001       
1.024330e+003       8.412318e-001       
1.030020e+003       8.423167e-001       
1.035711e+003       8.374709e-001       
1.041402e+003       8.371092e-001       
1.047092e+003       8.311061e-001       
1.052783e+003       8.263326e-001       
1.058474e+003       8.208357e-001       
1.064164e+003       8.112163e-001       
1.069855e+003       8.002949e-001       
1.075546e+003       7.927729e-001       
1.081236e+003       7.847447e-001       
1.086927e+003       7.752699e-001       
1.092618e+003       7.642039e-001       
1.098308e+003       7.537165e-001       
1.103999e+003       7.414210e-001       
1.109690e+003       7.312229e-001       
1.115380e+003       7.213142e-001       
1.121071e+003       7.097419e-001       
1.126762e+003       6.988206e-001       
1.132453e+003       6.891288e-001       
1.138143e+003       6.790754e-001       
1.143834e+003       6.696006e-001       
1.149525e+003       6.609937e-001       
1.155215e+003       6.523145e-001       
1.160906e+003       6.456605e-001       
1.166597e+003       6.392234e-001       
1.172287e+003       6.332203e-001       
1.177978e+003       6.289530e-001       
1.183669e+003       6.270725e-001       
1.189359e+003       6.277958e-001       
1.195050e+003       6.280851e-001       
1.200741e+003       6.317014e-001       
1.206431e+003       6.335096e-001       
1.212122e+003       6.392957e-001       
1.217813e+003       6.457328e-001       
1.223503e+003       6.541227e-001       
1.229194e+003       6.588963e-001       
1.234885e+003       6.707578e-001       
1.240575e+003       6.803772e-001       
1.246266e+003       6.932514e-001       
1.251957e+003       7.066318e-001       
1.257647e+003       7.219651e-001       
1.263338e+003       7.341883e-001       
1.269029e+003       7.493770e-001       
1.274719e+003       7.641316e-001       
1.280410e+003       7.781630e-001       
1.286101e+003       7.924836e-001       
1.291791e+003       8.030434e-001       
1.297482e+003       8.150496e-001       
1.303173e+003       8.249583e-001       
1.308863e+003       8.354457e-001       
1.314554e+003       8.439803e-001       
1.320245e+003       8.488262e-001       
1.325935e+003       8.525872e-001       
1.331626e+003       8.539613e-001       
1.337317e+003       8.541783e-001       
1.343007e+003       8.521532e-001       
1.348698e+003       8.469456e-001       
1.354389e+003       8.398576e-001       
1.360079e+003       8.321187e-001       
1.365770e+003       8.239458e-001       
1.371461e+003       8.122289e-001       
1.377151e+003       8.012352e-001       
1.382842e+003       7.888673e-001       
1.388533e+003       7.734618e-001       
1.394224e+003       7.616001e-001       
1.399914e+003       7.487983e-001       
1.405605e+003       7.362858e-001       
1.411296e+003       7.215312e-001       
1.416986e+003       7.087293e-001       
1.422677e+003       6.966508e-001       
1.428368e+003       6.859464e-001       
1.434058e+003       6.745188e-001       
1.439749e+003       6.643931e-001       
1.445440e+003       6.547013e-001       
1.451130e+003       6.468900e-001       
1.456821e+003       6.403806e-001       
1.462512e+003       6.325693e-001       
1.468202e+003       6.288807e-001       
1.473893e+003       6.258429e-001       
1.479584e+003       6.105097e-001       
1.485274e+003       5.483087e-001       
1.490965e+003       7.550908e-001       
1.496656e+003       9.654891e-001       
1.502346e+003       1.167570e+000       
1.508037e+003       1.374858e+000       
1.513728e+003       1.572961e+000       
1.519418e+003       1.770268e+000       
1.525109e+003       1.969384e+000       
1.530800e+003       2.162858e+000       
1.536490e+003       2.330294e+000       
1.542181e+003       2.369784e+000       
1.547872e+003       2.369784e+000       
1.553562e+003       2.369784e+000       
1.559253e+003       2.369784e+000       
1.564944e+003       2.369784e+000       
1.570634e+003       2.369784e+000       
1.576325e+003       2.369784e+000       
1.582016e+003       2.369784e+000       
1.587706e+003       2.369784e+000       
1.593397e+003       2.369784e+000       
1.599088e+003       2.369784e+000       
1.604778e+003       2.369784e+000       
1.610469e+003       2.369784e+000       
1.616160e+003       2.369784e+000       
1.621850e+003       2.369784e+000       
1.627541e+003       2.369784e+000       
1.633232e+003       2.369784e+000       
1.638922e+003       2.369784e+000       
1.644613e+003       2.369784e+000       
1.650304e+003       2.369784e+000       
1.655995e+003       2.369784e+000       
1.661685e+003       2.369784e+000       
1.667376e+003       2.369784e+000       
1.673067e+003       2.369784e+000       
1.678757e+003       2.369784e+000       
1.684448e+003       2.369784e+000       
1.690139e+003       2.369784e+000       
1.695829e+003       2.369784e+000       
1.701520e+003       2.369784e+000       
1.707211e+003       2.369784e+000       
1.712901e+003       2.369784e+000       
1.718592e+003       2.369784e+000       
1.724283e+003       2.369784e+000       
1.729973e+003       2.369784e+000       
1.735664e+003       2.369784e+000       
1.741355e+003       2.369784e+000       
1.747045e+003       2.369784e+000       
1.752736e+003       2.369784e+000       
1.758427e+003       2.369784e+000       
1.764117e+003       2.369784e+000       
1.769808e+003       2.369784e+000       
1.775499e+003       2.369784e+000       
1.781189e+003       2.369784e+000       
1.786880e+003       2.369784e+000       
1.792571e+003       2.369784e+000       
1.798261e+003       2.369784e+000       
1.803952e+003       2.369784e+000       
1.809643e+003       2.369784e+000       
1.815333e+003       2.369784e+000       
1.821024e+003       2.369784e+000       
1.826715e+003       2.369784e+000       
1.832405e+003       2.369784e+000       
1.838096e+003       2.369784e+000       
1.843787e+003       2.369784e+000       
1.849477e+003       2.369784e+000       
1.855168e+003       2.369784e+000       
1.860859e+003       2.369784e+000       
1.866549e+003       2.369784e+000       
1.872240e+003       2.369784e+000       
1.877931e+003       2.369784e+000       
1.883621e+003       2.369784e+000       
1.889312e+003       2.369784e+000       
1.895003e+003       2.369784e+000       
1.900693e+003       2.369784e+000       
1.906384e+003       2.369784e+000       
1.912075e+003       2.369784e+000       
1.917766e+003       2.369784e+000       
1.923456e+003       2.369784e+000       
1.929147e+003       2.369784e+000       
1.934838e+003       2.369784e+000       
1.940528e+003       2.369784e+000       
1.946219e+003       2.369784e+000       
1.951910e+003       2.369784e+000       
1.957600e+003       2.369784e+000       
1.963291e+003       2.369784e+000       
1.968982e+003       2.369784e+000       
1.974672e+003       2.369784e+000       
1.980363e+003       2.369784e+000       
1.986054e+003       2.369784e+000       
1.991744e+003       2.369784e+000       
1.997435e+003       2.369784e+000       
2.003126e+003       2.369784e+000       
2.008816e+003       2.369784e+000       
2.014507e+003       2.369784e+000       
2.020198e+003       2.369784e+000       
2.025888e+003       2.369784e+000       
2.031579e+003       2.369784e+000       
2.037270e+003       2.369784e+000       
2.042960e+003       2.369784e+000       
2.048651e+003       2.369784e+000       
2.054342e+003       2.369784e+000       
2.060032e+003       2.369784e+000       
2.065723e+003       2.369784e+000       
2.071414e+003       2.369784e+000       
2.077104e+003       2.369784e+000       
2.082795e+003       2.369784e+000       
2.088486e+003       2.369784e+000       
2.094177e+003       2.369784e+000       
2.099867e+003       2.369784e+000       
2.105558e+003       2.369784e+000       
2.111249e+003       2.369784e+000       
2.116939e+003       2.369784e+000       
2.122630e+003       2.369784e+000       
2.128321e+003       2.369784e+000       
2.134011e+003       2.369784e+000       
2.139702e+003       2.369784e+000       
2.145393e+003       2.369784e+000       
2.151083e+003       2.369784e+000       
2.156774e+003       2.369784e+000       
2.162465e+003       2.369784e+000       
2.168155e+003       2.369784e+000       
2.173846e+003       2.369784e+000       
2.179537e+003       2.369784e+000       
2.185227e+003       2.369784e+000       
2.190918e+003       2.369784e+000       
2.196609e+003       2.369784e+000       
2.202299e+003       2.369784e+000       
2.207990e+003       2.369784e+000       
2.213681e+003       2.369784e+000       
2.219371e+003       2.369784e+000       
2.225062e+003       2.369784e+000       
2.230753e+003       2.369784e+000       
2.236443e+003       2.369784e+000       
2.242134e+003       2.369784e+000       
2.247825e+003       2.369784e+000       
2.253515e+003       2.369784e+000       
2.259206e+003       2.369784e+000       
2.264897e+003       2.369784e+000       
2.270587e+003       2.369784e+000       
2.276278e+003       2.369784e+000       
2.281969e+003       2.369784e+000       
2.287659e+003       2.369784e+000       
2.293350e+003       2.369784e+000       
2.299041e+003       2.369784e+000       
2.304731e+003       2.369784e+000       
2.310422e+003       2.369784e+000       
2.316113e+003       2.369784e+000       
2.321803e+003       2.369784e+000       
2.327494e+003       2.369784e+000       
2.333185e+003       2.369784e+000       
2.338875e+003       2.369784e+000       
2.344566e+003       2.369784e+000       
2.350257e+003       2.369784e+000       
2.355948e+003       2.369784e+000       
2.361638e+003       2.369784e+000       
2.367329e+003       2.369784e+000       
2.373020e+003       2.369784e+000       
2.378710e+003       2.369784e+000       
2.384401e+003       2.369784e+000       
2.390092e+003       2.369784e+000       
2.395782e+003       2.369784e+000       
2.401473e+003       2.369784e+000       
2.407164e+003       2.369784e+000       
2.412854e+003       2.369784e+000       
2.418545e+003       2.369784e+000       
2.424236e+003       2.369784e+000       
2.429926e+003       2.369784e+000       
2.435617e+003       2.369784e+000       
2.441308e+003       2.369784e+000       
2.446998e+003       2.369784e+000       
2.452689e+003       2.369784e+000       
2.458380e+003       2.369784e+000       
2.464070e+003       2.369784e+000       
2.469761e+003       2.369784e+000       
2.475452e+003       2.369784e+000       
2.481142e+003       2.369784e+000       
2.486833e+003       2.369784e+000       
2.492524e+003       2.369784e+000       
2.498214e+003       2.369784e+000       
2.503905e+003       2.369784e+000       
2.509596e+003       2.369784e+000       
2.515286e+003       2.369784e+000       
2.520977e+003       2.369784e+000       
2.526668e+003       2.369784e+000       
2.532358e+003       2.369784e+000       
2.538049e+003       2.369784e+000       
2.543740e+003       2.369784e+000       
2.549430e+003       2.369784e+000       
2.555121e+003       2.369784e+000       
2.560812e+003       2.369784e+000       
2.566502e+003       2.369784e+000       
2.572193e+003       2.369784e+000       
2.577884e+003       2.369784e+000       
2.583574e+003       2.369784e+000       
2.589265e+003       2.369784e+000       
2.594956e+003       2.369784e+000       
2.600646e+003       2.369784e+000       
2.606337e+003       2.369784e+000       
2.612028e+003       2.369784e+000       
2.617719e+003       2.369784e+000       
2.623409e+003       2.369784e+000       
2.629100e+003       2.369784e+000       
2.634791e+003       2.369784e+000       
2.640481e+003       2.369784e+000       
2.646172e+003       2.369784e+000       
2.651863e+003       2.369784e+000       
2.657553e+003       2.369784e+000       
2.663244e+003       2.369784e+000       
2.668935e+003       2.369784e+000       
2.674625e+003       2.369784e+000       
2.680316e+003       2.369784e+000       
2.686007e+003       2.369784e+000       
2.691697e+003       2.369784e+000       
2.697388e+003       2.369784e+000       
2.703079e+003       2.369784e+000       
2.708769e+003       2.369784e+000       
2.714460e+003       2.369784e+000       
2.720151e+003       2.369784e+000       
2.725841e+003       2.369784e+000       
2.731532e+003       2.369784e+000       
2.737223e+003       2.369784e+000       
2.742913e+003       2.369784e+000       
2.748604e+003       2.369784e+000       
2.754295e+003       2.369784e+000       
2.759985e+003       2.369784e+000       
2.765676e+003       2.369784e+000       
2.771367e+003       2.369784e+000       
2.777057e+003       2.369784e+000       
2.782748e+003       2.369784e+000       
2.788439e+003       2.369784e+000       
2.794129e+003       2.369784e+000       
2.799820e+003       2.369784e+000       
2.805511e+003       2.369784e+000       
2.811201e+003       2.369784e+000       
2.816892e+003       2.369784e+000       
2.822583e+003       2.369784e+000       
2.828273e+003       2.369784e+000       
2.833964e+003       2.369784e+000       
2.839655e+003       2.369784e+000       
2.845345e+003       2.369784e+000       
2.851036e+003       2.369784e+000       
2.856727e+003       2.369784e+000       
2.862417e+003       2.369784e+000       
2.868108e+003       2.369784e+000       
2.873799e+003       2.369784e+000       
2.879490e+003       2.369784e+000       
2.885180e+003       2.369784e+000       
2.890871e+003       2.369784e+000       
2.896562e+003       2.369784e+000       
2.902252e+003       2.369784e+000       
2.907943e+003       2.369784e+000       

Retract Data
0.000000e+000       2.369784e+000       
5.690710e+000       2.369784e+000       
1.138142e+001       2.369784e+000       
1.707213e+001       2.369784e+000       
2.276284e+001       2.369784e+000       
2.845355e+001       2.369784e+000       
3.414426e+001       2.369784e+000       
3.983496e+001       2.369784e+000       
4.552567e+001       2.369784e+000       
5.121638e+001       2.369784e+000       
5.690709e+001       2.369784e+000       
6.259780e+001       2.369784e+000       
6.828851e+001       2.369784e+000       
7.397922e+001       2.369784e+000       
7.966993e+001       2.369784e+000       
8.536064e+001       2.369784e+000       
9.105135e+001       2.369784e+000       
9.674207e+001       2.369784e+000       
1.024328e+002       2.369784e+000       
1.081235e+002       2.369784e+000       
1.138142e+002       2.369784e+000       
1.195049e+002       2.369784e+000       
1.251956e+002       2.369784e+000       
1.308863e+002       2.369784e+000       
1.365770e+002       2.369784e+000       
1.422677e+002       2.369784e+000       
1.479585e+002       2.369784e+000       
1.536492e+002       2.369784e+000       
1.593399e+002       2.369784e+000       
1.650306e+002       2.369784e+000       
1.707213e+002       2.369784e+000       
1.764120e+002       2.369784e+000       
1.821027e+002       2.369784e+000       
1.877934e+002       2.369784e+000       
1.934841e+002       2.369784e+000       
1.991748e+002       2.369784e+000       
2.048655e+002       2.369784e+000       
2.105562e+002       2.369784e+000       
2.162469e+002       2.369784e+000       
2.219376e+002       2.369784e+000       
2.276283e+002       2.369784e+000       
2.333190e+002       2.369784e+000       
2.390097e+002       2.369784e+000       
2.447004e+002       2.369784e+000       
2.503911e+002       2.369784e+000       
2.560818e+002       2.369784e+000       
2.617726e+002       2.369784e+000       
2.674633e+002       2.369784e+000       
2.731540e+002       2.369784e+000       
2.788447e+002       2.369784e+000       
2.845354e+002       2.369784e+000       
2.902261e+002       2.369784e+000       
2.959168e+002       2.369784e+000       
3.016075e+002       2.369784e+000       
3.072982e+002       2.369784e+000       
3.129889e+002       2.369784e+000       
3.186796e+002       2.369784e+000       
3.243703e+002       2.369784e+000       
3.300610e+002       2.369784e+000       
3.357517e+002       2.369784e+000       
3.414424e+002       2.369784e+000       
3.471331e+002       2.369784e+000       
3.528238e+002       2.369784e+000       
3.585145e+002       2.369784e+000       
3.642052e+002       2.369784e+000       
3.698959e+002       2.369784e+000       
3.755866e+002       2.369784e+000       
3.812773e+002       2.369784e+000       
3.869680e+002       2.369784e+000       
3.926588e+002       2.369784e+000       
3.983495e+002       2.369784e+000       
4.040402e+002       2.369784e+000       
4.097309e+002       2.369784e+000       
4.154216e+002       2.369784e+000       
4.211123e+002       2.369784e+000       
4.268030e+002       2.369784e+000       
4.324937e+002       2.369784e+000       
4.381844e+002       2.369784e+000       
4.438751e+002       2.369784e+000       
4.495658e+002       2.369784e+000       
4.552565e+002       2.369784e+000       
4.609472e+002       2.369784e+000       
4.666379e+002       2.369784e+000       
4.723286e+002       2.369784e+000       
4.780193e+002       2.369784e+000       
4.837100e+002       2.369784e+000       
4.894007e+002       2.369784e+000       
4.950914e+002       2.369784e+000       
5.007821e+002       2.369784e+000       
5.064728e+002       2.369784e+000       
5.121636e+002       2.369784e+000       
5.178543e+002       2.369784e+000       
5.235450e+002       2.369784e+000       
5.292358e+002       2.369784e+000       
5.349265e+002       2.369784e+000       
5.406172e+002       2.369784e+000       
5.463080e+002       2.369784e+000       
5.519987e+002       2.369784e+000       
5.576895e+002       2.369784e+000       
5.633802e+002       2.369784e+000       
5.690709e+002       2.369784e+000       
5.747617e+002       2.369784e+000       
5.804524e+002       2.369784e+000       
5.861431e+002       2.369784e+000       
5.918339e+002       2.369784e+000       
5.975246e+002       2.369784e+000       
6.032153e+002       2.369784e+000       
6.089061e+002       2.369784e+000       
6.145968e+002       2.369784e+000       
6.202875e+002       2.369784e+000       
6.259783e+002       2.369784e+000       
6.316690e+002       2.369784e+000       
6.373597e+002       2.369784e+000       
6.430505e+002       2.369784e+000       
6.487412e+002       2.369784e+000       
6.544319e+002       2.369784e+000       
6.601227e+002       2.369784e+000       
6.658134e+002       2.369784e+000       
6.715042e+002       2.369784e+000       
6.771949e+002       2.369784e+000       
6.828856e+002       2.369784e+000       
6.885764e+002       2.369784e+000       
6.942671e+002       2.369784e+000       
6.999578e+002       2.369784e+000       
7.056486e+002       2.369784e+000       
7.113393e+002       2.369784e+000       
7.170300e+002       2.369784e+000       
7.227208e+002       2.369784e+000       
7.284115e+002       2.369784e+000       
7.341022e+002       2.369784e+000       
7.397930e+002       2.369784e+000       
7.454837e+002       2.369784e+000       
7.511744e+002       2.369784e+000       
7.568652e+002       2.369784e+000       
7.625559e+002       2.369784e+000       
7.682466e+002       2.369784e+000       
7.739374e+002       2.369784e+000       
7.796281e+002       2.369784e+000       
7.853188e+002       2.369784e+000       
7.910096e+002       2.369784e+000       
7.967003e+002       2.369784e+000       
8.023911e+002       2.369784e+000       
8.080818e+002       2.369784e+000       
8.137725e+002       2.369784e+000       
8.194633e+002       2.369784e+000       
8.251540e+002       2.369784e+000       
8.308447e+002       2.369784e+000       
8.365355e+002       2.369784e+000       
8.422262e+002       2.369784e+000       
8.479169e+002       2.369784e+000       
8.536077e+002       2.369784e+000       
8.592984e+002       2.369784e+000       
8.649891e+002       2.369784e+000       
8.706799e+002       2.369784e+000       
8.763706e+002       2.369784e+000       
8.820613e+002       2.369784e+000       
8.877521e+002       2.369784e+000       
8.934428e+002       2.369784e+000       
8.991335e+002       2.369784e+000       
9.048243e+002       2.369784e+000       
9.105150e+002       2.369784e+000       
9.162057e+002       2.369784e+000       
9.218965e+002       2.369784e+000       
9.275872e+002       2.369784e+000       
9.332780e+002       2.369784e+000       
9.389687e+002       2.369784e+000       
9.446594e+002       2.369784e+000       
9.503502e+002       2.369784e+000       
9.560409e+002       2.369784e+000       
9.617316e+002       2.369784e+000       
9.674224e+002       2.369784e+000       
9.731131e+002       2.369784e+000       
9.788038e+002       2.369784e+000       
9.844946e+002       2.369784e+000       
9.901853e+002       2.369784e+000       
9.958760e+002       2.369784e+000       
1.001567e+003       2.369784e+000       
1.007258e+003       2.369784e+000       
1.012948e+003       2.369784e+000       
1.018639e+003       2.369784e+000       
1.024330e+003       2.369784e+000       
1.030020e+003       2.369784e+000       
1.035711e+003       2.369784e+000       
1.041402e+003       2.369784e+000       
1.047092e+003       2.369784e+000       
1.052783e+003       2.369784e+000       
1.058474e+003       2.369784e+000       
1.064164e+003       2.369784e+000       
1.069855e+003       2.369784e+000       
1.075546e+003       2.369784e+000       
1.081236e+003       2.369784e+000       
1.086927e+003       2.369784e+000       
1.092618e+003       2.369784e+000       
1.098308e+003       2.369784e+000       
1.103999e+003       2.369784e+000       
1.109690e+003       2.369784e+000       
1.115380e+003       2.369784e+000       
1.121071e+003       2.369784e+000       
1.126762e+003       2.369784e+000       
1.132453e+003       2.369784e+000       
1.138143e+003       2.369784e+000       
1.143834e+003       2.369784e+000       
1.149525e+003       2.369784e+000       
1.155215e+003       2.369784e+000       
1.160906e+003       2.369784e+000       
1.166597e+003       2.369784e+000       
1.172287e+003       2.369784e+000       
1.177978e+003       2.369784e+000       
1.183669e+003       2.369784e+000       
1.189359e+003       2.369784e+000       
1.195050e+003       2.369784e+000       
1.200741e+003       2.369784e+000       
1.206431e+003       2.369784e+000       
1.212122e+003       2.369784e+000       
1.217813e+003       2.369784e+000       
1.223503e+003       2.369784e+000       
1.229194e+003       2.369784e+000       
1.234885e+003       2.369784e+000       
1.240575e+003       2.369784e+000       
1.246266e+003       2.369784e+000       
1.251957e+003       2.369784e+000       
1.257647e+003       2.369784e+000       
1.263338e+003       2.369784e+000       
1.269029e+003       2.369784e+000       
1.274719e+003       2.369784e+000       
1.280410e+003       2.369784e+000       
1.286101e+003       2.369784e+000       
1.291791e+003       2.369784e+000       
1.297482e+003       2.369784e+000       
1.303173e+003       2.369784e+000       
1.308863e+003       2.369784e+000       
1.314554e+003       2.369784e+000       
1.320245e+003       2.369784e+000       
1.325935e+003       2.369784e+000       
1.331626e+003       2.369784e+000       
1.337317e+003       2.369784e+000       
1.343007e+003       2.369784e+000       
1.348698e+003       2.369784e+000       
1.354389e+003       2.369784e+000       
1.360079e+003       2.369784e+000       
1.365770e+003       2.369784e+000       
1.371461e+003       2.369784e+000       
1.377151e+003       2.369784e+000       
1.382842e+003       2.369784e+000       
1.388533e+003       2.369784e+000       
1.394224e+003       2.369784e+000       
1.399914e+003       2.369784e+000       
1.405605e+003       2.369784e+000       
1.411296e+003       2.369784e+000       
1.416986e+003       2.369784e+000       
1.422677e+003       2.369784e+000       
1.428368e+003       2.369784e+000       
1.434058e+003       2.369784e+000       
1.439749e+003       2.303533e+000       
1.445440e+003       2.100584e+000       
1.451130e+003       1.894092e+000       
1.456821e+003       1.692517e+000       
1.462512e+003       1.502515e+000       
1.468202e+003       1.331028e+000       
1.473893e+003       1.185001e+000       
1.479584e+003       1.060599e+000       
1.485274e+003       9.185491e-001       
1.490965e+003       7.506065e-001       
1.496656e+003       5.701514e-001       
1.502346e+003       3.635140e-001       
1.508037e+003       1.363358e-001       
1.513728e+003       -9.532659e-002      
1.519418e+003       -3.154891e-001      
1.525109e+003       -4.019195e-001      
1.530800e+003       6.395850e-001       
1.536490e+003       6.655503e-001       
1.542181e+003       6.758207e-001       
1.547872e+003       6.873206e-001       
1.553562e+003       6.986759e-001       
1.559253e+003       7.119840e-001       
1.564944e+003       7.231224e-001       
1.570634e+003       7.376600e-001       
1.576325e+003       7.510405e-001       
1.582016e+003       7.642763e-001       
1.587706e+003       7.799711e-001       
1.593397e+003       7.934963e-001       
1.599088e+003       8.057918e-001       
1.604778e+003       8.160622e-001       
1.610469e+003       8.271282e-001       
1.616160e+003       8.364583e-001       
1.621850e+003       8.438356e-001       
1.627541e+003       8.515022e-001       
1.633232e+003       8.535274e-001       
1.638922e+003       8.546123e-001       
1.644613e+003       8.543953e-001       
1.650304e+003       8.509960e-001       
1.655995e+003       8.470903e-001       
1.661685e+003       8.389897e-001       
1.667376e+003       8.301659e-001       
1.673067e+003       8.198954e-001       
1.678757e+003       8.069490e-001       
1.684448e+003       7.938579e-001       
1.690139e+003       7.791755e-001       
1.695829e+003       7.658674e-001       
1.701520e+003       7.495939e-001       
1.707211e+003       7.369367e-001       
1.712901e+003       7.219651e-001       
1.718592e+003       7.059809e-001       
1.724283e+003       6.915156e-001       
1.729973e+003       6.787861e-001       
1.735664e+003       6.679371e-001       
1.741355e+003       6.591132e-001       
1.747045e+003       6.510127e-001       
1.752736e+003       6.423334e-001       
1.758427e+003       6.369812e-001       
1.764117e+003       6.320630e-001       
1.769808e+003       6.290253e-001       
1.775499e+003       6.272895e-001       
1.781189e+003       6.294593e-001       
1.786880e+003       6.294593e-001       
1.792571e+003       6.350284e-001       
1.798261e+003       6.385725e-001       
1.803952e+003       6.459498e-001       
1.809643e+003       6.512296e-001       
1.815333e+003       6.591855e-001       
1.821024e+003       6.681541e-001       
1.826715e+003       6.794370e-001       
1.832405e+003       6.903583e-001       
1.838096e+003       7.010627e-001       
1.843787e+003       7.116224e-001       
1.849477e+003       7.210972e-001       
1.855168e+003       7.357795e-001       
1.860859e+003       7.467009e-001       
1.866549e+003       7.565373e-001       
1.872240e+003       7.691945e-001       
1.877931e+003       7.794648e-001       
1.883621e+003       7.887950e-001       
1.889312e+003       7.979805e-001       
1.895003e+003       8.053578e-001       
1.900693e+003       8.138924e-001       
1.906384e+003       8.232225e-001       
1.912075e+003       8.290809e-001       
1.917766e+003       8.332759e-001       
1.923456e+003       8.394237e-001       
1.929147e+003       8.450652e-001       
1.934838e+003       8.426061e-001       
1.940528e+003       8.405086e-001       
1.946219e+003       8.399300e-001       
1.951910e+003       8.368199e-001       
1.957600e+003       8.283577e-001       
1.963291e+003       8.234395e-001       
1.968982e+003       8.149049e-001       
1.974672e+003       8.039113e-001       
1.980363e+003       7.929176e-001       
1.986054e+003       7.785969e-001       
1.991744e+003       7.655058e-001       
1.997435e+003       7.511851e-001       
2.003126e+003       7.364305e-001       
2.008816e+003       7.216035e-001       
2.014507e+003       7.090909e-001       
2.020198e+003       6.947703e-001       
2.025888e+003       6.799433e-001       
2.031579e+003       6.706132e-001       
2.037270e+003       6.594748e-001       
2.042960e+003       6.505787e-001       
2.048651e+003       6.421888e-001       
2.054342e+003       6.378492e-001       
2.060032e+003       6.336542e-001       
2.065723e+003       6.304718e-001       
2.071414e+003       6.285914e-001       
2.077104e+003       6.309781e-001       
2.082795e+003       6.337989e-001       
2.088486e+003       6.363303e-001       
2.094177e+003       6.423334e-001       
2.099867e+003       6.474686e-001       
2.105558e+003       6.564372e-001       
2.111249e+003       6.655503e-001       
2.116939e+003       6.730723e-001       
2.122630e+003       6.834150e-001       
2.128321e+003       6.918772e-001       
2.134011e+003       7.027262e-001       
2.139702e+003       7.146601e-001       
2.145393e+003       7.252921e-001       
2.151083e+003       7.354902e-001       
2.156774e+003       7.438801e-001       
2.162465e+003       7.524870e-001       
2.168155e+003       7.623234e-001       
2.173846e+003       7.727385e-001       
2.179537e+003       7.825749e-001       
2.185227e+003       7.881441e-001       
2.190918e+003       7.980528e-001       
2.196609e+003       8.025371e-001       
2.202299e+003       8.116502e-001       
2.207990e+003       8.145433e-001       
2.213681e+003       8.183766e-001       
2.219371e+003       8.226439e-001       
2.225062e+003       8.233672e-001       
2.230753e+003       8.248137e-001       
2.236443e+003       8.230779e-001       
2.242134e+003       8.215590e-001       
2.247825e+003       8.175810e-001       
2.253515e+003       8.144709e-001       
2.259206e+003       8.070213e-001       
2.264897e+003       8.015245e-001       
2.270587e+003       7.917604e-001       
2.276278e+003       7.836598e-001       
2.281969e+003       7.720152e-001       
2.287659e+003       7.626851e-001       
2.293350e+003       7.513298e-001       
2.299041e+003       7.360688e-001       
2.304731e+003       7.232670e-001       
2.310422e+003       7.093803e-001       
2.316113e+003       6.951319e-001       
2.321803e+003       6.829087e-001       
2.327494e+003       6.710472e-001       
2.333185e+003       6.606321e-001       
2.338875e+003       6.512296e-001       
2.344566e+003       6.422611e-001       
2.350257e+003       6.331480e-001       
2.355948e+003       6.303272e-001       
2.361638e+003       6.251920e-001       
2.367329e+003       6.236008e-001       
2.373020e+003       6.228052e-001       
2.378710e+003       6.254813e-001       
2.384401e+003       6.279404e-001       
2.390092e+003       6.343775e-001       
2.395782e+003       6.416825e-001       
2.401473e+003       6.511573e-001       
2.407164e+003       6.615723e-001       
2.412854e+003       6.701069e-001       
2.418545e+003       6.818238e-001       
2.424236e+003       6.941193e-001       
2.429926e+003       7.061256e-001       
2.435617e+003       7.185658e-001       
2.441308e+003       7.304997e-001       
2.446998e+003       7.414210e-001       
2.452689e+003       7.516190e-001       
2.458380e+003       7.623957e-001       
2.464070e+003       7.704240e-001       
2.469761e+003       7.816346e-001       
2.475452e+003       7.890120e-001       
2.481142e+003       7.977635e-001       
2.486833e+003       8.026817e-001       
2.492524e+003       8.094804e-001       
2.498214e+003       8.120842e-001       
2.503905e+003       8.157005e-001       
2.509596e+003       8.186659e-001       
2.515286e+003       8.214144e-001       
2.520977e+003       8.201125e-001       
2.526668e+003       8.159175e-001       
2.532358e+003       8.164961e-001       
2.538049e+003       8.130245e-001       
2.543740e+003       8.102037e-001       
2.549430e+003       8.047069e-001       
2.555121e+003       7.990654e-001       
2.560812e+003       7.912541e-001       
2.566502e+003       7.838768e-001       
2.572193e+003       7.733171e-001       
2.577884e+003       7.644209e-001       
2.583574e+003       7.563203e-001       
2.589265e+003       7.454713e-001       
2.594956e+003       7.349839e-001       
2.600646e+003       7.230500e-001       
2.606337e+003       7.116947e-001       
2.612028e+003       7.005564e-001       
2.617719e+003       6.900690e-001       
2.623409e+003       6.805219e-001       
2.629100e+003       6.711195e-001       
2.634791e+003       6.611384e-001       
2.640481e+003       6.533994e-001       
2.646172e+003       6.477579e-001       
2.651863e+003       6.415378e-001       
2.657553e+003       6.378492e-001       
2.663244e+003       6.362580e-001       
2.668935e+003       6.353900e-001       
2.674625e+003       6.353177e-001       
2.680316e+003       6.364750e-001       
2.686007e+003       6.406699e-001       
2.691697e+003       6.434183e-001       
2.697388e+003       6.489875e-001       
2.703079e+003       6.587516e-001       
2.708769e+003       6.654056e-001       
2.714460e+003       6.748804e-001       
2.720151e+003       6.842106e-001       
2.725841e+003       6.964338e-001       
2.731532e+003       7.097419e-001       
2.737223e+003       7.206632e-001       
2.742913e+003       7.346946e-001       
2.748604e+003       7.474241e-001       
2.754295e+003       7.592134e-001       
2.759985e+003       7.720152e-001       
2.765676e+003       7.804051e-001       
2.771367e+003       7.908925e-001       
2.777057e+003       7.992824e-001       
2.782748e+003       8.076000e-001       
2.788439e+003       8.140370e-001       
2.794129e+003       8.182319e-001       
2.799820e+003       8.217036e-001       
2.805511e+003       8.240181e-001       
2.811201e+003       8.232948e-001       
2.816892e+003       8.210527e-001       
2.822583e+003       8.204018e-001       
2.828273e+003       8.167855e-001       
2.833964e+003       8.132414e-001       
2.839655e+003       8.069490e-001       
2.845345e+003       7.989208e-001       
2.851036e+003       7.911094e-001       
2.856727e+003       7.804051e-001       
2.862417e+003       7.721599e-001       
2.868108e+003       7.631190e-001       
2.873799e+003       7.532826e-001       
2.879490e+003       7.423612e-001       
2.885180e+003       7.325972e-001       
2.890871e+003       7.218928e-001       
2.896562e+003       7.131413e-001       
2.902252e+003       7.010627e-001       
2.907943e+003       6.926005e-001       
