Calculated Z (nm)   Deflection (V)      
Extend Data
0.000000e+000       6.814622e-001       
5.690710e+000       6.860911e-001       
1.138142e+001       6.953489e-001       
1.707213e+001       7.047514e-001       
2.276284e+001       7.129243e-001       
2.845355e+001       7.221821e-001       
3.414426e+001       7.305720e-001       
3.983496e+001       7.404084e-001       
4.552567e+001       7.483644e-001       
5.121638e+001       7.579115e-001       
5.690709e+001       7.676033e-001       
6.259780e+001       7.771504e-001       
6.828851e+001       7.838045e-001       
7.397922e+001       7.927729e-001       
7.966993e+001       7.995717e-001       
8.536064e+001       8.064427e-001       
9.105135e+001       8.115056e-001       
9.674207e+001       8.150496e-001       
1.024328e+002       8.188106e-001       
1.081235e+002       8.214867e-001       
1.138142e+002       8.202571e-001       
1.195049e+002       8.208357e-001       
1.251956e+002       8.204741e-001       
1.308863e+002       8.149773e-001       
1.365770e+002       8.117949e-001       
1.422677e+002       8.057918e-001       
1.479585e+002       7.992100e-001       
1.536492e+002       7.908925e-001       
1.593399e+002       7.827919e-001       
1.650306e+002       7.728831e-001       
1.707213e+002       7.600090e-001       
1.764120e+002       7.513298e-001       
1.821027e+002       7.390342e-001       
1.877934e+002       7.263771e-001       
1.934841e+002       7.149494e-001       
1.991748e+002       7.035218e-001       
2.048655e+002       6.944087e-001       
2.105562e+002       6.808112e-001       
2.162469e+002       6.700345e-001       
2.219376e+002       6.622233e-001       
2.276283e+002       6.529654e-001       
2.333190e+002       6.478302e-001       
2.390097e+002       6.430567e-001       
2.447004e+002       6.382108e-001       
2.503911e+002       6.321353e-001       
2.560818e+002       6.317737e-001       
2.617726e+002       6.306888e-001       
2.674633e+002       6.300379e-001       
2.731540e+002       6.324970e-001       
2.788447e+002       6.365473e-001       
2.845354e+002       6.393681e-001       
2.902261e+002       6.443586e-001       
2.959168e+002       6.501447e-001       
3.016075e+002       6.587516e-001       
3.072982e+002       6.677924e-001       
3.129889e+002       6.758930e-001       
3.186796e+002       6.860188e-001       
3.243703e+002       6.966508e-001       
3.300610e+002       7.065595e-001       
3.357517e+002       7.176255e-001       
3.414424e+002       7.293425e-001       
3.471331e+002       7.396128e-001       
3.528238e+002       7.516190e-001       
3.585145e+002       7.613832e-001       
3.642052e+002       7.710027e-001       
3.698959e+002       7.782353e-001       
3.755866e+002       7.865528e-001       
3.812773e+002       7.939302e-001       
3.869680e+002       7.989931e-001       
3.926588e+002       8.057194e-001       
3.983495e+002       8.110716e-001       
4.040402e+002       8.147603e-001       
4.097309e+002       8.181596e-001       
4.154216e+002       8.188106e-001       
4.211123e+002       8.177257e-001       
4.268030e+002       8.194615e-001       
4.324937e+002       8.165684e-001       
4.381844e+002       8.158452e-001       
4.438751e+002       8.101314e-001       
4.495658e+002       8.049238e-001       
4.552565e+002       7.998610e-001       
4.609472e+002       7.932792e-001       
4.666379e+002       7.880718e-001       
4.723286e+002       7.806221e-001       
4.780193e+002       7.730278e-001       
4.837100e+002       7.618895e-001       
4.894007e+002       7.518361e-001       
4.950914e+002       7.418550e-001       
5.007821e+002       7.305720e-001       
5.064728e+002       7.204463e-001       
5.121636e+002       7.083677e-001       
5.178543e+002       6.975910e-001       
5.235450e+002       6.846445e-001       
5.292358e+002       6.740848e-001       
5.349265e+002       6.631635e-001       
5.406172e+002       6.520975e-001       
5.463080e+002       6.428397e-001       
5.519987e+002       6.359687e-001       
5.576895e+002       6.303995e-001       
5.633802e+002       6.246857e-001       
5.690709e+002       6.204908e-001       
5.747617e+002       6.198398e-001       
5.804524e+002       6.202015e-001       
5.861431e+002       6.238178e-001       
5.918339e+002       6.263492e-001       
5.975246e+002       6.325693e-001       
6.032153e+002       6.395127e-001       
6.089061e+002       6.483365e-001       
6.145968e+002       6.561478e-001       
6.202875e+002       6.696006e-001       
6.259783e+002       6.791477e-001       
6.316690e+002       6.914433e-001       
6.373597e+002       7.030879e-001       
6.430505e+002       7.164683e-001       
6.487412e+002       7.297764e-001       
6.544319e+002       7.415656e-001       
6.601227e+002       7.545845e-001       
6.658134e+002       7.648548e-001       
6.715042e+002       7.756315e-001       
6.771949e+002       7.874208e-001       
6.828856e+002       7.961723e-001       
6.885764e+002       8.031157e-001       
6.942671e+002       8.100591e-001       
6.999578e+002       8.151219e-001       
7.056486e+002       8.180150e-001       
7.113393e+002       8.213420e-001       
7.170300e+002       8.227162e-001       
7.227208e+002       8.238735e-001       
7.284115e+002       8.217036e-001       
7.341022e+002       8.183043e-001       
7.397930e+002       8.165684e-001       
7.454837e+002       8.102037e-001       
7.511744e+002       8.077446e-001       
7.568652e+002       8.012352e-001       
7.625559e+002       7.961723e-001       
7.682466e+002       7.880718e-001       
7.739374e+002       7.813454e-001       
7.796281e+002       7.723768e-001       
7.853188e+002       7.638423e-001       
7.910096e+002       7.552354e-001       
7.967003e+002       7.457606e-001       
8.023911e+002       7.346223e-001       
8.080818e+002       7.242072e-001       
8.137725e+002       7.150941e-001       
8.194633e+002       7.056193e-001       
8.251540e+002       6.935408e-001       
8.308447e+002       6.846445e-001       
8.365355e+002       6.748804e-001       
8.422262e+002       6.669245e-001       
8.479169e+002       6.578113e-001       
8.536077e+002       6.484089e-001       
8.592984e+002       6.402360e-001       
8.649891e+002       6.361133e-001       
8.706799e+002       6.301826e-001       
8.763706e+002       6.285914e-001       
8.820613e+002       6.251920e-001       
8.877521e+002       6.251920e-001       
8.934428e+002       6.277958e-001       
8.991335e+002       6.298932e-001       
9.048243e+002       6.357517e-001       
9.105150e+002       6.396573e-001       
9.162057e+002       6.445755e-001       
9.218965e+002       6.535441e-001       
9.275872e+002       6.641761e-001       
9.332780e+002       6.751698e-001       
9.389687e+002       6.871760e-001       
9.446594e+002       7.009181e-001       
9.503502e+002       7.148048e-001       
9.560409e+002       7.299934e-001       
9.617316e+002       7.456160e-001       
9.674224e+002       7.581285e-001       
9.731131e+002       7.709303e-001       
9.788038e+002       7.851787e-001       
9.844946e+002       7.977635e-001       
9.901853e+002       8.094081e-001       
9.958760e+002       8.180873e-001       
1.001567e+003       8.274174e-001       
1.007258e+003       8.337099e-001       
1.012948e+003       8.363860e-001       
1.018639e+003       8.406532e-001       
1.024330e+003       8.423167e-001       
1.030020e+003       8.399300e-001       
1.035711e+003       8.395683e-001       
1.041402e+003       8.366753e-001       
1.047092e+003       8.308891e-001       
1.052783e+003       8.273451e-001       
1.058474e+003       8.217036e-001       
1.064164e+003       8.133137e-001       
1.069855e+003       8.055748e-001       
1.075546e+003       7.990654e-001       
1.081236e+003       7.882164e-001       
1.086927e+003       7.759209e-001       
1.092618e+003       7.682542e-001       
1.098308e+003       7.569712e-001       
1.103999e+003       7.487983e-001       
1.109690e+003       7.370814e-001       
1.115380e+003       7.251475e-001       
1.121071e+003       7.154557e-001       
1.126762e+003       7.064872e-001       
1.132453e+003       6.957105e-001       
1.138143e+003       6.860188e-001       
1.143834e+003       6.765440e-001       
1.149525e+003       6.646824e-001       
1.155215e+003       6.541950e-001       
1.160906e+003       6.471793e-001       
1.166597e+003       6.413208e-001       
1.172287e+003       6.350284e-001       
1.177978e+003       6.308335e-001       
1.183669e+003       6.282297e-001       
1.189359e+003       6.274341e-001       
1.195050e+003       6.253366e-001       
1.200741e+003       6.262046e-001       
1.206431e+003       6.304718e-001       
1.212122e+003       6.324970e-001       
1.217813e+003       6.379215e-001       
1.223503e+003       6.433460e-001       
1.229194e+003       6.517359e-001       
1.234885e+003       6.605598e-001       
1.240575e+003       6.722767e-001       
1.246266e+003       6.851509e-001       
1.251957e+003       6.974463e-001       
1.257647e+003       7.097419e-001       
1.263338e+003       7.234840e-001       
1.269029e+003       7.383833e-001       
1.274719e+003       7.518361e-001       
1.280410e+003       7.655058e-001       
1.286101e+003       7.791755e-001       
1.291791e+003       7.934239e-001       
1.297482e+003       8.077446e-001       
1.303173e+003       8.194615e-001       
1.308863e+003       8.277068e-001       
1.314554e+003       8.367476e-001       
1.320245e+003       8.436186e-001       
1.325935e+003       8.500557e-001       
1.331626e+003       8.512129e-001       
1.337317e+003       8.521532e-001       
1.343007e+003       8.509237e-001       
1.348698e+003       8.473796e-001       
1.354389e+003       8.411595e-001       
1.360079e+003       8.343608e-001       
1.365770e+003       8.241627e-001       
1.371461e+003       8.140370e-001       
1.377151e+003       8.021755e-001       
1.382842e+003       7.906032e-001       
1.388533e+003       7.787416e-001       
1.394224e+003       7.669523e-001       
1.399914e+003       7.514021e-001       
1.405605e+003       7.384556e-001       
1.411296e+003       7.237009e-001       
1.416986e+003       7.094526e-001       
1.422677e+003       6.988929e-001       
1.428368e+003       6.873206e-001       
1.434058e+003       6.742295e-001       
1.439749e+003       6.643208e-001       
1.445440e+003       6.526762e-001       
1.451130e+003       6.452988e-001       
1.456821e+003       6.369089e-001       
1.462512e+003       6.311951e-001       
1.468202e+003       6.266385e-001       
1.473893e+003       6.244687e-001       
1.479584e+003       5.755759e-001       
1.485274e+003       6.783521e-001       
1.490965e+003       8.930901e-001       
1.496656e+003       1.112457e+000       
1.502346e+003       1.321915e+000       
1.508037e+003       1.516763e+000       
1.513728e+003       1.718193e+000       
1.519418e+003       1.923239e+000       
1.525109e+003       2.110493e+000       
1.530800e+003       2.297892e+000       
1.536490e+003       2.369784e+000       
1.542181e+003       2.369784e+000       
1.547872e+003       2.369784e+000       
1.553562e+003       2.369784e+000       
1.559253e+003       2.369784e+000       
1.564944e+003       2.369784e+000       
1.570634e+003       2.369784e+000       
1.576325e+003       2.369784e+000       
1.582016e+003       2.369784e+000       
1.587706e+003       2.369784e+000       
1.593397e+003       2.369784e+000       
1.599088e+003       2.369784e+000       
1.604778e+003       2.369784e+000       
1.610469e+003       2.369784e+000       
1.616160e+003       2.369784e+000       
1.621850e+003       2.369784e+000       
1.627541e+003       2.369784e+000       
1.633232e+003       2.369784e+000       
1.638922e+003       2.369784e+000       
1.644613e+003       2.369784e+000       
1.650304e+003       2.369784e+000       
1.655995e+003       2.369784e+000       
1.661685e+003       2.369784e+000       
1.667376e+003       2.369784e+000       
1.673067e+003       2.369784e+000       
1.678757e+003       2.369784e+000       
1.684448e+003       2.369784e+000       
1.690139e+003       2.369784e+000       
1.695829e+003       2.369784e+000       
1.701520e+003       2.369784e+000       
1.707211e+003       2.369784e+000       
1.712901e+003       2.369784e+000       
1.718592e+003       2.369784e+000       
1.724283e+003       2.369784e+000       
1.729973e+003       2.369784e+000       
1.735664e+003       2.369784e+000       
1.741355e+003       2.369784e+000       
1.747045e+003       2.369784e+000       
1.752736e+003       2.369784e+000       
1.758427e+003       2.369784e+000       
1.764117e+003       2.369784e+000       
1.769808e+003       2.369784e+000       
1.775499e+003       2.369784e+000       
1.781189e+003       2.369784e+000       
1.786880e+003       2.369784e+000       
1.792571e+003       2.369784e+000       
1.798261e+003       2.369784e+000       
1.803952e+003       2.369784e+000       
1.809643e+003       2.369784e+000       
1.815333e+003       2.369784e+000       
1.821024e+003       2.369784e+000       
1.826715e+003       2.369784e+000       
1.832405e+003       2.369784e+000       
1.838096e+003       2.369784e+000       
1.843787e+003       2.369784e+000       
1.849477e+003       2.369784e+000       
1.855168e+003       2.369784e+000       
1.860859e+003       2.369784e+000       
1.866549e+003       2.369784e+000       
1.872240e+003       2.369784e+000       
1.877931e+003       2.369784e+000       
1.883621e+003       2.369784e+000       
1.889312e+003       2.369784e+000       
1.895003e+003       2.369784e+000       
1.900693e+003       2.369784e+000       
1.906384e+003       2.369784e+000       
1.912075e+003       2.369784e+000       
1.917766e+003       2.369784e+000       
1.923456e+003       2.369784e+000       
1.929147e+003       2.369784e+000       
1.934838e+003       2.369784e+000       
1.940528e+003       2.369784e+000       
1.946219e+003       2.369784e+000       
1.951910e+003       2.369784e+000       
1.957600e+003       2.369784e+000       
1.963291e+003       2.369784e+000       
1.968982e+003       2.369784e+000       
1.974672e+003       2.369784e+000       
1.980363e+003       2.369784e+000       
1.986054e+003       2.369784e+000       
1.991744e+003       2.369784e+000       
1.997435e+003       2.369784e+000       
2.003126e+003       2.369784e+000       
2.008816e+003       2.369784e+000       
2.014507e+003       2.369784e+000       
2.020198e+003       2.369784e+000       
2.025888e+003       2.369784e+000       
2.031579e+003       2.369784e+000       
2.037270e+003       2.369784e+000       
2.042960e+003       2.369784e+000       
2.048651e+003       2.369784e+000       
2.054342e+003       2.369784e+000       
2.060032e+003       2.369784e+000       
2.065723e+003       2.369784e+000       
2.071414e+003       2.369784e+000       
2.077104e+003       2.369784e+000       
2.082795e+003       2.369784e+000       
2.088486e+003       2.369784e+000       
2.094177e+003       2.369784e+000       
2.099867e+003       2.369784e+000       
2.105558e+003       2.369784e+000       
2.111249e+003       2.369784e+000       
2.116939e+003       2.369784e+000       
2.122630e+003       2.369784e+000       
2.128321e+003       2.369784e+000       
2.134011e+003       2.369784e+000       
2.139702e+003       2.369784e+000       
2.145393e+003       2.369784e+000       
2.151083e+003       2.369784e+000       
2.156774e+003       2.369784e+000       
2.162465e+003       2.369784e+000       
2.168155e+003       2.369784e+000       
2.173846e+003       2.369784e+000       
2.179537e+003       2.369784e+000       
2.185227e+003       2.369784e+000       
2.190918e+003       2.369784e+000       
2.196609e+003       2.369784e+000       
2.202299e+003       2.369784e+000       
2.207990e+003       2.369784e+000       
2.213681e+003       2.369784e+000       
2.219371e+003       2.369784e+000       
2.225062e+003       2.369784e+000       
2.230753e+003       2.369784e+000       
2.236443e+003       2.369784e+000       
2.242134e+003       2.369784e+000       
2.247825e+003       2.369784e+000       
2.253515e+003       2.369784e+000       
2.259206e+003       2.369784e+000       
2.264897e+003       2.369784e+000       
2.270587e+003       2.369784e+000       
2.276278e+003       2.369784e+000       
2.281969e+003       2.369784e+000       
2.287659e+003       2.369784e+000       
2.293350e+003       2.369784e+000       
2.299041e+003       2.369784e+000       
2.304731e+003       2.369784e+000       
2.310422e+003       2.369784e+000       
2.316113e+003       2.369784e+000       
2.321803e+003       2.369784e+000       
2.327494e+003       2.369784e+000       
2.333185e+003       2.369784e+000       
2.338875e+003       2.369784e+000       
2.344566e+003       2.369784e+000       
2.350257e+003       2.369784e+000       
2.355948e+003       2.369784e+000       
2.361638e+003       2.369784e+000       
2.367329e+003       2.369784e+000       
2.373020e+003       2.369784e+000       
2.378710e+003       2.369784e+000       
2.384401e+003       2.369784e+000       
2.390092e+003       2.369784e+000       
2.395782e+003       2.369784e+000       
2.401473e+003       2.369784e+000       
2.407164e+003       2.369784e+000       
2.412854e+003       2.369784e+000       
2.418545e+003       2.369784e+000       
2.424236e+003       2.369784e+000       
2.429926e+003       2.369784e+000       
2.435617e+003       2.369784e+000       
2.441308e+003       2.369784e+000       
2.446998e+003       2.369784e+000       
2.452689e+003       2.369784e+000       
2.458380e+003       2.369784e+000       
2.464070e+003       2.369784e+000       
2.469761e+003       2.369784e+000       
2.475452e+003       2.369784e+000       
2.481142e+003       2.369784e+000       
2.486833e+003       2.369784e+000       
2.492524e+003       2.369784e+000       
2.498214e+003       2.369784e+000       
2.503905e+003       2.369784e+000       
2.509596e+003       2.369784e+000       
2.515286e+003       2.369784e+000       
2.520977e+003       2.369784e+000       
2.526668e+003       2.369784e+000       
2.532358e+003       2.369784e+000       
2.538049e+003       2.369784e+000       
2.543740e+003       2.369784e+000       
2.549430e+003       2.369784e+000       
2.555121e+003       2.369784e+000       
2.560812e+003       2.369784e+000       
2.566502e+003       2.369784e+000       
2.572193e+003       2.369784e+000       
2.577884e+003       2.369784e+000       
2.583574e+003       2.369784e+000       
2.589265e+003       2.369784e+000       
2.594956e+003       2.369784e+000       
2.600646e+003       2.369784e+000       
2.606337e+003       2.369784e+000       
2.612028e+003       2.369784e+000       
2.617719e+003       2.369784e+000       
2.623409e+003       2.369784e+000       
2.629100e+003       2.369784e+000       
2.634791e+003       2.369784e+000       
2.640481e+003       2.369784e+000       
2.646172e+003       2.369784e+000       
2.651863e+003       2.369784e+000       
2.657553e+003       2.369784e+000       
2.663244e+003       2.369784e+000       
2.668935e+003       2.369784e+000       
2.674625e+003       2.369784e+000       
2.680316e+003       2.369784e+000       
2.686007e+003       2.369784e+000       
2.691697e+003       2.369784e+000       
2.697388e+003       2.369784e+000       
2.703079e+003       2.369784e+000       
2.708769e+003       2.369784e+000       
2.714460e+003       2.369784e+000       
2.720151e+003       2.369784e+000       
2.725841e+003       2.369784e+000       
2.731532e+003       2.369784e+000       
2.737223e+003       2.369784e+000       
2.742913e+003       2.369784e+000       
2.748604e+003       2.369784e+000       
2.754295e+003       2.369784e+000       
2.759985e+003       2.369784e+000       
2.765676e+003       2.369784e+000       
2.771367e+003       2.369784e+000       
2.777057e+003       2.369784e+000       
2.782748e+003       2.369784e+000       
2.788439e+003       2.369784e+000       
2.794129e+003       2.369784e+000       
2.799820e+003       2.369784e+000       
2.805511e+003       2.369784e+000       
2.811201e+003       2.369784e+000       
2.816892e+003       2.369784e+000       
2.822583e+003       2.369784e+000       
2.828273e+003       2.369784e+000       
2.833964e+003       2.369784e+000       
2.839655e+003       2.369784e+000       
2.845345e+003       2.369784e+000       
2.851036e+003       2.369784e+000       
2.856727e+003       2.369784e+000       
2.862417e+003       2.369784e+000       
2.868108e+003       2.369784e+000       
2.873799e+003       2.369784e+000       
2.879490e+003       2.369784e+000       
2.885180e+003       2.369784e+000       
2.890871e+003       2.369784e+000       
2.896562e+003       2.369784e+000       
2.902252e+003       2.369784e+000       
2.907943e+003       2.369784e+000       

Retract Data
0.000000e+000       2.369784e+000       
5.690710e+000       2.369784e+000       
1.138142e+001       2.369784e+000       
1.707213e+001       2.369784e+000       
2.276284e+001       2.369784e+000       
2.845355e+001       2.369784e+000       
3.414426e+001       2.369784e+000       
3.983496e+001       2.369784e+000       
4.552567e+001       2.369784e+000       
5.121638e+001       2.369784e+000       
5.690709e+001       2.369784e+000       
6.259780e+001       2.369784e+000       
6.828851e+001       2.369784e+000       
7.397922e+001       2.369784e+000       
7.966993e+001       2.369784e+000       
8.536064e+001       2.369784e+000       
9.105135e+001       2.369784e+000       
9.674207e+001       2.369784e+000       
1.024328e+002       2.369784e+000       
1.081235e+002       2.369784e+000       
1.138142e+002       2.369784e+000       
1.195049e+002       2.369784e+000       
1.251956e+002       2.369784e+000       
1.308863e+002       2.369784e+000       
1.365770e+002       2.369784e+000       
1.422677e+002       2.369784e+000       
1.479585e+002       2.369784e+000       
1.536492e+002       2.369784e+000       
1.593399e+002       2.369784e+000       
1.650306e+002       2.369784e+000       
1.707213e+002       2.369784e+000       
1.764120e+002       2.369784e+000       
1.821027e+002       2.369784e+000       
1.877934e+002       2.369784e+000       
1.934841e+002       2.369784e+000       
1.991748e+002       2.369784e+000       
2.048655e+002       2.369784e+000       
2.105562e+002       2.369784e+000       
2.162469e+002       2.369784e+000       
2.219376e+002       2.369784e+000       
2.276283e+002       2.369784e+000       
2.333190e+002       2.369784e+000       
2.390097e+002       2.369784e+000       
2.447004e+002       2.369784e+000       
2.503911e+002       2.369784e+000       
2.560818e+002       2.369784e+000       
2.617726e+002       2.369784e+000       
2.674633e+002       2.369784e+000       
2.731540e+002       2.369784e+000       
2.788447e+002       2.369784e+000       
2.845354e+002       2.369784e+000       
2.902261e+002       2.369784e+000       
2.959168e+002       2.369784e+000       
3.016075e+002       2.369784e+000       
3.072982e+002       2.369784e+000       
3.129889e+002       2.369784e+000       
3.186796e+002       2.369784e+000       
3.243703e+002       2.369784e+000       
3.300610e+002       2.369784e+000       
3.357517e+002       2.369784e+000       
3.414424e+002       2.369784e+000       
3.471331e+002       2.369784e+000       
3.528238e+002       2.369784e+000       
3.585145e+002       2.369784e+000       
3.642052e+002       2.369784e+000       
3.698959e+002       2.369784e+000       
3.755866e+002       2.369784e+000       
3.812773e+002       2.369784e+000       
3.869680e+002       2.369784e+000       
3.926588e+002       2.369784e+000       
3.983495e+002       2.369784e+000       
4.040402e+002       2.369784e+000       
4.097309e+002       2.369784e+000       
4.154216e+002       2.369784e+000       
4.211123e+002       2.369784e+000       
4.268030e+002       2.369784e+000       
4.324937e+002       2.369784e+000       
4.381844e+002       2.369784e+000       
4.438751e+002       2.369784e+000       
4.495658e+002       2.369784e+000       
4.552565e+002       2.369784e+000       
4.609472e+002       2.369784e+000       
4.666379e+002       2.369784e+000       
4.723286e+002       2.369784e+000       
4.780193e+002       2.369784e+000       
4.837100e+002       2.369784e+000       
4.894007e+002       2.369784e+000       
4.950914e+002       2.369784e+000       
5.007821e+002       2.369784e+000       
5.064728e+002       2.369784e+000       
5.121636e+002       2.369784e+000       
5.178543e+002       2.369784e+000       
5.235450e+002       2.369784e+000       
5.292358e+002       2.369784e+000       
5.349265e+002       2.369784e+000       
5.406172e+002       2.369784e+000       
5.463080e+002       2.369784e+000       
5.519987e+002       2.369784e+000       
5.576895e+002       2.369784e+000       
5.633802e+002       2.369784e+000       
5.690709e+002       2.369784e+000       
5.747617e+002       2.369784e+000       
5.804524e+002       2.369784e+000       
5.861431e+002       2.369784e+000       
5.918339e+002       2.369784e+000       
5.975246e+002       2.369784e+000       
6.032153e+002       2.369784e+000       
6.089061e+002       2.369784e+000       
6.145968e+002       2.369784e+000       
6.202875e+002       2.369784e+000       
6.259783e+002       2.369784e+000       
6.316690e+002       2.369784e+000       
6.373597e+002       2.369784e+000       
6.430505e+002       2.369784e+000       
6.487412e+002       2.369784e+000       
6.544319e+002       2.369784e+000       
6.601227e+002       2.369784e+000       
6.658134e+002       2.369784e+000       
6.715042e+002       2.369784e+000       
6.771949e+002       2.369784e+000       
6.828856e+002       2.369784e+000       
6.885764e+002       2.369784e+000       
6.942671e+002       2.369784e+000       
6.999578e+002       2.369784e+000       
7.056486e+002       2.369784e+000       
7.113393e+002       2.369784e+000       
7.170300e+002       2.369784e+000       
7.227208e+002       2.369784e+000       
7.284115e+002       2.369784e+000       
7.341022e+002       2.369784e+000       
7.397930e+002       2.369784e+000       
7.454837e+002       2.369784e+000       
7.511744e+002       2.369784e+000       
7.568652e+002       2.369784e+000       
7.625559e+002       2.369784e+000       
7.682466e+002       2.369784e+000       
7.739374e+002       2.369784e+000       
7.796281e+002       2.369784e+000       
7.853188e+002       2.369784e+000       
7.910096e+002       2.369784e+000       
7.967003e+002       2.369784e+000       
8.023911e+002       2.369784e+000       
8.080818e+002       2.369784e+000       
8.137725e+002       2.369784e+000       
8.194633e+002       2.369784e+000       
8.251540e+002       2.369784e+000       
8.308447e+002       2.369784e+000       
8.365355e+002       2.369784e+000       
8.422262e+002       2.369784e+000       
8.479169e+002       2.369784e+000       
8.536077e+002       2.369784e+000       
8.592984e+002       2.369784e+000       
8.649891e+002       2.369784e+000       
8.706799e+002       2.369784e+000       
8.763706e+002       2.369784e+000       
8.820613e+002       2.369784e+000       
8.877521e+002       2.369784e+000       
8.934428e+002       2.369784e+000       
8.991335e+002       2.369784e+000       
9.048243e+002       2.369784e+000       
9.105150e+002       2.369784e+000       
9.162057e+002       2.369784e+000       
9.218965e+002       2.369784e+000       
9.275872e+002       2.369784e+000       
9.332780e+002       2.369784e+000       
9.389687e+002       2.369784e+000       
9.446594e+002       2.369784e+000       
9.503502e+002       2.369784e+000       
9.560409e+002       2.369784e+000       
9.617316e+002       2.369784e+000       
9.674224e+002       2.369784e+000       
9.731131e+002       2.369784e+000       
9.788038e+002       2.369784e+000       
9.844946e+002       2.369784e+000       
9.901853e+002       2.369784e+000       
9.958760e+002       2.369784e+000       
1.001567e+003       2.369784e+000       
1.007258e+003       2.369784e+000       
1.012948e+003       2.369784e+000       
1.018639e+003       2.369784e+000       
1.024330e+003       2.369784e+000       
1.030020e+003       2.369784e+000       
1.035711e+003       2.369784e+000       
1.041402e+003       2.369784e+000       
1.047092e+003       2.369784e+000       
1.052783e+003       2.369784e+000       
1.058474e+003       2.369784e+000       
1.064164e+003       2.369784e+000       
1.069855e+003       2.369784e+000       
1.075546e+003       2.369784e+000       
1.081236e+003       2.369784e+000       
1.086927e+003       2.369784e+000       
1.092618e+003       2.369784e+000       
1.098308e+003       2.369784e+000       
1.103999e+003       2.369784e+000       
1.109690e+003       2.369784e+000       
1.115380e+003       2.369784e+000       
1.121071e+003       2.369784e+000       
1.126762e+003       2.369784e+000       
1.132453e+003       2.369784e+000       
1.138143e+003       2.369784e+000       
1.143834e+003       2.369784e+000       
1.149525e+003       2.369784e+000       
1.155215e+003       2.369784e+000       
1.160906e+003       2.369784e+000       
1.166597e+003       2.369784e+000       
1.172287e+003       2.369784e+000       
1.177978e+003       2.369784e+000       
1.183669e+003       2.369784e+000       
1.189359e+003       2.369784e+000       
1.195050e+003       2.369784e+000       
1.200741e+003       2.369784e+000       
1.206431e+003       2.369784e+000       
1.212122e+003       2.369784e+000       
1.217813e+003       2.369784e+000       
1.223503e+003       2.369784e+000       
1.229194e+003       2.369784e+000       
1.234885e+003       2.369784e+000       
1.240575e+003       2.369784e+000       
1.246266e+003       2.369784e+000       
1.251957e+003       2.369784e+000       
1.257647e+003       2.369784e+000       
1.263338e+003       2.369784e+000       
1.269029e+003       2.369784e+000       
1.274719e+003       2.369784e+000       
1.280410e+003       2.369784e+000       
1.286101e+003       2.369784e+000       
1.291791e+003       2.369784e+000       
1.297482e+003       2.369784e+000       
1.303173e+003       2.369784e+000       
1.308863e+003       2.369784e+000       
1.314554e+003       2.369784e+000       
1.320245e+003       2.369784e+000       
1.325935e+003       2.369784e+000       
1.331626e+003       2.369784e+000       
1.337317e+003       2.369784e+000       
1.343007e+003       2.369784e+000       
1.348698e+003       2.369784e+000       
1.354389e+003       2.369784e+000       
1.360079e+003       2.369784e+000       
1.365770e+003       2.369784e+000       
1.371461e+003       2.369784e+000       
1.377151e+003       2.369784e+000       
1.382842e+003       2.369784e+000       
1.388533e+003       2.369784e+000       
1.394224e+003       2.369784e+000       
1.399914e+003       2.369784e+000       
1.405605e+003       2.369784e+000       
1.411296e+003       2.369784e+000       
1.416986e+003       2.369784e+000       
1.422677e+003       2.369784e+000       
1.428368e+003       2.369784e+000       
1.434058e+003       2.369784e+000       
1.439749e+003       2.369784e+000       
1.445440e+003       2.369784e+000       
1.451130e+003       2.348809e+000       
1.456821e+003       2.198732e+000       
1.462512e+003       1.995711e+000       
1.468202e+003       1.794642e+000       
1.473893e+003       1.601458e+000       
1.479584e+003       1.391059e+000       
1.485274e+003       1.175092e+000       
1.490965e+003       9.470458e-001       
1.496656e+003       7.163236e-001       
1.502346e+003       4.765606e-001       
1.508037e+003       2.385335e-001       
1.513728e+003       8.679204e-004       
1.519418e+003       -2.277568e-001      
1.525109e+003       -4.414099e-001      
1.530800e+003       1.902916e-001       
1.536490e+003       6.587516e-001       
1.542181e+003       6.710472e-001       
1.547872e+003       6.834873e-001       
1.553562e+003       7.018583e-001       
1.559253e+003       7.161067e-001       
1.564944e+003       7.301381e-001       
1.570634e+003       7.426506e-001       
1.576325e+003       7.596473e-001       
1.582016e+003       7.753422e-001       
1.587706e+003       7.872761e-001       
1.593397e+003       8.005843e-001       
1.599088e+003       8.136030e-001       
1.604778e+003       8.235841e-001       
1.610469e+003       8.325527e-001       
1.616160e+003       8.426061e-001       
1.621850e+003       8.501281e-001       
1.627541e+003       8.542507e-001       
1.633232e+003       8.554802e-001       
1.638922e+003       8.544676e-001       
1.644613e+003       8.552632e-001       
1.650304e+003       8.501281e-001       
1.655995e+003       8.429677e-001       
1.661685e+003       8.353010e-001       
1.667376e+003       8.233672e-001       
1.673067e+003       8.125905e-001       
1.678757e+003       7.992824e-001       
1.684448e+003       7.838768e-001       
1.690139e+003       7.704240e-001       
1.695829e+003       7.553800e-001       
1.701520e+003       7.408424e-001       
1.707211e+003       7.260154e-001       
1.712901e+003       7.125627e-001       
1.718592e+003       6.978080e-001       
1.724283e+003       6.838490e-001       
1.729973e+003       6.719874e-001       
1.735664e+003       6.627296e-001       
1.741355e+003       6.526038e-001       
1.747045e+003       6.447202e-001       
1.752736e+003       6.388617e-001       
1.758427e+003       6.350284e-001       
1.764117e+003       6.325693e-001       
1.769808e+003       6.298209e-001       
1.775499e+003       6.294593e-001       
1.781189e+003       6.305442e-001       
1.786880e+003       6.337989e-001       
1.792571e+003       6.402360e-001       
1.798261e+003       6.473240e-001       
1.803952e+003       6.527485e-001       
1.809643e+003       6.608490e-001       
1.815333e+003       6.686603e-001       
1.821024e+003       6.763993e-001       
1.826715e+003       6.881886e-001       
1.832405e+003       6.994715e-001       
1.838096e+003       7.103928e-001       
1.843787e+003       7.210249e-001       
1.849477e+003       7.315845e-001       
1.855168e+003       7.419996e-001       
1.860859e+003       7.547291e-001       
1.866549e+003       7.651442e-001       
1.872240e+003       7.767888e-001       
1.877931e+003       7.874931e-001       
1.883621e+003       7.945088e-001       
1.889312e+003       8.066597e-001       
1.895003e+003       8.143986e-001       
1.900693e+003       8.222100e-001       
1.906384e+003       8.283577e-001       
1.912075e+003       8.342885e-001       
1.917766e+003       8.384835e-001       
1.923456e+003       8.419551e-001       
1.929147e+003       8.454268e-001       
1.934838e+003       8.447759e-001       
1.940528e+003       8.441973e-001       
1.946219e+003       8.410872e-001       
1.951910e+003       8.365306e-001       
1.957600e+003       8.289363e-001       
1.963291e+003       8.212697e-001       
1.968982e+003       8.106377e-001       
1.974672e+003       8.000780e-001       
1.980363e+003       7.873484e-001       
1.986054e+003       7.728108e-001       
1.991744e+003       7.574775e-001       
1.997435e+003       7.431569e-001       
2.003126e+003       7.281852e-001       
2.008816e+003       7.150218e-001       
2.014507e+003       6.994715e-001       
2.020198e+003       6.876823e-001       
2.025888e+003       6.743018e-001       
2.031579e+003       6.648270e-001       
2.037270e+003       6.529654e-001       
2.042960e+003       6.454435e-001       
2.048651e+003       6.398020e-001       
2.054342e+003       6.333649e-001       
2.060032e+003       6.323524e-001       
2.065723e+003       6.293146e-001       
2.071414e+003       6.295316e-001       
2.077104e+003       6.312674e-001       
2.082795e+003       6.356071e-001       
2.088486e+003       6.396573e-001       
2.094177e+003       6.474686e-001       
2.099867e+003       6.542673e-001       
2.105558e+003       6.617170e-001       
2.111249e+003       6.707578e-001       
2.116939e+003       6.808112e-001       
2.122630e+003       6.889118e-001       
2.128321e+003       6.994715e-001       
2.134011e+003       7.099589e-001       
2.139702e+003       7.195783e-001       
2.145393e+003       7.288362e-001       
2.151083e+003       7.412763e-001       
2.156774e+003       7.493046e-001       
2.162465e+003       7.602983e-001       
2.168155e+003       7.707133e-001       
2.173846e+003       7.790309e-001       
2.179537e+003       7.866252e-001       
2.185227e+003       7.963170e-001       
2.190918e+003       8.008012e-001       
2.196609e+003       8.089018e-001       
2.202299e+003       8.154836e-001       
2.207990e+003       8.178703e-001       
2.213681e+003       8.222823e-001       
2.219371e+003       8.240904e-001       
2.225062e+003       8.268389e-001       
2.230753e+003       8.269112e-001       
2.236443e+003       8.258986e-001       
2.242134e+003       8.232225e-001       
2.247825e+003       8.176534e-001       
2.253515e+003       8.112163e-001       
2.259206e+003       8.060811e-001       
2.264897e+003       7.964616e-001       
2.270587e+003       7.882887e-001       
2.276278e+003       7.780183e-001       
2.281969e+003       7.668077e-001       
2.287659e+003       7.563927e-001       
2.293350e+003       7.435185e-001       
2.299041e+003       7.284022e-001       
2.304731e+003       7.157450e-001       
2.310422e+003       7.022923e-001       
2.316113e+003       6.910093e-001       
2.321803e+003       6.774119e-001       
2.327494e+003       6.662012e-001       
2.333185e+003       6.547013e-001       
2.338875e+003       6.457328e-001       
2.344566e+003       6.387894e-001       
2.350257e+003       6.306165e-001       
2.355948e+003       6.264216e-001       
2.361638e+003       6.227329e-001       
2.367329e+003       6.225159e-001       
2.373020e+003       6.238178e-001       
2.378710e+003       6.249750e-001       
2.384401e+003       6.291699e-001       
2.390092e+003       6.356071e-001       
2.395782e+003       6.427674e-001       
2.401473e+003       6.540504e-001       
2.407164e+003       6.626572e-001       
2.412854e+003       6.736509e-001       
2.418545e+003       6.854401e-001       
2.424236e+003       6.963615e-001       
2.429926e+003       7.103205e-001       
2.435617e+003       7.216035e-001       
2.441308e+003       7.325972e-001       
2.446998e+003       7.432292e-001       
2.452689e+003       7.554524e-001       
2.458380e+003       7.644209e-001       
2.464070e+003       7.765718e-001       
2.469761e+003       7.846000e-001       
2.475452e+003       7.910371e-001       
2.481142e+003       7.971849e-001       
2.486833e+003       8.034050e-001       
2.492524e+003       8.079616e-001       
2.498214e+003       8.115779e-001       
2.503905e+003       8.147603e-001       
2.509596e+003       8.162068e-001       
2.515286e+003       8.183043e-001       
2.520977e+003       8.176534e-001       
2.526668e+003       8.171471e-001       
2.532358e+003       8.176534e-001       
2.538049e+003       8.120118e-001       
2.543740e+003       8.069490e-001       
2.549430e+003       8.023201e-001       
2.555121e+003       7.955214e-001       
2.560812e+003       7.872038e-001       
2.566502e+003       7.793202e-001       
2.572193e+003       7.697008e-001       
2.577884e+003       7.597920e-001       
2.583574e+003       7.493046e-001       
2.589265e+003       7.383109e-001       
2.594956e+003       7.252921e-001       
2.600646e+003       7.151664e-001       
2.606337e+003       7.046067e-001       
2.612028e+003       6.935408e-001       
2.617719e+003       6.819685e-001       
2.623409e+003       6.713364e-001       
2.629100e+003       6.633805e-001       
2.634791e+003       6.557862e-001       
2.640481e+003       6.499277e-001       
2.646172e+003       6.426227e-001       
2.651863e+003       6.373429e-001       
2.657553e+003       6.349561e-001       
2.663244e+003       6.317737e-001       
2.668935e+003       6.311951e-001       
2.674625e+003       6.303272e-001       
2.680316e+003       6.329309e-001       
2.686007e+003       6.382108e-001       
2.691697e+003       6.445032e-001       
2.697388e+003       6.494215e-001       
2.703079e+003       6.588239e-001       
2.708769e+003       6.678647e-001       
2.714460e+003       6.771226e-001       
2.720151e+003       6.879716e-001       
2.725841e+003       7.014244e-001       
2.731532e+003       7.133582e-001       
2.737223e+003       7.249305e-001       
2.742913e+003       7.381663e-001       
2.748604e+003       7.501726e-001       
2.754295e+003       7.626851e-001       
2.759985e+003       7.740403e-001       
2.765676e+003       7.834428e-001       
2.771367e+003       7.934239e-001       
2.777057e+003       8.015245e-001       
2.782748e+003       8.070213e-001       
2.788439e+003       8.136030e-001       
2.794129e+003       8.174363e-001       
2.799820e+003       8.215590e-001       
2.805511e+003       8.243074e-001       
2.811201e+003       8.243797e-001       
2.816892e+003       8.218483e-001       
2.822583e+003       8.187382e-001       
2.828273e+003       8.143263e-001       
2.833964e+003       8.107823e-001       
2.839655e+003       8.014522e-001       
2.845345e+003       7.944365e-001       
2.851036e+003       7.888673e-001       
2.856727e+003       7.767888e-001       
2.862417e+003       7.695561e-001       
2.868108e+003       7.594303e-001       
2.873799e+003       7.487260e-001       
2.879490e+003       7.367198e-001       
2.885180e+003       7.277513e-001       
2.890871e+003       7.176255e-001       
2.896562e+003       7.078614e-001       
2.902252e+003       6.969401e-001       
2.907943e+003       6.886948e-001       
