Calculated Z (nm)   Deflection (V)      
Extend Data
0.000000e+000       7.495939e-001       
5.472960e+000       7.593580e-001       
1.094592e+001       7.694837e-001       
1.641888e+001       7.789586e-001       
2.189184e+001       7.887227e-001       
2.736480e+001       7.988484e-001       
3.283776e+001       8.060811e-001       
3.831072e+001       8.130245e-001       
4.378368e+001       8.196062e-001       
4.925665e+001       8.227162e-001       
5.472961e+001       8.278514e-001       
6.020257e+001       8.308891e-001       
6.567553e+001       8.322634e-001       
7.114849e+001       8.315400e-001       
7.662145e+001       8.327696e-001       
8.209441e+001       8.316847e-001       
8.756738e+001       8.316124e-001       
9.304034e+001       8.305275e-001       
9.851330e+001       8.314677e-001       
1.039863e+002       8.319017e-001       
1.094592e+002       8.336375e-001       
1.149322e+002       8.327696e-001       
1.204051e+002       8.351564e-001       
1.258781e+002       8.363137e-001       
1.313511e+002       8.373262e-001       
1.368240e+002       8.351564e-001       
1.422970e+002       8.320464e-001       
1.477699e+002       8.331313e-001       
1.532429e+002       8.332036e-001       
1.587159e+002       8.358797e-001       
1.641888e+002       8.326973e-001       
1.696618e+002       8.352287e-001       
1.751348e+002       8.366753e-001       
1.806077e+002       8.332759e-001       
1.860807e+002       8.334929e-001       
1.915536e+002       8.326250e-001       
1.970266e+002       8.304552e-001       
2.024996e+002       8.274174e-001       
2.079725e+002       8.233672e-001       
2.134455e+002       7.914711e-001       
2.189184e+002       6.873930e-001       
2.243914e+002       6.769056e-001       
2.298644e+002       6.703962e-001       
2.353373e+002       6.662012e-001       
2.408103e+002       6.646824e-001       
2.462832e+002       6.611384e-001       
2.517562e+002       6.625849e-001       
2.572292e+002       6.643208e-001       
2.627021e+002       6.683710e-001       
2.681751e+002       6.705408e-001       
2.736480e+002       6.772672e-001       
2.791210e+002       6.832703e-001       
2.845940e+002       6.917326e-001       
2.900669e+002       6.998332e-001       
2.955399e+002       7.101036e-001       
3.010128e+002       7.205909e-001       
3.064858e+002       7.299210e-001       
3.119588e+002       7.406977e-001       
3.174317e+002       7.516190e-001       
3.229047e+002       7.621064e-001       
3.283777e+002       7.716536e-001       
3.338506e+002       7.817793e-001       
3.393236e+002       7.890843e-001       
3.447965e+002       7.987037e-001       
3.502695e+002       8.044899e-001       
3.557425e+002       8.096974e-001       
3.612154e+002       8.148326e-001       
3.666884e+002       8.202571e-001       
3.721613e+002       8.232948e-001       
3.776343e+002       8.272728e-001       
3.831073e+002       8.306721e-001       
3.885802e+002       8.324803e-001       
3.940532e+002       8.344331e-001       
3.995262e+002       8.353010e-001       
4.049991e+002       8.349394e-001       
4.104721e+002       8.341438e-001       
4.159450e+002       8.338546e-001       
4.214180e+002       8.342162e-001       
4.268910e+002       8.358073e-001       
4.323639e+002       8.387004e-001       
4.378369e+002       8.402916e-001       
4.433098e+002       8.402193e-001       
4.487828e+002       8.397853e-001       
4.542558e+002       8.400746e-001       
4.597287e+002       8.441973e-001       
4.652017e+002       8.465840e-001       
4.706747e+002       8.421721e-001       
4.761476e+002       8.457161e-001       
4.816206e+002       8.447759e-001       
4.870935e+002       8.473796e-001       
4.925665e+002       8.417382e-001       
4.980395e+002       8.434017e-001       
5.035124e+002       8.441249e-001       
5.089854e+002       8.475243e-001       
5.144583e+002       8.407979e-001       
5.199313e+002       7.464839e-001       
5.254042e+002       6.763993e-001       
5.308772e+002       6.683710e-001       
5.363502e+002       6.703238e-001       
5.418231e+002       6.696729e-001       
5.472961e+002       6.736509e-001       
5.527690e+002       6.728553e-001       
5.582420e+002       6.764717e-001       
5.637150e+002       6.811728e-001       
5.691879e+002       6.871036e-001       
5.746609e+002       6.955659e-001       
5.801339e+002       7.021476e-001       
5.856068e+002       7.115501e-001       
5.910798e+002       7.189997e-001       
5.965527e+002       7.294148e-001       
6.020257e+002       7.389619e-001       
6.074987e+002       7.501002e-001       
6.129716e+002       7.610939e-001       
6.184446e+002       7.707856e-001       
6.239175e+002       7.826473e-001       
6.293905e+002       7.945811e-001       
6.348635e+002       8.004396e-001       
6.403364e+002       8.086125e-001       
6.458094e+002       8.172194e-001       
6.512823e+002       8.257539e-001       
6.567553e+002       8.319740e-001       
6.622283e+002       8.377602e-001       
6.677012e+002       8.417382e-001       
6.731742e+002       8.449928e-001       
6.786472e+002       8.465117e-001       
6.841201e+002       8.460777e-001       
6.895931e+002       8.435463e-001       
6.950660e+002       8.434740e-001       
7.005390e+002       8.449928e-001       
7.060120e+002       8.427507e-001       
7.114849e+002       8.406532e-001       
7.169579e+002       8.368199e-001       
7.224308e+002       8.331313e-001       
7.279038e+002       8.321910e-001       
7.333768e+002       8.311061e-001       
7.388497e+002       8.269112e-001       
7.443227e+002       8.292980e-001       
7.497957e+002       8.274174e-001       
7.552686e+002       8.239458e-001       
7.607416e+002       8.218483e-001       
7.662145e+002       8.217036e-001       
7.716875e+002       8.222823e-001       
7.771605e+002       8.240904e-001       
7.826334e+002       8.226439e-001       
7.881064e+002       8.261879e-001       
7.935793e+002       8.286470e-001       
7.990523e+002       8.307445e-001       
8.045253e+002       8.300936e-001       
8.099982e+002       8.268389e-001       
8.154712e+002       8.287193e-001       
8.209442e+002       8.231502e-001       
8.264171e+002       7.455436e-001       
8.318901e+002       6.594748e-001       
8.373630e+002       6.558585e-001       
8.428360e+002       6.573774e-001       
8.483090e+002       6.591855e-001       
8.537819e+002       6.616446e-001       
8.592549e+002       6.680094e-001       
8.647278e+002       6.750251e-001       
8.702008e+002       6.806666e-001       
8.756738e+002       6.884779e-001       
8.811467e+002       6.980973e-001       
8.866197e+002       7.087293e-001       
8.920927e+002       7.182041e-001       
8.975656e+002       7.316569e-001       
9.030386e+002       7.402638e-001       
9.085115e+002       7.517637e-001       
9.139845e+002       7.631913e-001       
9.194575e+002       7.770057e-001       
9.249304e+002       7.874931e-001       
9.304034e+002       7.982698e-001       
9.358763e+002       8.094804e-001       
9.413493e+002       8.199678e-001       
9.468223e+002       8.285024e-001       
9.522952e+002       8.367476e-001       
9.577682e+002       8.434740e-001       
9.632411e+002       8.496218e-001       
9.687141e+002       8.546123e-001       
9.741871e+002       8.569991e-001       
9.796600e+002       8.607600e-001       
9.851330e+002       8.617003e-001       
9.906060e+002       8.653166e-001       
9.960789e+002       8.612664e-001       
1.001552e+003       8.596028e-001       
1.007025e+003       8.590965e-001       
1.012498e+003       8.555526e-001       
1.017971e+003       8.547570e-001       
1.023444e+003       8.490431e-001       
1.028917e+003       8.454991e-001       
1.034390e+003       8.408702e-001       
1.039862e+003       8.363137e-001       
1.045335e+003       8.356627e-001       
1.050808e+003       8.295149e-001       
1.056281e+003       8.281407e-001       
1.061754e+003       8.253200e-001       
1.067227e+003       8.253923e-001       
1.072700e+003       8.245967e-001       
1.078173e+003       8.238735e-001       
1.083646e+003       8.205464e-001       
1.089119e+003       8.186659e-001       
1.094591e+003       8.204741e-001       
1.100064e+003       8.211250e-001       
1.105537e+003       8.177257e-001       
1.111010e+003       8.169301e-001       
1.116483e+003       7.617448e-001       
1.121956e+003       6.500724e-001       
1.127429e+003       6.421164e-001       
1.132902e+003       6.392957e-001       
1.138375e+003       6.384278e-001       
1.143848e+003       6.397297e-001       
1.149320e+003       6.413932e-001       
1.154793e+003       6.437076e-001       
1.160266e+003       6.473963e-001       
1.165739e+003       6.524591e-001       
1.171212e+003       6.617170e-001       
1.176685e+003       6.707578e-001       
1.182158e+003       6.787861e-001       
1.187631e+003       6.904307e-001       
1.193104e+003       6.984590e-001       
1.198577e+003       7.123457e-001       
1.204049e+003       7.243519e-001       
1.209522e+003       7.362858e-001       
1.214995e+003       7.508958e-001       
1.220468e+003       7.646379e-001       
1.225941e+003       7.771504e-001       
1.231414e+003       7.912541e-001       
1.236887e+003       8.035496e-001       
1.242360e+003       8.171471e-001       
1.247833e+003       8.264772e-001       
1.253306e+003       8.379772e-001       
1.258778e+003       8.467287e-001       
1.264251e+003       8.557695e-001       
1.269724e+003       8.624236e-001       
1.275197e+003       8.666185e-001       
1.280670e+003       8.707411e-001       
1.286143e+003       8.751531e-001       
1.291616e+003       8.739235e-001       
1.297089e+003       8.719707e-001       
1.302562e+003       8.734896e-001       
1.308035e+003       8.692223e-001       
1.313507e+003       8.650273e-001       
1.318980e+003       8.571437e-001       
1.324453e+003       8.507066e-001       
1.329926e+003       8.463671e-001       
1.335399e+003       8.381218e-001       
1.340872e+003       8.320464e-001       
1.346345e+003       8.240904e-001       
1.351818e+003       8.082509e-001       
1.357291e+003       7.781630e-001       
1.362764e+003       7.430122e-001       
1.368236e+003       7.232670e-001       
1.373709e+003       7.088017e-001       
1.379182e+003       6.969401e-001       
1.384655e+003       6.844276e-001       
1.390128e+003       6.713364e-001       
1.395601e+003       6.615000e-001       
1.401074e+003       6.545566e-001       
1.406547e+003       6.514466e-001       
1.412020e+003       6.447202e-001       
1.417493e+003       6.403083e-001       
1.422965e+003       6.384278e-001       
1.428438e+003       6.379215e-001       
1.433911e+003       6.371259e-001       
1.439384e+003       6.403806e-001       
1.444857e+003       6.432737e-001       
1.450330e+003       6.456605e-001       
1.455803e+003       6.471793e-001       
1.461276e+003       6.529654e-001       
1.466749e+003       6.591855e-001       
1.472222e+003       6.634528e-001       
1.477694e+003       6.692390e-001       
1.483167e+003       6.780628e-001       
1.488640e+003       6.881886e-001       
1.494113e+003       6.939747e-001       
1.499586e+003       7.003394e-001       
1.505059e+003       7.119117e-001       
1.510532e+003       7.233393e-001       
1.516005e+003       7.324525e-001       
1.521478e+003       7.413487e-001       
1.526951e+003       7.558140e-001       
1.532423e+003       7.652165e-001       
1.537896e+003       7.782353e-001       
1.543369e+003       7.899522e-001       
1.548842e+003       8.021031e-001       
1.554315e+003       8.149049e-001       
1.559788e+003       8.277068e-001       
1.565261e+003       8.386281e-001       
1.570734e+003       8.473073e-001       
1.576207e+003       8.568544e-001       
1.581680e+003       8.640871e-001       
1.587152e+003       7.820686e-001       
1.592625e+003       8.652443e-001       
1.598098e+003       1.074268e+000       
1.603571e+003       1.284667e+000       
1.609044e+003       1.496295e+000       
1.614517e+003       1.699677e+000       
1.619990e+003       1.893875e+000       
1.625463e+003       2.093641e+000       
1.630936e+003       2.283499e+000       
1.636409e+003       2.369784e+000       
1.641881e+003       2.369784e+000       
1.647354e+003       2.369784e+000       
1.652827e+003       2.369784e+000       
1.658300e+003       2.369784e+000       
1.663773e+003       2.369784e+000       
1.669246e+003       2.369784e+000       
1.674719e+003       2.369784e+000       
1.680192e+003       2.369784e+000       
1.685665e+003       2.369784e+000       
1.691138e+003       2.369784e+000       
1.696610e+003       2.369784e+000       
1.702083e+003       2.369784e+000       
1.707556e+003       2.369784e+000       
1.713029e+003       2.369784e+000       
1.718502e+003       2.369784e+000       
1.723975e+003       2.369784e+000       
1.729448e+003       2.369784e+000       
1.734921e+003       2.369784e+000       
1.740394e+003       2.369784e+000       
1.745867e+003       2.369784e+000       
1.751339e+003       2.369784e+000       
1.756812e+003       2.369784e+000       
1.762285e+003       2.369784e+000       
1.767758e+003       2.369784e+000       
1.773231e+003       2.369784e+000       
1.778704e+003       2.369784e+000       
1.784177e+003       2.369784e+000       
1.789650e+003       2.369784e+000       
1.795123e+003       2.369784e+000       
1.800596e+003       2.369784e+000       
1.806068e+003       2.369784e+000       
1.811541e+003       2.369784e+000       
1.817014e+003       2.369784e+000       
1.822487e+003       2.369784e+000       
1.827960e+003       2.369784e+000       
1.833433e+003       2.369784e+000       
1.838906e+003       2.369784e+000       
1.844379e+003       2.369784e+000       
1.849852e+003       2.369784e+000       
1.855325e+003       2.369784e+000       
1.860797e+003       2.369784e+000       
1.866270e+003       2.369784e+000       
1.871743e+003       2.369784e+000       
1.877216e+003       2.369784e+000       
1.882689e+003       2.369784e+000       
1.888162e+003       2.369784e+000       
1.893635e+003       2.369784e+000       
1.899108e+003       2.369784e+000       
1.904581e+003       2.369784e+000       
1.910054e+003       2.369784e+000       
1.915526e+003       2.369784e+000       
1.920999e+003       2.369784e+000       
1.926472e+003       2.369784e+000       
1.931945e+003       2.369784e+000       
1.937418e+003       2.369784e+000       
1.942891e+003       2.369784e+000       
1.948364e+003       2.369784e+000       
1.953837e+003       2.369784e+000       
1.959310e+003       2.369784e+000       
1.964783e+003       2.369784e+000       
1.970255e+003       2.369784e+000       
1.975728e+003       2.369784e+000       
1.981201e+003       2.369784e+000       
1.986674e+003       2.369784e+000       
1.992147e+003       2.369784e+000       
1.997620e+003       2.369784e+000       
2.003093e+003       2.369784e+000       
2.008566e+003       2.369784e+000       
2.014039e+003       2.369784e+000       
2.019512e+003       2.369784e+000       
2.024984e+003       2.369784e+000       
2.030457e+003       2.369784e+000       
2.035930e+003       2.369784e+000       
2.041403e+003       2.369784e+000       
2.046876e+003       2.369784e+000       
2.052349e+003       2.369784e+000       
2.057822e+003       2.369784e+000       
2.063295e+003       2.369784e+000       
2.068768e+003       2.369784e+000       
2.074241e+003       2.369784e+000       
2.079714e+003       2.369784e+000       
2.085187e+003       2.369784e+000       
2.090659e+003       2.369784e+000       
2.096132e+003       2.369784e+000       
2.101605e+003       2.369784e+000       
2.107078e+003       2.369784e+000       
2.112551e+003       2.369784e+000       
2.118024e+003       2.369784e+000       
2.123497e+003       2.369784e+000       
2.128970e+003       2.369784e+000       
2.134443e+003       2.369784e+000       
2.139916e+003       2.369784e+000       
2.145388e+003       2.369784e+000       
2.150861e+003       2.369784e+000       
2.156334e+003       2.369784e+000       
2.161807e+003       2.369784e+000       
2.167280e+003       2.369784e+000       
2.172753e+003       2.369784e+000       
2.178226e+003       2.369784e+000       
2.183699e+003       2.369784e+000       
2.189172e+003       2.369784e+000       
2.194645e+003       2.369784e+000       
2.200117e+003       2.369784e+000       
2.205590e+003       2.369784e+000       
2.211063e+003       2.369784e+000       
2.216536e+003       2.369784e+000       
2.222009e+003       2.369784e+000       
2.227482e+003       2.369784e+000       
2.232955e+003       2.369784e+000       
2.238428e+003       2.369784e+000       
2.243901e+003       2.369784e+000       
2.249374e+003       2.369784e+000       
2.254846e+003       2.369784e+000       
2.260319e+003       2.369784e+000       
2.265792e+003       2.369784e+000       
2.271265e+003       2.369784e+000       
2.276738e+003       2.369784e+000       
2.282211e+003       2.369784e+000       
2.287684e+003       2.369784e+000       
2.293157e+003       2.369784e+000       
2.298630e+003       2.369784e+000       
2.304103e+003       2.369784e+000       
2.309575e+003       2.369784e+000       
2.315048e+003       2.369784e+000       
2.320521e+003       2.369784e+000       
2.325994e+003       2.369784e+000       
2.331467e+003       2.369784e+000       
2.336940e+003       2.369784e+000       
2.342413e+003       2.369784e+000       
2.347886e+003       2.369784e+000       
2.353359e+003       2.369784e+000       
2.358832e+003       2.369784e+000       
2.364304e+003       2.369784e+000       
2.369777e+003       2.369784e+000       
2.375250e+003       2.369784e+000       
2.380723e+003       2.369784e+000       
2.386196e+003       2.369784e+000       
2.391669e+003       2.369784e+000       
2.397142e+003       2.369784e+000       
2.402615e+003       2.369784e+000       
2.408088e+003       2.369784e+000       
2.413561e+003       2.369784e+000       
2.419033e+003       2.369784e+000       
2.424506e+003       2.369784e+000       
2.429979e+003       2.369784e+000       
2.435452e+003       2.369784e+000       
2.440925e+003       2.369784e+000       
2.446398e+003       2.369784e+000       
2.451871e+003       2.369784e+000       
2.457344e+003       2.369784e+000       
2.462817e+003       2.369784e+000       
2.468290e+003       2.369784e+000       
2.473762e+003       2.369784e+000       
2.479235e+003       2.369784e+000       
2.484708e+003       2.369784e+000       
2.490181e+003       2.369784e+000       
2.495654e+003       2.369784e+000       
2.501127e+003       2.369784e+000       
2.506600e+003       2.369784e+000       
2.512073e+003       2.369784e+000       
2.517546e+003       2.369784e+000       
2.523019e+003       2.369784e+000       
2.528491e+003       2.369784e+000       
2.533964e+003       2.369784e+000       
2.539437e+003       2.369784e+000       
2.544910e+003       2.369784e+000       
2.550383e+003       2.369784e+000       
2.555856e+003       2.369784e+000       
2.561329e+003       2.369784e+000       
2.566802e+003       2.369784e+000       
2.572275e+003       2.369784e+000       
2.577748e+003       2.369784e+000       
2.583220e+003       2.369784e+000       
2.588693e+003       2.369784e+000       
2.594166e+003       2.369784e+000       
2.599639e+003       2.369784e+000       
2.605112e+003       2.369784e+000       
2.610585e+003       2.369784e+000       
2.616058e+003       2.369784e+000       
2.621531e+003       2.369784e+000       
2.627004e+003       2.369784e+000       
2.632477e+003       2.369784e+000       
2.637949e+003       2.369784e+000       
2.643422e+003       2.369784e+000       
2.648895e+003       2.369784e+000       
2.654368e+003       2.369784e+000       
2.659841e+003       2.369784e+000       
2.665314e+003       2.369784e+000       
2.670787e+003       2.369784e+000       
2.676260e+003       2.369784e+000       
2.681733e+003       2.369784e+000       
2.687206e+003       2.369784e+000       
2.692678e+003       2.369784e+000       
2.698151e+003       2.369784e+000       
2.703624e+003       2.369784e+000       
2.709097e+003       2.369784e+000       
2.714570e+003       2.369784e+000       
2.720043e+003       2.369784e+000       
2.725516e+003       2.369784e+000       
2.730989e+003       2.369784e+000       
2.736462e+003       2.369784e+000       
2.741935e+003       2.369784e+000       
2.747407e+003       2.369784e+000       
2.752880e+003       2.369784e+000       
2.758353e+003       2.369784e+000       
2.763826e+003       2.369784e+000       
2.769299e+003       2.369784e+000       
2.774772e+003       2.369784e+000       
2.780245e+003       2.369784e+000       
2.785718e+003       2.369784e+000       
2.791191e+003       2.369784e+000       
2.796664e+003       2.369784e+000       

Retract Data
0.000000e+000       2.369784e+000       
5.472960e+000       2.369784e+000       
1.094592e+001       2.369784e+000       
1.641888e+001       2.369784e+000       
2.189184e+001       2.369784e+000       
2.736480e+001       2.369784e+000       
3.283776e+001       2.369784e+000       
3.831072e+001       2.369784e+000       
4.378368e+001       2.369784e+000       
4.925665e+001       2.369784e+000       
5.472961e+001       2.369784e+000       
6.020257e+001       2.369784e+000       
6.567553e+001       2.369784e+000       
7.114849e+001       2.369784e+000       
7.662145e+001       2.369784e+000       
8.209441e+001       2.369784e+000       
8.756738e+001       2.369784e+000       
9.304034e+001       2.369784e+000       
9.851330e+001       2.369784e+000       
1.039863e+002       2.369784e+000       
1.094592e+002       2.369784e+000       
1.149322e+002       2.369784e+000       
1.204051e+002       2.369784e+000       
1.258781e+002       2.369784e+000       
1.313511e+002       2.369784e+000       
1.368240e+002       2.369784e+000       
1.422970e+002       2.369784e+000       
1.477699e+002       2.369784e+000       
1.532429e+002       2.369784e+000       
1.587159e+002       2.369784e+000       
1.641888e+002       2.369784e+000       
1.696618e+002       2.369784e+000       
1.751348e+002       2.369784e+000       
1.806077e+002       2.369784e+000       
1.860807e+002       2.369784e+000       
1.915536e+002       2.369784e+000       
1.970266e+002       2.369784e+000       
2.024996e+002       2.369784e+000       
2.079725e+002       2.369784e+000       
2.134455e+002       2.369784e+000       
2.189184e+002       2.369784e+000       
2.243914e+002       2.369784e+000       
2.298644e+002       2.369784e+000       
2.353373e+002       2.369784e+000       
2.408103e+002       2.369784e+000       
2.462832e+002       2.369784e+000       
2.517562e+002       2.369784e+000       
2.572292e+002       2.369784e+000       
2.627021e+002       2.369784e+000       
2.681751e+002       2.369784e+000       
2.736480e+002       2.369784e+000       
2.791210e+002       2.369784e+000       
2.845940e+002       2.369784e+000       
2.900669e+002       2.369784e+000       
2.955399e+002       2.369784e+000       
3.010128e+002       2.369784e+000       
3.064858e+002       2.369784e+000       
3.119588e+002       2.369784e+000       
3.174317e+002       2.369784e+000       
3.229047e+002       2.369784e+000       
3.283777e+002       2.369784e+000       
3.338506e+002       2.369784e+000       
3.393236e+002       2.369784e+000       
3.447965e+002       2.369784e+000       
3.502695e+002       2.369784e+000       
3.557425e+002       2.369784e+000       
3.612154e+002       2.369784e+000       
3.666884e+002       2.369784e+000       
3.721613e+002       2.369784e+000       
3.776343e+002       2.369784e+000       
3.831073e+002       2.369784e+000       
3.885802e+002       2.369784e+000       
3.940532e+002       2.369784e+000       
3.995262e+002       2.369784e+000       
4.049991e+002       2.369784e+000       
4.104721e+002       2.369784e+000       
4.159450e+002       2.369784e+000       
4.214180e+002       2.369784e+000       
4.268910e+002       2.369784e+000       
4.323639e+002       2.369784e+000       
4.378369e+002       2.369784e+000       
4.433098e+002       2.369784e+000       
4.487828e+002       2.369784e+000       
4.542558e+002       2.369784e+000       
4.597287e+002       2.369784e+000       
4.652017e+002       2.369784e+000       
4.706747e+002       2.369784e+000       
4.761476e+002       2.369784e+000       
4.816206e+002       2.369784e+000       
4.870935e+002       2.369784e+000       
4.925665e+002       2.369784e+000       
4.980395e+002       2.369784e+000       
5.035124e+002       2.369784e+000       
5.089854e+002       2.369784e+000       
5.144583e+002       2.369784e+000       
5.199313e+002       2.369784e+000       
5.254042e+002       2.369784e+000       
5.308772e+002       2.369784e+000       
5.363502e+002       2.369784e+000       
5.418231e+002       2.369784e+000       
5.472961e+002       2.369784e+000       
5.527690e+002       2.369784e+000       
5.582420e+002       2.369784e+000       
5.637150e+002       2.369784e+000       
5.691879e+002       2.369784e+000       
5.746609e+002       2.369784e+000       
5.801339e+002       2.369784e+000       
5.856068e+002       2.369784e+000       
5.910798e+002       2.369784e+000       
5.965527e+002       2.369784e+000       
6.020257e+002       2.369784e+000       
6.074987e+002       2.369784e+000       
6.129716e+002       2.369784e+000       
6.184446e+002       2.369784e+000       
6.239175e+002       2.369784e+000       
6.293905e+002       2.369784e+000       
6.348635e+002       2.369784e+000       
6.403364e+002       2.369784e+000       
6.458094e+002       2.369784e+000       
6.512823e+002       2.369784e+000       
6.567553e+002       2.369784e+000       
6.622283e+002       2.369784e+000       
6.677012e+002       2.369784e+000       
6.731742e+002       2.369784e+000       
6.786472e+002       2.369784e+000       
6.841201e+002       2.369784e+000       
6.895931e+002       2.369784e+000       
6.950660e+002       2.369784e+000       
7.005390e+002       2.369784e+000       
7.060120e+002       2.369784e+000       
7.114849e+002       2.369784e+000       
7.169579e+002       2.369784e+000       
7.224308e+002       2.369784e+000       
7.279038e+002       2.369784e+000       
7.333768e+002       2.369784e+000       
7.388497e+002       2.369784e+000       
7.443227e+002       2.369784e+000       
7.497957e+002       2.369784e+000       
7.552686e+002       2.369784e+000       
7.607416e+002       2.369784e+000       
7.662145e+002       2.369784e+000       
7.716875e+002       2.369784e+000       
7.771605e+002       2.369784e+000       
7.826334e+002       2.369784e+000       
7.881064e+002       2.369784e+000       
7.935793e+002       2.369784e+000       
7.990523e+002       2.369784e+000       
8.045253e+002       2.369784e+000       
8.099982e+002       2.369784e+000       
8.154712e+002       2.369784e+000       
8.209442e+002       2.369784e+000       
8.264171e+002       2.369784e+000       
8.318901e+002       2.369784e+000       
8.373630e+002       2.369784e+000       
8.428360e+002       2.369784e+000       
8.483090e+002       2.369784e+000       
8.537819e+002       2.369784e+000       
8.592549e+002       2.369784e+000       
8.647278e+002       2.369784e+000       
8.702008e+002       2.369784e+000       
8.756738e+002       2.369784e+000       
8.811467e+002       2.369784e+000       
8.866197e+002       2.369784e+000       
8.920927e+002       2.369784e+000       
8.975656e+002       2.369784e+000       
9.030386e+002       2.369784e+000       
9.085115e+002       2.369784e+000       
9.139845e+002       2.369784e+000       
9.194575e+002       2.369784e+000       
9.249304e+002       2.369784e+000       
9.304034e+002       2.369784e+000       
9.358763e+002       2.369784e+000       
9.413493e+002       2.369784e+000       
9.468223e+002       2.369784e+000       
9.522952e+002       2.369784e+000       
9.577682e+002       2.369784e+000       
9.632411e+002       2.369784e+000       
9.687141e+002       2.369784e+000       
9.741871e+002       2.369784e+000       
9.796600e+002       2.369784e+000       
9.851330e+002       2.369784e+000       
9.906060e+002       2.369784e+000       
9.960789e+002       2.369784e+000       
1.001552e+003       2.369784e+000       
1.007025e+003       2.369784e+000       
1.012498e+003       2.369784e+000       
1.017971e+003       2.369784e+000       
1.023444e+003       2.369784e+000       
1.028917e+003       2.369784e+000       
1.034390e+003       2.369784e+000       
1.039862e+003       2.369784e+000       
1.045335e+003       2.369784e+000       
1.050808e+003       2.369784e+000       
1.056281e+003       2.369784e+000       
1.061754e+003       2.369784e+000       
1.067227e+003       2.369784e+000       
1.072700e+003       2.369784e+000       
1.078173e+003       2.369784e+000       
1.083646e+003       2.369784e+000       
1.089119e+003       2.369784e+000       
1.094591e+003       2.369784e+000       
1.100064e+003       2.369784e+000       
1.105537e+003       2.369784e+000       
1.111010e+003       2.369784e+000       
1.116483e+003       2.369784e+000       
1.121956e+003       2.369784e+000       
1.127429e+003       2.369784e+000       
1.132902e+003       2.369784e+000       
1.138375e+003       2.369784e+000       
1.143848e+003       2.369784e+000       
1.149320e+003       2.369784e+000       
1.154793e+003       2.369784e+000       
1.160266e+003       2.369784e+000       
1.165739e+003       2.369784e+000       
1.171212e+003       2.369784e+000       
1.176685e+003       2.369784e+000       
1.182158e+003       2.369784e+000       
1.187631e+003       2.369784e+000       
1.193104e+003       2.369784e+000       
1.198577e+003       2.369784e+000       
1.204049e+003       2.282920e+000       
1.209522e+003       2.028041e+000       
1.214995e+003       1.771715e+000       
1.220468e+003       1.519946e+000       
1.225941e+003       1.283220e+000       
1.231414e+003       1.053077e+000       
1.236887e+003       8.183766e-001       
1.242360e+003       6.041449e-001       
1.247833e+003       3.778347e-001       
1.253306e+003       1.615779e-001       
1.258778e+003       -2.198732e-002      
1.264251e+003       4.901581e-001       
1.269724e+003       8.455715e-001       
1.275197e+003       8.364583e-001       
1.280670e+003       8.285747e-001       
1.286143e+003       8.159899e-001       
1.291616e+003       8.017415e-001       
1.297089e+003       7.896629e-001       
1.302562e+003       7.765718e-001       
1.308035e+003       7.665907e-001       
1.313507e+003       7.548738e-001       
1.318980e+003       7.435185e-001       
1.324453e+003       7.323079e-001       
1.329926e+003       7.218928e-001       
1.335399e+003       7.123457e-001       
1.340872e+003       7.014967e-001       
1.346345e+003       6.917326e-001       
1.351818e+003       6.841382e-001       
1.357291e+003       6.760377e-001       
1.362764e+003       6.697453e-001       
1.368236e+003       6.612107e-001       
1.373709e+003       6.557862e-001       
1.379182e+003       6.505787e-001       
1.384655e+003       6.429120e-001       
1.390128e+003       6.400190e-001       
1.395601e+003       6.376322e-001       
1.401074e+003       6.345221e-001       
1.406547e+003       6.339436e-001       
1.412020e+003       6.332203e-001       
1.417493e+003       6.345221e-001       
1.422965e+003       6.345944e-001       
1.428438e+003       6.383554e-001       
1.433911e+003       6.422611e-001       
1.439384e+003       6.484089e-001       
1.444857e+003       6.545566e-001       
1.450330e+003       6.644654e-001       
1.455803e+003       6.719151e-001       
1.461276e+003       6.833426e-001       
1.466749e+003       6.933961e-001       
1.472222e+003       7.085124e-001       
1.477694e+003       7.229777e-001       
1.483167e+003       7.368644e-001       
1.488640e+003       7.521254e-001       
1.494113e+003       7.699900e-001       
1.499586e+003       7.859019e-001       
1.505059e+003       8.020308e-001       
1.510532e+003       8.200401e-001       
1.516005e+003       8.392067e-001       
1.521478e+003       8.549739e-001       
1.526951e+003       8.627129e-001       
1.532423e+003       8.668355e-001       
1.537896e+003       8.696563e-001       
1.543369e+003       8.724046e-001       
1.548842e+003       8.729833e-001       
1.554315e+003       8.714644e-001       
1.559788e+003       8.676311e-001       
1.565261e+003       8.652443e-001       
1.570734e+003       8.601091e-001       
1.576207e+003       8.522978e-001       
1.581680e+003       8.436909e-001       
1.587152e+003       8.341438e-001       
1.592625e+003       8.241627e-001       
1.598098e+003       8.112163e-001       
1.603571e+003       7.994270e-001       
1.609044e+003       7.861189e-001       
1.614517e+003       7.741850e-001       
1.619990e+003       7.593580e-001       
1.625463e+003       7.466285e-001       
1.630936e+003       7.338991e-001       
1.636409e+003       7.216758e-001       
1.641881e+003       7.092356e-001       
1.647354e+003       6.975910e-001       
1.652827e+003       6.858017e-001       
1.658300e+003       6.762546e-001       
1.663773e+003       6.680094e-001       
1.669246e+003       6.589686e-001       
1.674719e+003       6.526762e-001       
1.680192e+003       6.473963e-001       
1.685665e+003       6.388617e-001       
1.691138e+003       6.334372e-001       
1.696610e+003       6.311951e-001       
1.702083e+003       6.296763e-001       
1.707556e+003       6.268555e-001       
1.713029e+003       6.298932e-001       
1.718502e+003       6.324247e-001       
1.723975e+003       6.324247e-001       
1.729448e+003       6.370535e-001       
1.734921e+003       6.435630e-001       
1.740394e+003       6.484089e-001       
1.745867e+003       6.560755e-001       
1.751339e+003       6.644654e-001       
1.756812e+003       6.727107e-001       
1.762285e+003       6.860188e-001       
1.767758e+003       6.946256e-001       
1.773231e+003       7.088017e-001       
1.778704e+003       7.213865e-001       
1.784177e+003       7.407700e-001       
1.789650e+003       7.955214e-001       
1.795123e+003       8.466564e-001       
1.800596e+003       8.441973e-001       
1.806068e+003       8.432570e-001       
1.811541e+003       8.427507e-001       
1.817014e+003       8.464394e-001       
1.822487e+003       8.491878e-001       
1.827960e+003       8.489708e-001       
1.833433e+003       8.521532e-001       
1.838906e+003       8.550463e-001       
1.844379e+003       8.568544e-001       
1.849852e+003       8.564928e-001       
1.855325e+003       8.556972e-001       
1.860797e+003       8.547570e-001       
1.866270e+003       8.516469e-001       
1.871743e+003       8.499834e-001       
1.877216e+003       8.460777e-001       
1.882689e+003       8.390620e-001       
1.888162e+003       8.314677e-001       
1.893635e+003       8.247414e-001       
1.899108e+003       8.155559e-001       
1.904581e+003       8.040559e-001       
1.910054e+003       7.926283e-001       
1.915526e+003       7.800435e-001       
1.920999e+003       7.709303e-001       
1.926472e+003       7.580562e-001       
1.931945e+003       7.477857e-001       
1.937418e+003       7.355626e-001       
1.942891e+003       7.226161e-001       
1.948364e+003       7.135752e-001       
1.953837e+003       7.025816e-001       
1.959310e+003       6.902137e-001       
1.964783e+003       6.805219e-001       
1.970255e+003       6.728553e-001       
1.975728e+003       6.656950e-001       
1.981201e+003       6.596918e-001       
1.986674e+003       6.530378e-001       
1.992147e+003       6.471793e-001       
1.997620e+003       6.440693e-001       
2.003093e+003       6.408869e-001       
2.008566e+003       6.379215e-001       
2.014039e+003       6.371982e-001       
2.019512e+003       6.364026e-001       
2.024984e+003       6.374875e-001       
2.030457e+003       6.410316e-001       
2.035930e+003       6.449372e-001       
2.041403e+003       6.486259e-001       
2.046876e+003       6.508680e-001       
2.052349e+003       6.596918e-001       
2.057822e+003       6.675754e-001       
2.063295e+003       6.763270e-001       
2.068768e+003       6.860911e-001       
2.074241e+003       6.983143e-001       
2.079714e+003       7.125627e-001       
2.085187e+003       7.352009e-001       
2.090659e+003       8.394960e-001       
2.096132e+003       8.329866e-001       
2.101605e+003       8.307445e-001       
2.107078e+003       8.316847e-001       
2.112551e+003       8.312508e-001       
2.118024e+003       8.333482e-001       
2.123497e+003       8.328419e-001       
2.128970e+003       8.338546e-001       
2.134443e+003       8.369645e-001       
2.139916e+003       8.360243e-001       
2.145388e+003       8.407255e-001       
2.150861e+003       8.395683e-001       
2.156334e+003       8.405809e-001       
2.161807e+003       8.394237e-001       
2.167280e+003       8.379772e-001       
2.172753e+003       8.350841e-001       
2.178226e+003       8.290086e-001       
2.183699e+003       8.237288e-001       
2.189172e+003       8.203294e-001       
2.194645e+003       8.136030e-001       
2.200117e+003       8.061534e-001       
2.205590e+003       7.955937e-001       
2.211063e+003       7.839491e-001       
2.216536e+003       7.744743e-001       
2.222009e+003       7.650718e-001       
2.227482e+003       7.520530e-001       
2.232955e+003       7.441694e-001       
2.238428e+003       7.313676e-001       
2.243901e+003       7.217481e-001       
2.249374e+003       7.117671e-001       
2.254846e+003       7.009181e-001       
2.260319e+003       6.949149e-001       
2.265792e+003       6.870313e-001       
2.271265e+003       6.790031e-001       
2.276738e+003       6.703962e-001       
2.282211e+003       6.675754e-001       
2.287684e+003       6.636698e-001       
2.293157e+003       6.612830e-001       
2.298630e+003       6.589686e-001       
2.304103e+003       6.598365e-001       
2.309575e+003       6.601258e-001       
2.315048e+003       6.623679e-001       
2.320521e+003       6.638868e-001       
2.325994e+003       6.659843e-001       
2.331467e+003       6.714811e-001       
2.336940e+003       6.761100e-001       
2.342413e+003       6.824747e-001       
2.347886e+003       6.892011e-001       
2.353359e+003       6.980250e-001       
2.358832e+003       7.079337e-001       
2.364304e+003       7.169023e-001       
2.369777e+003       7.297764e-001       
2.375250e+003       7.859019e-001       
2.380723e+003       8.522255e-001       
2.386196e+003       8.436186e-001       
2.391669e+003       8.373262e-001       
2.397142e+003       8.317571e-001       
2.402615e+003       8.298765e-001       
2.408088e+003       8.285024e-001       
2.413561e+003       8.255370e-001       
2.419033e+003       8.263326e-001       
2.424506e+003       8.266942e-001       
2.429979e+003       8.244520e-001       
2.435452e+003       8.248137e-001       
2.440925e+003       8.231502e-001       
2.446398e+003       8.204018e-001       
2.451871e+003       8.221376e-001       
2.457344e+003       8.181596e-001       
2.462817e+003       8.148326e-001       
2.468290e+003       8.100591e-001       
2.473762e+003       8.057918e-001       
2.479235e+003       7.992824e-001       
2.484708e+003       7.919773e-001       
2.490181e+003       7.848893e-001       
2.495654e+003       7.739680e-001       
2.501127e+003       7.634807e-001       
2.506600e+003       7.539335e-001       
2.512073e+003       7.417827e-001       
2.517546e+003       7.316569e-001       
2.523019e+003       7.207355e-001       
2.528491e+003       7.091633e-001       
2.533964e+003       6.997609e-001       
2.539437e+003       6.897798e-001       
2.544910e+003       6.816791e-001       
2.550383e+003       6.740848e-001       
2.555856e+003       6.671415e-001       
2.561329e+003       6.622233e-001       
2.566802e+003       6.581007e-001       
2.572275e+003       6.557139e-001       
2.577748e+003       6.547736e-001       
2.583220e+003       6.554245e-001       
2.588693e+003       6.562201e-001       
2.594166e+003       6.583899e-001       
2.599639e+003       6.644654e-001       
2.605112e+003       6.690220e-001       
2.610585e+003       6.758930e-001       
2.616058e+003       6.822578e-001       
2.621531e+003       6.886225e-001       
2.627004e+003       6.984590e-001       
2.632477e+003       7.081507e-001       
2.637949e+003       7.192891e-001       
2.643422e+003       7.314399e-001       
2.648895e+003       7.532102e-001       
2.654368e+003       8.164961e-001       
2.659841e+003       8.358797e-001       
2.665314e+003       8.307445e-001       
2.670787e+003       8.279237e-001       
2.676260e+003       8.248860e-001       
2.681733e+003       8.216313e-001       
2.687206e+003       8.210527e-001       
2.692678e+003       8.194615e-001       
2.698151e+003       8.211973e-001       
2.703624e+003       8.193169e-001       
2.709097e+003       8.208357e-001       
2.714570e+003       8.211250e-001       
2.720043e+003       8.227885e-001       
2.725516e+003       8.229332e-001       
2.730989e+003       8.256816e-001       
2.736462e+003       8.261879e-001       
2.741935e+003       8.251030e-001       
2.747407e+003       8.253923e-001       
2.752880e+003       8.220653e-001       
2.758353e+003       8.167855e-001       
2.763826e+003       8.125905e-001       
2.769299e+003       8.049962e-001       
2.774772e+003       7.965339e-001       
2.780245e+003       7.869868e-001       
2.785718e+003       7.748359e-001       
2.791191e+003       7.621788e-001       
2.796664e+003       7.495939e-001       
