Calculated Z (nm)   Deflection (V)      
Extend Data
0.000000e+000       7.499555e-001       
5.472960e+000       7.585624e-001       
1.094592e+001       7.684712e-001       
1.641888e+001       7.787416e-001       
2.189184e+001       7.884334e-001       
2.736480e+001       7.965339e-001       
3.283776e+001       8.039113e-001       
3.831072e+001       8.117949e-001       
4.378368e+001       8.178703e-001       
4.925665e+001       8.193169e-001       
5.472961e+001       8.227162e-001       
6.020257e+001       8.259709e-001       
6.567553e+001       8.296596e-001       
7.114849e+001       8.272005e-001       
7.662145e+001       8.275621e-001       
8.209441e+001       8.256093e-001       
8.756738e+001       8.245244e-001       
9.304034e+001       8.224992e-001       
9.851330e+001       8.199678e-001       
1.039863e+002       8.189552e-001       
1.094592e+002       8.178703e-001       
1.149322e+002       8.173640e-001       
1.204051e+002       8.144709e-001       
1.258781e+002       8.183043e-001       
1.313511e+002       8.160622e-001       
1.368240e+002       8.190275e-001       
1.422970e+002       8.163515e-001       
1.477699e+002       8.181596e-001       
1.532429e+002       8.193169e-001       
1.587159e+002       8.202571e-001       
1.641888e+002       8.239458e-001       
1.696618e+002       8.225716e-001       
1.751348e+002       8.233672e-001       
1.806077e+002       8.240181e-001       
1.860807e+002       8.216313e-001       
1.915536e+002       8.198231e-001       
1.970266e+002       8.181596e-001       
2.024996e+002       8.169301e-001       
2.079725e+002       8.083232e-001       
2.134455e+002       7.459776e-001       
2.189184e+002       6.877546e-001       
2.243914e+002       6.786414e-001       
2.298644e+002       6.758930e-001       
2.353373e+002       6.722044e-001       
2.408103e+002       6.673585e-001       
2.462832e+002       6.670691e-001       
2.517562e+002       6.687326e-001       
2.572292e+002       6.709025e-001       
2.627021e+002       6.737955e-001       
2.681751e+002       6.786414e-001       
2.736480e+002       6.829810e-001       
2.791210e+002       6.898521e-001       
2.845940e+002       6.975187e-001       
2.900669e+002       7.056193e-001       
2.955399e+002       7.157450e-001       
3.010128e+002       7.246412e-001       
3.064858e+002       7.347670e-001       
3.119588e+002       7.436631e-001       
3.174317e+002       7.520530e-001       
3.229047e+002       7.619618e-001       
3.283777e+002       7.712196e-001       
3.338506e+002       7.805498e-001       
3.393236e+002       7.909648e-001       
3.447965e+002       7.995717e-001       
3.502695e+002       8.034773e-001       
3.557425e+002       8.093358e-001       
3.612154e+002       8.146880e-001       
3.666884e+002       8.174363e-001       
3.721613e+002       8.215590e-001       
3.776343e+002       8.232225e-001       
3.831073e+002       8.230055e-001       
3.885802e+002       8.252476e-001       
3.940532e+002       8.226439e-001       
3.995262e+002       8.225716e-001       
4.049991e+002       8.237288e-001       
4.104721e+002       8.206187e-001       
4.159450e+002       8.188106e-001       
4.214180e+002       8.188106e-001       
4.268910e+002       8.230055e-001       
4.323639e+002       8.221376e-001       
4.378369e+002       8.244520e-001       
4.433098e+002       8.230055e-001       
4.487828e+002       8.256093e-001       
4.542558e+002       8.247414e-001       
4.597287e+002       8.257539e-001       
4.652017e+002       8.244520e-001       
4.706747e+002       8.249583e-001       
4.761476e+002       8.264772e-001       
4.816206e+002       8.277068e-001       
4.870935e+002       8.307445e-001       
4.925665e+002       8.326973e-001       
4.980395e+002       8.351564e-001       
5.035124e+002       8.342162e-001       
5.089854e+002       8.350118e-001       
5.144583e+002       8.331313e-001       
5.199313e+002       8.305998e-001       
5.254042e+002       7.900969e-001       
5.308772e+002       6.860911e-001       
5.363502e+002       6.797987e-001       
5.418231e+002       6.780628e-001       
5.472961e+002       6.787137e-001       
5.527690e+002       6.797987e-001       
5.582420e+002       6.839936e-001       
5.637150e+002       6.894904e-001       
5.691879e+002       6.933237e-001       
5.746609e+002       6.981696e-001       
5.801339e+002       7.072828e-001       
5.856068e+002       7.139369e-001       
5.910798e+002       7.244242e-001       
5.965527e+002       7.324525e-001       
6.020257e+002       7.434462e-001       
6.074987e+002       7.539335e-001       
6.129716e+002       7.628297e-001       
6.184446e+002       7.759209e-001       
6.239175e+002       7.848170e-001       
6.293905e+002       7.929176e-001       
6.348635e+002       8.033327e-001       
6.403364e+002       8.123012e-001       
6.458094e+002       8.182319e-001       
6.512823e+002       8.261155e-001       
6.567553e+002       8.321187e-001       
6.622283e+002       8.353734e-001       
6.677012e+002       8.373985e-001       
6.731742e+002       8.407979e-001       
6.786472e+002       8.410872e-001       
6.841201e+002       8.409426e-001       
6.895931e+002       8.401470e-001       
6.950660e+002       8.379048e-001       
7.005390e+002       8.378325e-001       
7.060120e+002       8.365306e-001       
7.114849e+002       8.335652e-001       
7.169579e+002       8.308891e-001       
7.224308e+002       8.254646e-001       
7.279038e+002       8.217760e-001       
7.333768e+002       8.193169e-001       
7.388497e+002       8.145433e-001       
7.443227e+002       8.141093e-001       
7.497957e+002       8.143263e-001       
7.552686e+002       8.135307e-001       
7.607416e+002       8.150496e-001       
7.662145e+002       8.143986e-001       
7.716875e+002       8.125182e-001       
7.771605e+002       8.157728e-001       
7.826334e+002       8.154836e-001       
7.881064e+002       8.165684e-001       
7.935793e+002       8.178703e-001       
7.990523e+002       8.204018e-001       
8.045253e+002       8.208357e-001       
8.099982e+002       8.225716e-001       
8.154712e+002       8.220653e-001       
8.209442e+002       8.216313e-001       
8.264171e+002       7.883610e-001       
8.318901e+002       6.696006e-001       
8.373630e+002       6.638868e-001       
8.428360e+002       6.628742e-001       
8.483090e+002       6.657673e-001       
8.537819e+002       6.688773e-001       
8.592549e+002       6.715534e-001       
8.647278e+002       6.771949e-001       
8.702008e+002       6.851509e-001       
8.756738e+002       6.915156e-001       
8.811467e+002       6.991822e-001       
8.866197e+002       7.085847e-001       
8.920927e+002       7.196507e-001       
8.975656e+002       7.298487e-001       
9.030386e+002       7.429399e-001       
9.085115e+002       7.527763e-001       
9.139845e+002       7.645655e-001       
9.194575e+002       7.767164e-001       
9.249304e+002       7.874208e-001       
9.304034e+002       7.970402e-001       
9.358763e+002       8.086125e-001       
9.413493e+002       8.188829e-001       
9.468223e+002       8.263326e-001       
9.522952e+002       8.366753e-001       
9.577682e+002       8.416658e-001       
9.632411e+002       8.488262e-001       
9.687141e+002       8.532381e-001       
9.741871e+002       8.564928e-001       
9.796600e+002       8.580840e-001       
9.851330e+002       8.606877e-001       
9.906060e+002       8.585179e-001       
9.960789e+002       8.564205e-001       
1.001552e+003       8.538890e-001       
1.007025e+003       8.502727e-001       
1.012498e+003       8.474519e-001       
1.017971e+003       8.440526e-001       
1.023444e+003       8.397853e-001       
1.028917e+003       8.372539e-001       
1.034390e+003       8.343608e-001       
1.039862e+003       8.298042e-001       
1.045335e+003       8.262602e-001       
1.050808e+003       8.217760e-001       
1.056281e+003       8.186659e-001       
1.061754e+003       8.158452e-001       
1.067227e+003       8.177980e-001       
1.072700e+003       8.131691e-001       
1.078173e+003       8.109993e-001       
1.083646e+003       8.085402e-001       
1.089119e+003       8.107823e-001       
1.094591e+003       8.110716e-001       
1.100064e+003       8.101314e-001       
1.105537e+003       8.115779e-001       
1.111010e+003       8.183766e-001       
1.116483e+003       8.135307e-001       
1.121956e+003       7.730278e-001       
1.127429e+003       6.556416e-001       
1.132902e+003       6.490598e-001       
1.138375e+003       6.482642e-001       
1.143848e+003       6.460221e-001       
1.149320e+003       6.505063e-001       
1.154793e+003       6.522422e-001       
1.160266e+003       6.573774e-001       
1.165739e+003       6.622956e-001       
1.171212e+003       6.691666e-001       
1.176685e+003       6.769056e-001       
1.182158e+003       6.844276e-001       
1.187631e+003       6.924558e-001       
1.193104e+003       7.047514e-001       
1.198577e+003       7.142262e-001       
1.204049e+003       7.263047e-001       
1.209522e+003       7.379493e-001       
1.214995e+003       7.503172e-001       
1.220468e+003       7.632636e-001       
1.225941e+003       7.764995e-001       
1.231414e+003       7.893736e-001       
1.236887e+003       8.008736e-001       
1.242360e+003       8.113609e-001       
1.247833e+003       8.246691e-001       
1.253306e+003       8.368199e-001       
1.258778e+003       8.452098e-001       
1.264251e+003       8.548293e-001       
1.269724e+003       8.619173e-001       
1.275197e+003       8.652443e-001       
1.280670e+003       8.690053e-001       
1.286143e+003       8.696563e-001       
1.291616e+003       8.713198e-001       
1.297089e+003       8.724046e-001       
1.302562e+003       8.693669e-001       
1.308035e+003       8.659676e-001       
1.313507e+003       8.604708e-001       
1.318980e+003       8.553355e-001       
1.324453e+003       8.487538e-001       
1.329926e+003       8.419551e-001       
1.335399e+003       8.357350e-001       
1.340872e+003       8.305998e-001       
1.346345e+003       8.226439e-001       
1.351818e+003       8.140370e-001       
1.357291e+003       8.027540e-001       
1.362764e+003       7.887950e-001       
1.368236e+003       7.613832e-001       
1.373709e+003       7.308613e-001       
1.379182e+003       7.105375e-001       
1.384655e+003       6.951319e-001       
1.390128e+003       6.811005e-001       
1.395601e+003       6.700345e-001       
1.401074e+003       6.620786e-001       
1.406547e+003       6.549183e-001       
1.412020e+003       6.539057e-001       
1.417493e+003       6.483365e-001       
1.422965e+003       6.455158e-001       
1.428438e+003       6.463114e-001       
1.433911e+003       6.476856e-001       
1.439384e+003       6.463837e-001       
1.444857e+003       6.482642e-001       
1.450330e+003       6.513743e-001       
1.455803e+003       6.547013e-001       
1.461276e+003       6.596195e-001       
1.466749e+003       6.639591e-001       
1.472222e+003       6.704685e-001       
1.477694e+003       6.757483e-001       
1.483167e+003       6.846445e-001       
1.488640e+003       6.914433e-001       
1.494113e+003       6.983143e-001       
1.499586e+003       7.065595e-001       
1.505059e+003       7.163236e-001       
1.510532e+003       7.252921e-001       
1.516005e+003       7.360688e-001       
1.521478e+003       7.456160e-001       
1.526951e+003       7.574775e-001       
1.532423e+003       7.706410e-001       
1.537896e+003       7.796818e-001       
1.543369e+003       7.932069e-001       
1.548842e+003       8.049238e-001       
1.554315e+003       8.159175e-001       
1.559788e+003       8.256816e-001       
1.565261e+003       8.351564e-001       
1.570734e+003       8.473073e-001       
1.576207e+003       8.497664e-001       
1.581680e+003       7.098866e-001       
1.587152e+003       9.298320e-001       
1.592625e+003       1.145727e+000       
1.598098e+003       1.358368e+000       
1.603571e+003       1.565728e+000       
1.609044e+003       1.772800e+000       
1.614517e+003       1.985947e+000       
1.619990e+003       2.182386e+000       
1.625463e+003       2.345627e+000       
1.630936e+003       2.369784e+000       
1.636409e+003       2.369784e+000       
1.641881e+003       2.369784e+000       
1.647354e+003       2.369784e+000       
1.652827e+003       2.369784e+000       
1.658300e+003       2.369784e+000       
1.663773e+003       2.369784e+000       
1.669246e+003       2.369784e+000       
1.674719e+003       2.369784e+000       
1.680192e+003       2.369784e+000       
1.685665e+003       2.369784e+000       
1.691138e+003       2.369784e+000       
1.696610e+003       2.369784e+000       
1.702083e+003       2.369784e+000       
1.707556e+003       2.369784e+000       
1.713029e+003       2.369784e+000       
1.718502e+003       2.369784e+000       
1.723975e+003       2.369784e+000       
1.729448e+003       2.369784e+000       
1.734921e+003       2.369784e+000       
1.740394e+003       2.369784e+000       
1.745867e+003       2.369784e+000       
1.751339e+003       2.369784e+000       
1.756812e+003       2.369784e+000       
1.762285e+003       2.369784e+000       
1.767758e+003       2.369784e+000       
1.773231e+003       2.369784e+000       
1.778704e+003       2.369784e+000       
1.784177e+003       2.369784e+000       
1.789650e+003       2.369784e+000       
1.795123e+003       2.369784e+000       
1.800596e+003       2.369784e+000       
1.806068e+003       2.369784e+000       
1.811541e+003       2.369784e+000       
1.817014e+003       2.369784e+000       
1.822487e+003       2.369784e+000       
1.827960e+003       2.369784e+000       
1.833433e+003       2.369784e+000       
1.838906e+003       2.369784e+000       
1.844379e+003       2.369784e+000       
1.849852e+003       2.369784e+000       
1.855325e+003       2.369784e+000       
1.860797e+003       2.369784e+000       
1.866270e+003       2.369784e+000       
1.871743e+003       2.369784e+000       
1.877216e+003       2.369784e+000       
1.882689e+003       2.369784e+000       
1.888162e+003       2.369784e+000       
1.893635e+003       2.369784e+000       
1.899108e+003       2.369784e+000       
1.904581e+003       2.369784e+000       
1.910054e+003       2.369784e+000       
1.915526e+003       2.369784e+000       
1.920999e+003       2.369784e+000       
1.926472e+003       2.369784e+000       
1.931945e+003       2.369784e+000       
1.937418e+003       2.369784e+000       
1.942891e+003       2.369784e+000       
1.948364e+003       2.369784e+000       
1.953837e+003       2.369784e+000       
1.959310e+003       2.369784e+000       
1.964783e+003       2.369784e+000       
1.970255e+003       2.369784e+000       
1.975728e+003       2.369784e+000       
1.981201e+003       2.369784e+000       
1.986674e+003       2.369784e+000       
1.992147e+003       2.369784e+000       
1.997620e+003       2.369784e+000       
2.003093e+003       2.369784e+000       
2.008566e+003       2.369784e+000       
2.014039e+003       2.369784e+000       
2.019512e+003       2.369784e+000       
2.024984e+003       2.369784e+000       
2.030457e+003       2.369784e+000       
2.035930e+003       2.369784e+000       
2.041403e+003       2.369784e+000       
2.046876e+003       2.369784e+000       
2.052349e+003       2.369784e+000       
2.057822e+003       2.369784e+000       
2.063295e+003       2.369784e+000       
2.068768e+003       2.369784e+000       
2.074241e+003       2.369784e+000       
2.079714e+003       2.369784e+000       
2.085187e+003       2.369784e+000       
2.090659e+003       2.369784e+000       
2.096132e+003       2.369784e+000       
2.101605e+003       2.369784e+000       
2.107078e+003       2.369784e+000       
2.112551e+003       2.369784e+000       
2.118024e+003       2.369784e+000       
2.123497e+003       2.369784e+000       
2.128970e+003       2.369784e+000       
2.134443e+003       2.369784e+000       
2.139916e+003       2.369784e+000       
2.145388e+003       2.369784e+000       
2.150861e+003       2.369784e+000       
2.156334e+003       2.369784e+000       
2.161807e+003       2.369784e+000       
2.167280e+003       2.369784e+000       
2.172753e+003       2.369784e+000       
2.178226e+003       2.369784e+000       
2.183699e+003       2.369784e+000       
2.189172e+003       2.369784e+000       
2.194645e+003       2.369784e+000       
2.200117e+003       2.369784e+000       
2.205590e+003       2.369784e+000       
2.211063e+003       2.369784e+000       
2.216536e+003       2.369784e+000       
2.222009e+003       2.369784e+000       
2.227482e+003       2.369784e+000       
2.232955e+003       2.369784e+000       
2.238428e+003       2.369784e+000       
2.243901e+003       2.369784e+000       
2.249374e+003       2.369784e+000       
2.254846e+003       2.369784e+000       
2.260319e+003       2.369784e+000       
2.265792e+003       2.369784e+000       
2.271265e+003       2.369784e+000       
2.276738e+003       2.369784e+000       
2.282211e+003       2.369784e+000       
2.287684e+003       2.369784e+000       
2.293157e+003       2.369784e+000       
2.298630e+003       2.369784e+000       
2.304103e+003       2.369784e+000       
2.309575e+003       2.369784e+000       
2.315048e+003       2.369784e+000       
2.320521e+003       2.369784e+000       
2.325994e+003       2.369784e+000       
2.331467e+003       2.369784e+000       
2.336940e+003       2.369784e+000       
2.342413e+003       2.369784e+000       
2.347886e+003       2.369784e+000       
2.353359e+003       2.369784e+000       
2.358832e+003       2.369784e+000       
2.364304e+003       2.369784e+000       
2.369777e+003       2.369784e+000       
2.375250e+003       2.369784e+000       
2.380723e+003       2.369784e+000       
2.386196e+003       2.369784e+000       
2.391669e+003       2.369784e+000       
2.397142e+003       2.369784e+000       
2.402615e+003       2.369784e+000       
2.408088e+003       2.369784e+000       
2.413561e+003       2.369784e+000       
2.419033e+003       2.369784e+000       
2.424506e+003       2.369784e+000       
2.429979e+003       2.369784e+000       
2.435452e+003       2.369784e+000       
2.440925e+003       2.369784e+000       
2.446398e+003       2.369784e+000       
2.451871e+003       2.369784e+000       
2.457344e+003       2.369784e+000       
2.462817e+003       2.369784e+000       
2.468290e+003       2.369784e+000       
2.473762e+003       2.369784e+000       
2.479235e+003       2.369784e+000       
2.484708e+003       2.369784e+000       
2.490181e+003       2.369784e+000       
2.495654e+003       2.369784e+000       
2.501127e+003       2.369784e+000       
2.506600e+003       2.369784e+000       
2.512073e+003       2.369784e+000       
2.517546e+003       2.369784e+000       
2.523019e+003       2.369784e+000       
2.528491e+003       2.369784e+000       
2.533964e+003       2.369784e+000       
2.539437e+003       2.369784e+000       
2.544910e+003       2.369784e+000       
2.550383e+003       2.369784e+000       
2.555856e+003       2.369784e+000       
2.561329e+003       2.369784e+000       
2.566802e+003       2.369784e+000       
2.572275e+003       2.369784e+000       
2.577748e+003       2.369784e+000       
2.583220e+003       2.369784e+000       
2.588693e+003       2.369784e+000       
2.594166e+003       2.369784e+000       
2.599639e+003       2.369784e+000       
2.605112e+003       2.369784e+000       
2.610585e+003       2.369784e+000       
2.616058e+003       2.369784e+000       
2.621531e+003       2.369784e+000       
2.627004e+003       2.369784e+000       
2.632477e+003       2.369784e+000       
2.637949e+003       2.369784e+000       
2.643422e+003       2.369784e+000       
2.648895e+003       2.369784e+000       
2.654368e+003       2.369784e+000       
2.659841e+003       2.369784e+000       
2.665314e+003       2.369784e+000       
2.670787e+003       2.369784e+000       
2.676260e+003       2.369784e+000       
2.681733e+003       2.369784e+000       
2.687206e+003       2.369784e+000       
2.692678e+003       2.369784e+000       
2.698151e+003       2.369784e+000       
2.703624e+003       2.369784e+000       
2.709097e+003       2.369784e+000       
2.714570e+003       2.369784e+000       
2.720043e+003       2.369784e+000       
2.725516e+003       2.369784e+000       
2.730989e+003       2.369784e+000       
2.736462e+003       2.369784e+000       
2.741935e+003       2.369784e+000       
2.747407e+003       2.369784e+000       
2.752880e+003       2.369784e+000       
2.758353e+003       2.369784e+000       
2.763826e+003       2.369784e+000       
2.769299e+003       2.369784e+000       
2.774772e+003       2.369784e+000       
2.780245e+003       2.369784e+000       
2.785718e+003       2.369784e+000       
2.791191e+003       2.369784e+000       
2.796664e+003       2.369784e+000       

Retract Data
0.000000e+000       2.369784e+000       
5.472960e+000       2.369784e+000       
1.094592e+001       2.369784e+000       
1.641888e+001       2.369784e+000       
2.189184e+001       2.369784e+000       
2.736480e+001       2.369784e+000       
3.283776e+001       2.369784e+000       
3.831072e+001       2.369784e+000       
4.378368e+001       2.369784e+000       
4.925665e+001       2.369784e+000       
5.472961e+001       2.369784e+000       
6.020257e+001       2.369784e+000       
6.567553e+001       2.369784e+000       
7.114849e+001       2.369784e+000       
7.662145e+001       2.369784e+000       
8.209441e+001       2.369784e+000       
8.756738e+001       2.369784e+000       
9.304034e+001       2.369784e+000       
9.851330e+001       2.369784e+000       
1.039863e+002       2.369784e+000       
1.094592e+002       2.369784e+000       
1.149322e+002       2.369784e+000       
1.204051e+002       2.369784e+000       
1.258781e+002       2.369784e+000       
1.313511e+002       2.369784e+000       
1.368240e+002       2.369784e+000       
1.422970e+002       2.369784e+000       
1.477699e+002       2.369784e+000       
1.532429e+002       2.369784e+000       
1.587159e+002       2.369784e+000       
1.641888e+002       2.369784e+000       
1.696618e+002       2.369784e+000       
1.751348e+002       2.369784e+000       
1.806077e+002       2.369784e+000       
1.860807e+002       2.369784e+000       
1.915536e+002       2.369784e+000       
1.970266e+002       2.369784e+000       
2.024996e+002       2.369784e+000       
2.079725e+002       2.369784e+000       
2.134455e+002       2.369784e+000       
2.189184e+002       2.369784e+000       
2.243914e+002       2.369784e+000       
2.298644e+002       2.369784e+000       
2.353373e+002       2.369784e+000       
2.408103e+002       2.369784e+000       
2.462832e+002       2.369784e+000       
2.517562e+002       2.369784e+000       
2.572292e+002       2.369784e+000       
2.627021e+002       2.369784e+000       
2.681751e+002       2.369784e+000       
2.736480e+002       2.369784e+000       
2.791210e+002       2.369784e+000       
2.845940e+002       2.369784e+000       
2.900669e+002       2.369784e+000       
2.955399e+002       2.369784e+000       
3.010128e+002       2.369784e+000       
3.064858e+002       2.369784e+000       
3.119588e+002       2.369784e+000       
3.174317e+002       2.369784e+000       
3.229047e+002       2.369784e+000       
3.283777e+002       2.369784e+000       
3.338506e+002       2.369784e+000       
3.393236e+002       2.369784e+000       
3.447965e+002       2.369784e+000       
3.502695e+002       2.369784e+000       
3.557425e+002       2.369784e+000       
3.612154e+002       2.369784e+000       
3.666884e+002       2.369784e+000       
3.721613e+002       2.369784e+000       
3.776343e+002       2.369784e+000       
3.831073e+002       2.369784e+000       
3.885802e+002       2.369784e+000       
3.940532e+002       2.369784e+000       
3.995262e+002       2.369784e+000       
4.049991e+002       2.369784e+000       
4.104721e+002       2.369784e+000       
4.159450e+002       2.369784e+000       
4.214180e+002       2.369784e+000       
4.268910e+002       2.369784e+000       
4.323639e+002       2.369784e+000       
4.378369e+002       2.369784e+000       
4.433098e+002       2.369784e+000       
4.487828e+002       2.369784e+000       
4.542558e+002       2.369784e+000       
4.597287e+002       2.369784e+000       
4.652017e+002       2.369784e+000       
4.706747e+002       2.369784e+000       
4.761476e+002       2.369784e+000       
4.816206e+002       2.369784e+000       
4.870935e+002       2.369784e+000       
4.925665e+002       2.369784e+000       
4.980395e+002       2.369784e+000       
5.035124e+002       2.369784e+000       
5.089854e+002       2.369784e+000       
5.144583e+002       2.369784e+000       
5.199313e+002       2.369784e+000       
5.254042e+002       2.369784e+000       
5.308772e+002       2.369784e+000       
5.363502e+002       2.369784e+000       
5.418231e+002       2.369784e+000       
5.472961e+002       2.369784e+000       
5.527690e+002       2.369784e+000       
5.582420e+002       2.369784e+000       
5.637150e+002       2.369784e+000       
5.691879e+002       2.369784e+000       
5.746609e+002       2.369784e+000       
5.801339e+002       2.369784e+000       
5.856068e+002       2.369784e+000       
5.910798e+002       2.369784e+000       
5.965527e+002       2.369784e+000       
6.020257e+002       2.369784e+000       
6.074987e+002       2.369784e+000       
6.129716e+002       2.369784e+000       
6.184446e+002       2.369784e+000       
6.239175e+002       2.369784e+000       
6.293905e+002       2.369784e+000       
6.348635e+002       2.369784e+000       
6.403364e+002       2.369784e+000       
6.458094e+002       2.369784e+000       
6.512823e+002       2.369784e+000       
6.567553e+002       2.369784e+000       
6.622283e+002       2.369784e+000       
6.677012e+002       2.369784e+000       
6.731742e+002       2.369784e+000       
6.786472e+002       2.369784e+000       
6.841201e+002       2.369784e+000       
6.895931e+002       2.369784e+000       
6.950660e+002       2.369784e+000       
7.005390e+002       2.369784e+000       
7.060120e+002       2.369784e+000       
7.114849e+002       2.369784e+000       
7.169579e+002       2.369784e+000       
7.224308e+002       2.369784e+000       
7.279038e+002       2.369784e+000       
7.333768e+002       2.369784e+000       
7.388497e+002       2.369784e+000       
7.443227e+002       2.369784e+000       
7.497957e+002       2.369784e+000       
7.552686e+002       2.369784e+000       
7.607416e+002       2.369784e+000       
7.662145e+002       2.369784e+000       
7.716875e+002       2.369784e+000       
7.771605e+002       2.369784e+000       
7.826334e+002       2.369784e+000       
7.881064e+002       2.369784e+000       
7.935793e+002       2.369784e+000       
7.990523e+002       2.369784e+000       
8.045253e+002       2.369784e+000       
8.099982e+002       2.369784e+000       
8.154712e+002       2.369784e+000       
8.209442e+002       2.369784e+000       
8.264171e+002       2.369784e+000       
8.318901e+002       2.369784e+000       
8.373630e+002       2.369784e+000       
8.428360e+002       2.369784e+000       
8.483090e+002       2.369784e+000       
8.537819e+002       2.369784e+000       
8.592549e+002       2.369784e+000       
8.647278e+002       2.369784e+000       
8.702008e+002       2.369784e+000       
8.756738e+002       2.369784e+000       
8.811467e+002       2.369784e+000       
8.866197e+002       2.369784e+000       
8.920927e+002       2.369784e+000       
8.975656e+002       2.369784e+000       
9.030386e+002       2.369784e+000       
9.085115e+002       2.369784e+000       
9.139845e+002       2.369784e+000       
9.194575e+002       2.369784e+000       
9.249304e+002       2.369784e+000       
9.304034e+002       2.369784e+000       
9.358763e+002       2.369784e+000       
9.413493e+002       2.369784e+000       
9.468223e+002       2.369784e+000       
9.522952e+002       2.369784e+000       
9.577682e+002       2.369784e+000       
9.632411e+002       2.369784e+000       
9.687141e+002       2.369784e+000       
9.741871e+002       2.369784e+000       
9.796600e+002       2.369784e+000       
9.851330e+002       2.369784e+000       
9.906060e+002       2.369784e+000       
9.960789e+002       2.369784e+000       
1.001552e+003       2.369784e+000       
1.007025e+003       2.369784e+000       
1.012498e+003       2.369784e+000       
1.017971e+003       2.369784e+000       
1.023444e+003       2.369784e+000       
1.028917e+003       2.369784e+000       
1.034390e+003       2.369784e+000       
1.039862e+003       2.369784e+000       
1.045335e+003       2.369784e+000       
1.050808e+003       2.369784e+000       
1.056281e+003       2.369784e+000       
1.061754e+003       2.369784e+000       
1.067227e+003       2.369784e+000       
1.072700e+003       2.369784e+000       
1.078173e+003       2.369784e+000       
1.083646e+003       2.369784e+000       
1.089119e+003       2.369784e+000       
1.094591e+003       2.369784e+000       
1.100064e+003       2.369784e+000       
1.105537e+003       2.369784e+000       
1.111010e+003       2.369784e+000       
1.116483e+003       2.369784e+000       
1.121956e+003       2.369784e+000       
1.127429e+003       2.369784e+000       
1.132902e+003       2.369784e+000       
1.138375e+003       2.369784e+000       
1.143848e+003       2.369784e+000       
1.149320e+003       2.369784e+000       
1.154793e+003       2.369784e+000       
1.160266e+003       2.369784e+000       
1.165739e+003       2.369784e+000       
1.171212e+003       2.369784e+000       
1.176685e+003       2.369784e+000       
1.182158e+003       2.369784e+000       
1.187631e+003       2.369784e+000       
1.193104e+003       2.369784e+000       
1.198577e+003       2.369784e+000       
1.204049e+003       2.309030e+000       
1.209522e+003       2.088434e+000       
1.214995e+003       1.847152e+000       
1.220468e+003       1.611005e+000       
1.225941e+003       1.371170e+000       
1.231414e+003       1.147029e+000       
1.236887e+003       9.213699e-001       
1.242360e+003       6.953489e-001       
1.247833e+003       5.057083e-001       
1.253306e+003       3.021809e-001       
1.258778e+003       1.267887e-001       
1.264251e+003       1.656281e-002       
1.269724e+003       2.912596e-001       
1.275197e+003       8.350841e-001       
1.280670e+003       8.204018e-001       
1.286143e+003       8.143986e-001       
1.291616e+003       8.023924e-001       
1.297089e+003       7.880718e-001       
1.302562e+003       7.789586e-001       
1.308035e+003       7.660844e-001       
1.313507e+003       7.529209e-001       
1.318980e+003       7.441694e-001       
1.324453e+003       7.323079e-001       
1.329926e+003       7.218928e-001       
1.335399e+003       7.106822e-001       
1.340872e+003       7.026539e-001       
1.346345e+003       6.906477e-001       
1.351818e+003       6.834873e-001       
1.357291e+003       6.750974e-001       
1.362764e+003       6.729276e-001       
1.368236e+003       6.711195e-001       
1.373709e+003       6.633081e-001       
1.379182e+003       6.581007e-001       
1.384655e+003       6.528208e-001       
1.390128e+003       6.486259e-001       
1.395601e+003       6.471070e-001       
1.401074e+003       6.448649e-001       
1.406547e+003       6.438523e-001       
1.412020e+003       6.451542e-001       
1.417493e+003       6.457328e-001       
1.422965e+003       6.478302e-001       
1.428438e+003       6.528931e-001       
1.433911e+003       6.555692e-001       
1.439384e+003       6.599088e-001       
1.444857e+003       6.675031e-001       
1.450330e+003       6.744465e-001       
1.455803e+003       6.873930e-001       
1.461276e+003       6.988929e-001       
1.466749e+003       7.122734e-001       
1.472222e+003       7.256538e-001       
1.477694e+003       7.401191e-001       
1.483167e+003       7.582008e-001       
1.488640e+003       7.770057e-001       
1.494113e+003       8.023924e-001       
1.499586e+003       8.319740e-001       
1.505059e+003       8.451375e-001       
1.510532e+003       8.509960e-001       
1.516005e+003       8.584456e-001       
1.521478e+003       8.632915e-001       
1.526951e+003       8.679204e-001       
1.532423e+003       8.708858e-001       
1.537896e+003       8.741405e-001       
1.543369e+003       8.765996e-001       
1.548842e+003       8.779015e-001       
1.554315e+003       8.758040e-001       
1.559788e+003       8.736342e-001       
1.565261e+003       8.705242e-001       
1.570734e+003       8.650273e-001       
1.576207e+003       8.576500e-001       
1.581680e+003       8.481752e-001       
1.587152e+003       8.408702e-001       
1.592625e+003       8.301659e-001       
1.598098e+003       8.185936e-001       
1.603571e+003       8.053578e-001       
1.609044e+003       7.934239e-001       
1.614517e+003       7.794648e-001       
1.619990e+003       7.675309e-001       
1.625463e+003       7.549461e-001       
1.630936e+003       7.412763e-001       
1.636409e+003       7.291978e-001       
1.641881e+003       7.184935e-001       
1.647354e+003       7.056916e-001       
1.652827e+003       6.960722e-001       
1.658300e+003       6.867420e-001       
1.663773e+003       6.772672e-001       
1.669246e+003       6.685880e-001       
1.674719e+003       6.617170e-001       
1.680192e+003       6.532547e-001       
1.685665e+003       6.494938e-001       
1.691138e+003       6.456605e-001       
1.696610e+003       6.447202e-001       
1.702083e+003       6.430567e-001       
1.707556e+003       6.430567e-001       
1.713029e+003       6.433460e-001       
1.718502e+003       6.454435e-001       
1.723975e+003       6.458774e-001       
1.729448e+003       6.497831e-001       
1.734921e+003       6.554245e-001       
1.740394e+003       6.607044e-001       
1.745867e+003       6.698899e-001       
1.751339e+003       6.779905e-001       
1.756812e+003       6.867420e-001       
1.762285e+003       6.998332e-001       
1.767758e+003       7.111161e-001       
1.773231e+003       7.255815e-001       
1.778704e+003       7.421443e-001       
1.784177e+003       7.892290e-001       
1.789650e+003       8.531657e-001       
1.795123e+003       8.507790e-001       
1.800596e+003       8.506343e-001       
1.806068e+003       8.543230e-001       
1.811541e+003       8.554079e-001       
1.817014e+003       8.560588e-001       
1.822487e+003       8.574330e-001       
1.827960e+003       8.603261e-001       
1.833433e+003       8.643041e-001       
1.838906e+003       8.642318e-001       
1.844379e+003       8.669078e-001       
1.849852e+003       8.661122e-001       
1.855325e+003       8.675588e-001       
1.860797e+003       8.693669e-001       
1.866270e+003       8.634362e-001       
1.871743e+003       8.614110e-001       
1.877216e+003       8.558418e-001       
1.882689e+003       8.481029e-001       
1.888162e+003       8.421721e-001       
1.893635e+003       8.338546e-001       
1.899108e+003       8.263326e-001       
1.904581e+003       8.149773e-001       
1.910054e+003       8.027540e-001       
1.915526e+003       7.909648e-001       
1.920999e+003       7.795372e-001       
1.926472e+003       7.686881e-001       
1.931945e+003       7.542228e-001       
1.937418e+003       7.431569e-001       
1.942891e+003       7.317292e-001       
1.948364e+003       7.194337e-001       
1.953837e+003       7.105375e-001       
1.959310e+003       7.003394e-001       
1.964783e+003       6.923835e-001       
1.970255e+003       6.844276e-001       
1.975728e+003       6.757483e-001       
1.981201e+003       6.690943e-001       
1.986674e+003       6.604151e-001       
1.992147e+003       6.572327e-001       
1.997620e+003       6.525315e-001       
2.003093e+003       6.520975e-001       
2.008566e+003       6.522422e-001       
2.014039e+003       6.487705e-001       
2.019512e+003       6.487705e-001       
2.024984e+003       6.509403e-001       
2.030457e+003       6.546290e-001       
2.035930e+003       6.582453e-001       
2.041403e+003       6.617893e-001       
2.046876e+003       6.665629e-001       
2.052349e+003       6.744465e-001       
2.057822e+003       6.810282e-001       
2.063295e+003       6.889118e-001       
2.068768e+003       6.983866e-001       
2.074241e+003       7.116224e-001       
2.079714e+003       7.258708e-001       
2.085187e+003       7.917604e-001       
2.090659e+003       8.444865e-001       
2.096132e+003       8.370369e-001       
2.101605e+003       8.368199e-001       
2.107078e+003       8.365306e-001       
2.112551e+003       8.338546e-001       
2.118024e+003       8.370369e-001       
2.123497e+003       8.379772e-001       
2.128970e+003       8.429677e-001       
2.134443e+003       8.431846e-001       
2.139916e+003       8.462947e-001       
2.145388e+003       8.465117e-001       
2.150861e+003       8.494048e-001       
2.156334e+003       8.485368e-001       
2.161807e+003       8.479582e-001       
2.167280e+003       8.463671e-001       
2.172753e+003       8.449205e-001       
2.178226e+003       8.419551e-001       
2.183699e+003       8.345054e-001       
2.189172e+003       8.296596e-001       
2.194645e+003       8.219929e-001       
2.200117e+003       8.157728e-001       
2.205590e+003       8.071660e-001       
2.211063e+003       7.967509e-001       
2.216536e+003       7.850340e-001       
2.222009e+003       7.748359e-001       
2.227482e+003       7.624681e-001       
2.232955e+003       7.530656e-001       
2.238428e+003       7.417103e-001       
2.243901e+003       7.317292e-001       
2.249374e+003       7.223268e-001       
2.254846e+003       7.119840e-001       
2.260319e+003       7.022200e-001       
2.265792e+003       6.970847e-001       
2.271265e+003       6.870313e-001       
2.276738e+003       6.834873e-001       
2.282211e+003       6.770502e-001       
2.287684e+003       6.750251e-001       
2.293157e+003       6.694559e-001       
2.298630e+003       6.681541e-001       
2.304103e+003       6.693836e-001       
2.309575e+003       6.669968e-001       
2.315048e+003       6.725660e-001       
2.320521e+003       6.732169e-001       
2.325994e+003       6.785691e-001       
2.331467e+003       6.808836e-001       
2.336940e+003       6.844276e-001       
2.342413e+003       6.915156e-001       
2.347886e+003       6.993992e-001       
2.353359e+003       7.060533e-001       
2.358832e+003       7.159620e-001       
2.364304e+003       7.276066e-001       
2.369777e+003       7.435185e-001       
2.375250e+003       8.104930e-001       
2.380723e+003       8.505620e-001       
2.386196e+003       8.431846e-001       
2.391669e+003       8.408702e-001       
2.397142e+003       8.368922e-001       
2.402615e+003       8.372539e-001       
2.408088e+003       8.353734e-001       
2.413561e+003       8.328419e-001       
2.419033e+003       8.333482e-001       
2.424506e+003       8.321187e-001       
2.429979e+003       8.342162e-001       
2.435452e+003       8.347225e-001       
2.440925e+003       8.327696e-001       
2.446398e+003       8.337822e-001       
2.451871e+003       8.310338e-001       
2.457344e+003       8.282130e-001       
2.462817e+003       8.244520e-001       
2.468290e+003       8.217036e-001       
2.473762e+003       8.159175e-001       
2.479235e+003       8.104930e-001       
2.484708e+003       8.039836e-001       
2.490181e+003       7.950151e-001       
2.495654e+003       7.851787e-001       
2.501127e+003       7.749806e-001       
2.506600e+003       7.638423e-001       
2.512073e+003       7.527040e-001       
2.517546e+003       7.420719e-001       
2.523019e+003       7.320185e-001       
2.528491e+003       7.215312e-001       
2.533964e+003       7.127796e-001       
2.539437e+003       7.034495e-001       
2.544910e+003       6.961445e-001       
2.550383e+003       6.857294e-001       
2.555856e+003       6.806666e-001       
2.561329e+003       6.727830e-001       
2.566802e+003       6.692390e-001       
2.572275e+003       6.659843e-001       
2.577748e+003       6.643931e-001       
2.583220e+003       6.636698e-001       
2.588693e+003       6.640314e-001       
2.594166e+003       6.667799e-001       
2.599639e+003       6.709025e-001       
2.605112e+003       6.755314e-001       
2.610585e+003       6.816068e-001       
2.616058e+003       6.880439e-001       
2.621531e+003       6.924558e-001       
2.627004e+003       6.999778e-001       
2.632477e+003       7.114054e-001       
2.637949e+003       7.180595e-001       
2.643422e+003       7.302104e-001       
2.648895e+003       7.400468e-001       
2.654368e+003       7.523423e-001       
2.659841e+003       7.774397e-001       
2.665314e+003       8.396407e-001       
2.670787e+003       8.453545e-001       
2.676260e+003       8.379772e-001       
2.681733e+003       8.359520e-001       
2.687206e+003       8.326973e-001       
2.692678e+003       8.313231e-001       
2.698151e+003       8.290086e-001       
2.703624e+003       8.305998e-001       
2.709097e+003       8.321910e-001       
2.714570e+003       8.337099e-001       
2.720043e+003       8.330590e-001       
2.725516e+003       8.338546e-001       
2.730989e+003       8.367476e-001       
2.736462e+003       8.364583e-001       
2.741935e+003       8.358073e-001       
2.747407e+003       8.335652e-001       
2.752880e+003       8.320464e-001       
2.758353e+003       8.286470e-001       
2.763826e+003       8.226439e-001       
2.769299e+003       8.160622e-001       
2.774772e+003       8.061534e-001       
2.780245e+003       7.970402e-001       
2.785718e+003       7.862636e-001       
2.791191e+003       7.715089e-001       
2.796664e+003       7.587794e-001       
