Calculated Z (nm)   Deflection (V)      
Extend Data
0.000000e+000       7.511128e-001       
5.472960e+000       7.595750e-001       
1.094592e+001       7.724491e-001       
1.641888e+001       7.828642e-001       
2.189184e+001       7.937855e-001       
2.736480e+001       8.033327e-001       
3.283776e+001       8.093358e-001       
3.831072e+001       8.164961e-001       
4.378368e+001       8.247414e-001       
4.925665e+001       8.291533e-001       
5.472961e+001       8.308168e-001       
6.020257e+001       8.332036e-001       
6.567553e+001       8.353734e-001       
7.114849e+001       8.358073e-001       
7.662145e+001       8.352287e-001       
8.209441e+001       8.358073e-001       
8.756738e+001       8.367476e-001       
9.304034e+001       8.355181e-001       
9.851330e+001       8.341438e-001       
1.039863e+002       8.349394e-001       
1.094592e+002       8.341438e-001       
1.149322e+002       8.339992e-001       
1.204051e+002       8.366753e-001       
1.258781e+002       8.338546e-001       
1.313511e+002       8.344331e-001       
1.368240e+002       8.376155e-001       
1.422970e+002       8.376878e-001       
1.477699e+002       8.379772e-001       
1.532429e+002       8.392067e-001       
1.587159e+002       8.386281e-001       
1.641888e+002       8.392067e-001       
1.696618e+002       8.368199e-001       
1.751348e+002       8.373262e-001       
1.806077e+002       8.353010e-001       
1.860807e+002       8.358797e-001       
1.915536e+002       8.335652e-001       
1.970266e+002       8.303828e-001       
2.024996e+002       8.292256e-001       
2.079725e+002       8.272005e-001       
2.134455e+002       8.214144e-001       
2.189184e+002       7.610216e-001       
2.243914e+002       6.868144e-001       
2.298644e+002       6.769779e-001       
2.353373e+002       6.735063e-001       
2.408103e+002       6.710472e-001       
2.462832e+002       6.694559e-001       
2.517562e+002       6.697453e-001       
2.572292e+002       6.724213e-001       
2.627021e+002       6.779181e-001       
2.681751e+002       6.807389e-001       
2.736480e+002       6.866697e-001       
2.791210e+002       6.923112e-001       
2.845940e+002       7.009904e-001       
2.900669e+002       7.101759e-001       
2.955399e+002       7.190720e-001       
3.010128e+002       7.289085e-001       
3.064858e+002       7.373707e-001       
3.119588e+002       7.480027e-001       
3.174317e+002       7.584178e-001       
3.229047e+002       7.684712e-001       
3.283777e+002       7.785969e-001       
3.338506e+002       7.886503e-001       
3.393236e+002       7.969679e-001       
3.447965e+002       8.049962e-001       
3.502695e+002       8.118672e-001       
3.557425e+002       8.185213e-001       
3.612154e+002       8.246691e-001       
3.666884e+002       8.305998e-001       
3.721613e+002       8.332759e-001       
3.776343e+002       8.350118e-001       
3.831073e+002       8.359520e-001       
3.885802e+002       8.376155e-001       
3.940532e+002       8.373985e-001       
3.995262e+002       8.378325e-001       
4.049991e+002       8.376878e-001       
4.104721e+002       8.364583e-001       
4.159450e+002       8.404363e-001       
4.214180e+002       8.406532e-001       
4.268910e+002       8.400746e-001       
4.323639e+002       8.423167e-001       
4.378369e+002       8.420274e-001       
4.433098e+002       8.449205e-001       
4.487828e+002       8.444142e-001       
4.542558e+002       8.480306e-001       
4.597287e+002       8.474519e-001       
4.652017e+002       8.469456e-001       
4.706747e+002       8.468733e-001       
4.761476e+002       8.477412e-001       
4.816206e+002       8.481752e-001       
4.870935e+002       8.491155e-001       
4.925665e+002       8.486091e-001       
4.980395e+002       8.508513e-001       
5.035124e+002       8.539613e-001       
5.089854e+002       8.543230e-001       
5.144583e+002       8.509237e-001       
5.199313e+002       8.462224e-001       
5.254042e+002       8.340715e-001       
5.308772e+002       6.918049e-001       
5.363502e+002       6.844999e-001       
5.418231e+002       6.813899e-001       
5.472961e+002       6.799433e-001       
5.527690e+002       6.828364e-001       
5.582420e+002       6.852232e-001       
5.637150e+002       6.889842e-001       
5.691879e+002       6.953489e-001       
5.746609e+002       7.018583e-001       
5.801339e+002       7.082954e-001       
5.856068e+002       7.170469e-001       
5.910798e+002       7.255815e-001       
5.965527e+002       7.362135e-001       
6.020257e+002       7.456160e-001       
6.074987e+002       7.591410e-001       
6.129716e+002       7.673140e-001       
6.184446e+002       7.791032e-001       
6.239175e+002       7.876378e-001       
6.293905e+002       7.981974e-001       
6.348635e+002       8.074553e-001       
6.403364e+002       8.172917e-001       
6.458094e+002       8.253923e-001       
6.512823e+002       8.313231e-001       
6.567553e+002       8.368199e-001       
6.622283e+002       8.410149e-001       
6.677012e+002       8.425337e-001       
6.731742e+002       8.462224e-001       
6.786472e+002       8.494048e-001       
6.841201e+002       8.500557e-001       
6.895931e+002       8.496218e-001       
6.950660e+002       8.464394e-001       
7.005390e+002       8.454268e-001       
7.060120e+002       8.434740e-001       
7.114849e+002       8.425337e-001       
7.169579e+002       8.408702e-001       
7.224308e+002       8.392791e-001       
7.279038e+002       8.375432e-001       
7.333768e+002       8.355181e-001       
7.388497e+002       8.347225e-001       
7.443227e+002       8.321187e-001       
7.497957e+002       8.295873e-001       
7.552686e+002       8.272005e-001       
7.607416e+002       8.274174e-001       
7.662145e+002       8.286470e-001       
7.716875e+002       8.295149e-001       
7.771605e+002       8.309615e-001       
7.826334e+002       8.345054e-001       
7.881064e+002       8.360243e-001       
7.935793e+002       8.376878e-001       
7.990523e+002       8.368199e-001       
8.045253e+002       8.360243e-001       
8.099982e+002       8.377602e-001       
8.154712e+002       8.373262e-001       
8.209442e+002       8.336375e-001       
8.264171e+002       7.480027e-001       
8.318901e+002       6.632358e-001       
8.373630e+002       6.625126e-001       
8.428360e+002       6.647547e-001       
8.483090e+002       6.665629e-001       
8.537819e+002       6.696729e-001       
8.592549e+002       6.737232e-001       
8.647278e+002       6.806666e-001       
8.702008e+002       6.856571e-001       
8.756738e+002       6.942640e-001       
8.811467e+002       7.027262e-001       
8.866197e+002       7.129243e-001       
8.920927e+002       7.232670e-001       
8.975656e+002       7.347670e-001       
9.030386e+002       7.469178e-001       
9.085115e+002       7.584901e-001       
9.139845e+002       7.705687e-001       
9.194575e+002       7.834428e-001       
9.249304e+002       7.953767e-001       
9.304034e+002       8.074553e-001       
9.358763e+002       8.172194e-001       
9.413493e+002       8.269835e-001       
9.468223e+002       8.389897e-001       
9.522952e+002       8.452821e-001       
9.577682e+002       8.524425e-001       
9.632411e+002       8.575777e-001       
9.687141e+002       8.624236e-001       
9.741871e+002       8.671248e-001       
9.796600e+002       8.684267e-001       
9.851330e+002       8.706688e-001       
9.906060e+002       8.726217e-001       
9.960789e+002       8.725493e-001       
1.001552e+003       8.721154e-001       
1.007025e+003       8.692946e-001       
1.012498e+003       8.674141e-001       
1.017971e+003       8.640147e-001       
1.023444e+003       8.586626e-001       
1.028917e+003       8.558418e-001       
1.034390e+003       8.483922e-001       
1.039862e+003       8.487538e-001       
1.045335e+003       8.444142e-001       
1.050808e+003       8.444142e-001       
1.056281e+003       8.413042e-001       
1.061754e+003       8.368199e-001       
1.067227e+003       8.335652e-001       
1.072700e+003       8.352287e-001       
1.078173e+003       8.308168e-001       
1.083646e+003       8.308168e-001       
1.089119e+003       8.281407e-001       
1.094591e+003       8.287917e-001       
1.100064e+003       8.292256e-001       
1.105537e+003       8.272005e-001       
1.111010e+003       8.264772e-001       
1.116483e+003       8.257539e-001       
1.121956e+003       7.728108e-001       
1.127429e+003       6.593302e-001       
1.132902e+003       6.532547e-001       
1.138375e+003       6.497108e-001       
1.143848e+003       6.512296e-001       
1.149320e+003       6.533271e-001       
1.154793e+003       6.552799e-001       
1.160266e+003       6.580283e-001       
1.165739e+003       6.629465e-001       
1.171212e+003       6.705408e-001       
1.176685e+003       6.800880e-001       
1.182158e+003       6.889842e-001       
1.187631e+003       6.987482e-001       
1.193104e+003       7.068489e-001       
1.198577e+003       7.200846e-001       
1.204049e+003       7.309336e-001       
1.209522e+003       7.435908e-001       
1.214995e+003       7.577668e-001       
1.220468e+003       7.699177e-001       
1.225941e+003       7.828642e-001       
1.231414e+003       7.966786e-001       
1.236887e+003       8.078169e-001       
1.242360e+003       8.183043e-001       
1.247833e+003       8.331313e-001       
1.253306e+003       8.434017e-001       
1.258778e+003       8.543953e-001       
1.264251e+003       8.624236e-001       
1.269724e+003       8.678481e-001       
1.275197e+003       8.758040e-001       
1.280670e+003       8.781908e-001       
1.286143e+003       8.803606e-001       
1.291616e+003       8.769612e-001       
1.297089e+003       8.809392e-001       
1.302562e+003       8.792034e-001       
1.308035e+003       8.744298e-001       
1.313507e+003       8.711028e-001       
1.318980e+003       8.667632e-001       
1.324453e+003       8.601815e-001       
1.329926e+003       8.557695e-001       
1.335399e+003       8.478859e-001       
1.340872e+003       8.439803e-001       
1.346345e+003       8.389174e-001       
1.351818e+003       8.319740e-001       
1.357291e+003       8.239458e-001       
1.362764e+003       8.163515e-001       
1.368236e+003       8.042006e-001       
1.373709e+003       7.602260e-001       
1.379182e+003       7.123457e-001       
1.384655e+003       6.959999e-001       
1.390128e+003       6.832703e-001       
1.395601e+003       6.739402e-001       
1.401074e+003       6.665629e-001       
1.406547e+003       6.594748e-001       
1.412020e+003       6.537610e-001       
1.417493e+003       6.494215e-001       
1.422965e+003       6.461667e-001       
1.428438e+003       6.467454e-001       
1.433911e+003       6.478302e-001       
1.439384e+003       6.462390e-001       
1.444857e+003       6.497108e-001       
1.450330e+003       6.526038e-001       
1.455803e+003       6.544843e-001       
1.461276e+003       6.578836e-001       
1.466749e+003       6.643208e-001       
1.472222e+003       6.698899e-001       
1.477694e+003       6.782075e-001       
1.483167e+003       6.839213e-001       
1.488640e+003       6.919495e-001       
1.494113e+003       7.011350e-001       
1.499586e+003       7.104652e-001       
1.505059e+003       7.204463e-001       
1.510532e+003       7.313676e-001       
1.516005e+003       7.419273e-001       
1.521478e+003       7.534996e-001       
1.526951e+003       7.647102e-001       
1.532423e+003       7.739680e-001       
1.537896e+003       7.872761e-001       
1.543369e+003       8.010905e-001       
1.548842e+003       8.125182e-001       
1.554315e+003       8.247414e-001       
1.559788e+003       8.344331e-001       
1.565261e+003       8.470903e-001       
1.570734e+003       8.570714e-001       
1.576207e+003       8.653166e-001       
1.581680e+003       7.822856e-001       
1.587152e+003       8.557695e-001       
1.592625e+003       1.064866e+000       
1.598098e+003       1.278157e+000       
1.603571e+003       1.485590e+000       
1.609044e+003       1.691794e+000       
1.614517e+003       1.889535e+000       
1.619990e+003       2.085685e+000       
1.625463e+003       2.271203e+000       
1.630936e+003       2.369784e+000       
1.636409e+003       2.369784e+000       
1.641881e+003       2.369784e+000       
1.647354e+003       2.369784e+000       
1.652827e+003       2.369784e+000       
1.658300e+003       2.369784e+000       
1.663773e+003       2.369784e+000       
1.669246e+003       2.369784e+000       
1.674719e+003       2.369784e+000       
1.680192e+003       2.369784e+000       
1.685665e+003       2.369784e+000       
1.691138e+003       2.369784e+000       
1.696610e+003       2.369784e+000       
1.702083e+003       2.369784e+000       
1.707556e+003       2.369784e+000       
1.713029e+003       2.369784e+000       
1.718502e+003       2.369784e+000       
1.723975e+003       2.369784e+000       
1.729448e+003       2.369784e+000       
1.734921e+003       2.369784e+000       
1.740394e+003       2.369784e+000       
1.745867e+003       2.369784e+000       
1.751339e+003       2.369784e+000       
1.756812e+003       2.369784e+000       
1.762285e+003       2.369784e+000       
1.767758e+003       2.369784e+000       
1.773231e+003       2.369784e+000       
1.778704e+003       2.369784e+000       
1.784177e+003       2.369784e+000       
1.789650e+003       2.369784e+000       
1.795123e+003       2.369784e+000       
1.800596e+003       2.369784e+000       
1.806068e+003       2.369784e+000       
1.811541e+003       2.369784e+000       
1.817014e+003       2.369784e+000       
1.822487e+003       2.369784e+000       
1.827960e+003       2.369784e+000       
1.833433e+003       2.369784e+000       
1.838906e+003       2.369784e+000       
1.844379e+003       2.369784e+000       
1.849852e+003       2.369784e+000       
1.855325e+003       2.369784e+000       
1.860797e+003       2.369784e+000       
1.866270e+003       2.369784e+000       
1.871743e+003       2.369784e+000       
1.877216e+003       2.369784e+000       
1.882689e+003       2.369784e+000       
1.888162e+003       2.369784e+000       
1.893635e+003       2.369784e+000       
1.899108e+003       2.369784e+000       
1.904581e+003       2.369784e+000       
1.910054e+003       2.369784e+000       
1.915526e+003       2.369784e+000       
1.920999e+003       2.369784e+000       
1.926472e+003       2.369784e+000       
1.931945e+003       2.369784e+000       
1.937418e+003       2.369784e+000       
1.942891e+003       2.369784e+000       
1.948364e+003       2.369784e+000       
1.953837e+003       2.369784e+000       
1.959310e+003       2.369784e+000       
1.964783e+003       2.369784e+000       
1.970255e+003       2.369784e+000       
1.975728e+003       2.369784e+000       
1.981201e+003       2.369784e+000       
1.986674e+003       2.369784e+000       
1.992147e+003       2.369784e+000       
1.997620e+003       2.369784e+000       
2.003093e+003       2.369784e+000       
2.008566e+003       2.369784e+000       
2.014039e+003       2.369784e+000       
2.019512e+003       2.369784e+000       
2.024984e+003       2.369784e+000       
2.030457e+003       2.369784e+000       
2.035930e+003       2.369784e+000       
2.041403e+003       2.369784e+000       
2.046876e+003       2.369784e+000       
2.052349e+003       2.369784e+000       
2.057822e+003       2.369784e+000       
2.063295e+003       2.369784e+000       
2.068768e+003       2.369784e+000       
2.074241e+003       2.369784e+000       
2.079714e+003       2.369784e+000       
2.085187e+003       2.369784e+000       
2.090659e+003       2.369784e+000       
2.096132e+003       2.369784e+000       
2.101605e+003       2.369784e+000       
2.107078e+003       2.369784e+000       
2.112551e+003       2.369784e+000       
2.118024e+003       2.369784e+000       
2.123497e+003       2.369784e+000       
2.128970e+003       2.369784e+000       
2.134443e+003       2.369784e+000       
2.139916e+003       2.369784e+000       
2.145388e+003       2.369784e+000       
2.150861e+003       2.369784e+000       
2.156334e+003       2.369784e+000       
2.161807e+003       2.369784e+000       
2.167280e+003       2.369784e+000       
2.172753e+003       2.369784e+000       
2.178226e+003       2.369784e+000       
2.183699e+003       2.369784e+000       
2.189172e+003       2.369784e+000       
2.194645e+003       2.369784e+000       
2.200117e+003       2.369784e+000       
2.205590e+003       2.369784e+000       
2.211063e+003       2.369784e+000       
2.216536e+003       2.369784e+000       
2.222009e+003       2.369784e+000       
2.227482e+003       2.369784e+000       
2.232955e+003       2.369784e+000       
2.238428e+003       2.369784e+000       
2.243901e+003       2.369784e+000       
2.249374e+003       2.369784e+000       
2.254846e+003       2.369784e+000       
2.260319e+003       2.369784e+000       
2.265792e+003       2.369784e+000       
2.271265e+003       2.369784e+000       
2.276738e+003       2.369784e+000       
2.282211e+003       2.369784e+000       
2.287684e+003       2.369784e+000       
2.293157e+003       2.369784e+000       
2.298630e+003       2.369784e+000       
2.304103e+003       2.369784e+000       
2.309575e+003       2.369784e+000       
2.315048e+003       2.369784e+000       
2.320521e+003       2.369784e+000       
2.325994e+003       2.369784e+000       
2.331467e+003       2.369784e+000       
2.336940e+003       2.369784e+000       
2.342413e+003       2.369784e+000       
2.347886e+003       2.369784e+000       
2.353359e+003       2.369784e+000       
2.358832e+003       2.369784e+000       
2.364304e+003       2.369784e+000       
2.369777e+003       2.369784e+000       
2.375250e+003       2.369784e+000       
2.380723e+003       2.369784e+000       
2.386196e+003       2.369784e+000       
2.391669e+003       2.369784e+000       
2.397142e+003       2.369784e+000       
2.402615e+003       2.369784e+000       
2.408088e+003       2.369784e+000       
2.413561e+003       2.369784e+000       
2.419033e+003       2.369784e+000       
2.424506e+003       2.369784e+000       
2.429979e+003       2.369784e+000       
2.435452e+003       2.369784e+000       
2.440925e+003       2.369784e+000       
2.446398e+003       2.369784e+000       
2.451871e+003       2.369784e+000       
2.457344e+003       2.369784e+000       
2.462817e+003       2.369784e+000       
2.468290e+003       2.369784e+000       
2.473762e+003       2.369784e+000       
2.479235e+003       2.369784e+000       
2.484708e+003       2.369784e+000       
2.490181e+003       2.369784e+000       
2.495654e+003       2.369784e+000       
2.501127e+003       2.369784e+000       
2.506600e+003       2.369784e+000       
2.512073e+003       2.369784e+000       
2.517546e+003       2.369784e+000       
2.523019e+003       2.369784e+000       
2.528491e+003       2.369784e+000       
2.533964e+003       2.369784e+000       
2.539437e+003       2.369784e+000       
2.544910e+003       2.369784e+000       
2.550383e+003       2.369784e+000       
2.555856e+003       2.369784e+000       
2.561329e+003       2.369784e+000       
2.566802e+003       2.369784e+000       
2.572275e+003       2.369784e+000       
2.577748e+003       2.369784e+000       
2.583220e+003       2.369784e+000       
2.588693e+003       2.369784e+000       
2.594166e+003       2.369784e+000       
2.599639e+003       2.369784e+000       
2.605112e+003       2.369784e+000       
2.610585e+003       2.369784e+000       
2.616058e+003       2.369784e+000       
2.621531e+003       2.369784e+000       
2.627004e+003       2.369784e+000       
2.632477e+003       2.369784e+000       
2.637949e+003       2.369784e+000       
2.643422e+003       2.369784e+000       
2.648895e+003       2.369784e+000       
2.654368e+003       2.369784e+000       
2.659841e+003       2.369784e+000       
2.665314e+003       2.369784e+000       
2.670787e+003       2.369784e+000       
2.676260e+003       2.369784e+000       
2.681733e+003       2.369784e+000       
2.687206e+003       2.369784e+000       
2.692678e+003       2.369784e+000       
2.698151e+003       2.369784e+000       
2.703624e+003       2.369784e+000       
2.709097e+003       2.369784e+000       
2.714570e+003       2.369784e+000       
2.720043e+003       2.369784e+000       
2.725516e+003       2.369784e+000       
2.730989e+003       2.369784e+000       
2.736462e+003       2.369784e+000       
2.741935e+003       2.369784e+000       
2.747407e+003       2.369784e+000       
2.752880e+003       2.369784e+000       
2.758353e+003       2.369784e+000       
2.763826e+003       2.369784e+000       
2.769299e+003       2.369784e+000       
2.774772e+003       2.369784e+000       
2.780245e+003       2.369784e+000       
2.785718e+003       2.369784e+000       
2.791191e+003       2.369784e+000       
2.796664e+003       2.369784e+000       

Retract Data
0.000000e+000       2.369784e+000       
5.472960e+000       2.369784e+000       
1.094592e+001       2.369784e+000       
1.641888e+001       2.369784e+000       
2.189184e+001       2.369784e+000       
2.736480e+001       2.369784e+000       
3.283776e+001       2.369784e+000       
3.831072e+001       2.369784e+000       
4.378368e+001       2.369784e+000       
4.925665e+001       2.369784e+000       
5.472961e+001       2.369784e+000       
6.020257e+001       2.369784e+000       
6.567553e+001       2.369784e+000       
7.114849e+001       2.369784e+000       
7.662145e+001       2.369784e+000       
8.209441e+001       2.369784e+000       
8.756738e+001       2.369784e+000       
9.304034e+001       2.369784e+000       
9.851330e+001       2.369784e+000       
1.039863e+002       2.369784e+000       
1.094592e+002       2.369784e+000       
1.149322e+002       2.369784e+000       
1.204051e+002       2.369784e+000       
1.258781e+002       2.369784e+000       
1.313511e+002       2.369784e+000       
1.368240e+002       2.369784e+000       
1.422970e+002       2.369784e+000       
1.477699e+002       2.369784e+000       
1.532429e+002       2.369784e+000       
1.587159e+002       2.369784e+000       
1.641888e+002       2.369784e+000       
1.696618e+002       2.369784e+000       
1.751348e+002       2.369784e+000       
1.806077e+002       2.369784e+000       
1.860807e+002       2.369784e+000       
1.915536e+002       2.369784e+000       
1.970266e+002       2.369784e+000       
2.024996e+002       2.369784e+000       
2.079725e+002       2.369784e+000       
2.134455e+002       2.369784e+000       
2.189184e+002       2.369784e+000       
2.243914e+002       2.369784e+000       
2.298644e+002       2.369784e+000       
2.353373e+002       2.369784e+000       
2.408103e+002       2.369784e+000       
2.462832e+002       2.369784e+000       
2.517562e+002       2.369784e+000       
2.572292e+002       2.369784e+000       
2.627021e+002       2.369784e+000       
2.681751e+002       2.369784e+000       
2.736480e+002       2.369784e+000       
2.791210e+002       2.369784e+000       
2.845940e+002       2.369784e+000       
2.900669e+002       2.369784e+000       
2.955399e+002       2.369784e+000       
3.010128e+002       2.369784e+000       
3.064858e+002       2.369784e+000       
3.119588e+002       2.369784e+000       
3.174317e+002       2.369784e+000       
3.229047e+002       2.369784e+000       
3.283777e+002       2.369784e+000       
3.338506e+002       2.369784e+000       
3.393236e+002       2.369784e+000       
3.447965e+002       2.369784e+000       
3.502695e+002       2.369784e+000       
3.557425e+002       2.369784e+000       
3.612154e+002       2.369784e+000       
3.666884e+002       2.369784e+000       
3.721613e+002       2.369784e+000       
3.776343e+002       2.369784e+000       
3.831073e+002       2.369784e+000       
3.885802e+002       2.369784e+000       
3.940532e+002       2.369784e+000       
3.995262e+002       2.369784e+000       
4.049991e+002       2.369784e+000       
4.104721e+002       2.369784e+000       
4.159450e+002       2.369784e+000       
4.214180e+002       2.369784e+000       
4.268910e+002       2.369784e+000       
4.323639e+002       2.369784e+000       
4.378369e+002       2.369784e+000       
4.433098e+002       2.369784e+000       
4.487828e+002       2.369784e+000       
4.542558e+002       2.369784e+000       
4.597287e+002       2.369784e+000       
4.652017e+002       2.369784e+000       
4.706747e+002       2.369784e+000       
4.761476e+002       2.369784e+000       
4.816206e+002       2.369784e+000       
4.870935e+002       2.369784e+000       
4.925665e+002       2.369784e+000       
4.980395e+002       2.369784e+000       
5.035124e+002       2.369784e+000       
5.089854e+002       2.369784e+000       
5.144583e+002       2.369784e+000       
5.199313e+002       2.369784e+000       
5.254042e+002       2.369784e+000       
5.308772e+002       2.369784e+000       
5.363502e+002       2.369784e+000       
5.418231e+002       2.369784e+000       
5.472961e+002       2.369784e+000       
5.527690e+002       2.369784e+000       
5.582420e+002       2.369784e+000       
5.637150e+002       2.369784e+000       
5.691879e+002       2.369784e+000       
5.746609e+002       2.369784e+000       
5.801339e+002       2.369784e+000       
5.856068e+002       2.369784e+000       
5.910798e+002       2.369784e+000       
5.965527e+002       2.369784e+000       
6.020257e+002       2.369784e+000       
6.074987e+002       2.369784e+000       
6.129716e+002       2.369784e+000       
6.184446e+002       2.369784e+000       
6.239175e+002       2.369784e+000       
6.293905e+002       2.369784e+000       
6.348635e+002       2.369784e+000       
6.403364e+002       2.369784e+000       
6.458094e+002       2.369784e+000       
6.512823e+002       2.369784e+000       
6.567553e+002       2.369784e+000       
6.622283e+002       2.369784e+000       
6.677012e+002       2.369784e+000       
6.731742e+002       2.369784e+000       
6.786472e+002       2.369784e+000       
6.841201e+002       2.369784e+000       
6.895931e+002       2.369784e+000       
6.950660e+002       2.369784e+000       
7.005390e+002       2.369784e+000       
7.060120e+002       2.369784e+000       
7.114849e+002       2.369784e+000       
7.169579e+002       2.369784e+000       
7.224308e+002       2.369784e+000       
7.279038e+002       2.369784e+000       
7.333768e+002       2.369784e+000       
7.388497e+002       2.369784e+000       
7.443227e+002       2.369784e+000       
7.497957e+002       2.369784e+000       
7.552686e+002       2.369784e+000       
7.607416e+002       2.369784e+000       
7.662145e+002       2.369784e+000       
7.716875e+002       2.369784e+000       
7.771605e+002       2.369784e+000       
7.826334e+002       2.369784e+000       
7.881064e+002       2.369784e+000       
7.935793e+002       2.369784e+000       
7.990523e+002       2.369784e+000       
8.045253e+002       2.369784e+000       
8.099982e+002       2.369784e+000       
8.154712e+002       2.369784e+000       
8.209442e+002       2.369784e+000       
8.264171e+002       2.369784e+000       
8.318901e+002       2.369784e+000       
8.373630e+002       2.369784e+000       
8.428360e+002       2.369784e+000       
8.483090e+002       2.369784e+000       
8.537819e+002       2.369784e+000       
8.592549e+002       2.369784e+000       
8.647278e+002       2.369784e+000       
8.702008e+002       2.369784e+000       
8.756738e+002       2.369784e+000       
8.811467e+002       2.369784e+000       
8.866197e+002       2.369784e+000       
8.920927e+002       2.369784e+000       
8.975656e+002       2.369784e+000       
9.030386e+002       2.369784e+000       
9.085115e+002       2.369784e+000       
9.139845e+002       2.369784e+000       
9.194575e+002       2.369784e+000       
9.249304e+002       2.369784e+000       
9.304034e+002       2.369784e+000       
9.358763e+002       2.369784e+000       
9.413493e+002       2.369784e+000       
9.468223e+002       2.369784e+000       
9.522952e+002       2.369784e+000       
9.577682e+002       2.369784e+000       
9.632411e+002       2.369784e+000       
9.687141e+002       2.369784e+000       
9.741871e+002       2.369784e+000       
9.796600e+002       2.369784e+000       
9.851330e+002       2.369784e+000       
9.906060e+002       2.369784e+000       
9.960789e+002       2.369784e+000       
1.001552e+003       2.369784e+000       
1.007025e+003       2.369784e+000       
1.012498e+003       2.369784e+000       
1.017971e+003       2.369784e+000       
1.023444e+003       2.369784e+000       
1.028917e+003       2.369784e+000       
1.034390e+003       2.369784e+000       
1.039862e+003       2.369784e+000       
1.045335e+003       2.369784e+000       
1.050808e+003       2.369784e+000       
1.056281e+003       2.369784e+000       
1.061754e+003       2.369784e+000       
1.067227e+003       2.369784e+000       
1.072700e+003       2.369784e+000       
1.078173e+003       2.369784e+000       
1.083646e+003       2.369784e+000       
1.089119e+003       2.369784e+000       
1.094591e+003       2.369784e+000       
1.100064e+003       2.369784e+000       
1.105537e+003       2.369784e+000       
1.111010e+003       2.369784e+000       
1.116483e+003       2.369784e+000       
1.121956e+003       2.369784e+000       
1.127429e+003       2.369784e+000       
1.132902e+003       2.369784e+000       
1.138375e+003       2.369784e+000       
1.143848e+003       2.369784e+000       
1.149320e+003       2.369784e+000       
1.154793e+003       2.369784e+000       
1.160266e+003       2.369784e+000       
1.165739e+003       2.369784e+000       
1.171212e+003       2.369784e+000       
1.176685e+003       2.369784e+000       
1.182158e+003       2.369784e+000       
1.187631e+003       2.369784e+000       
1.193104e+003       2.369784e+000       
1.198577e+003       2.369784e+000       
1.204049e+003       2.278002e+000       
1.209522e+003       2.019651e+000       
1.214995e+003       1.767592e+000       
1.220468e+003       1.514883e+000       
1.225941e+003       1.278953e+000       
1.231414e+003       1.027256e+000       
1.236887e+003       8.114333e-001       
1.242360e+003       5.823746e-001       
1.247833e+003       3.797875e-001       
1.253306e+003       2.054078e-001       
1.258778e+003       2.169801e-002       
1.264251e+003       -4.339602e-003      
1.269724e+003       8.162791e-001       
1.275197e+003       8.120842e-001       
1.280670e+003       8.100591e-001       
1.286143e+003       8.177257e-001       
1.291616e+003       8.046345e-001       
1.297089e+003       7.912541e-001       
1.302562e+003       7.788863e-001       
1.308035e+003       7.668800e-001       
1.313507e+003       7.577668e-001       
1.318980e+003       7.465562e-001       
1.324453e+003       7.333204e-001       
1.329926e+003       7.247859e-001       
1.335399e+003       7.136475e-001       
1.340872e+003       7.014967e-001       
1.346345e+003       6.956382e-001       
1.351818e+003       6.858741e-001       
1.357291e+003       6.778458e-001       
1.362764e+003       6.708301e-001       
1.368236e+003       6.628019e-001       
1.373709e+003       6.567264e-001       
1.379182e+003       6.515189e-001       
1.384655e+003       6.484812e-001       
1.390128e+003       6.430567e-001       
1.395601e+003       6.397297e-001       
1.401074e+003       6.383554e-001       
1.406547e+003       6.369089e-001       
1.412020e+003       6.381385e-001       
1.417493e+003       6.372706e-001       
1.422965e+003       6.404529e-001       
1.428438e+003       6.424057e-001       
1.433911e+003       6.434907e-001       
1.439384e+003       6.513019e-001       
1.444857e+003       6.588239e-001       
1.450330e+003       6.644654e-001       
1.455803e+003       6.789308e-001       
1.461276e+003       6.889118e-001       
1.466749e+003       7.010627e-001       
1.472222e+003       7.122734e-001       
1.477694e+003       7.276066e-001       
1.483167e+003       7.452543e-001       
1.488640e+003       7.631913e-001       
1.494113e+003       7.782353e-001       
1.499586e+003       7.986314e-001       
1.505059e+003       8.287917e-001       
1.510532e+003       8.520809e-001       
1.516005e+003       8.573607e-001       
1.521478e+003       8.609771e-001       
1.526951e+003       8.659676e-001       
1.532423e+003       8.710304e-001       
1.537896e+003       8.747191e-001       
1.543369e+003       8.750084e-001       
1.548842e+003       8.745021e-001       
1.554315e+003       8.729109e-001       
1.559788e+003       8.709581e-001       
1.565261e+003       8.690776e-001       
1.570734e+003       8.639424e-001       
1.576207e+003       8.539613e-001       
1.581680e+003       8.454991e-001       
1.587152e+003       8.381218e-001       
1.592625e+003       8.302382e-001       
1.598098e+003       8.189552e-001       
1.603571e+003       8.050685e-001       
1.609044e+003       7.935686e-001       
1.614517e+003       7.797542e-001       
1.619990e+003       7.669523e-001       
1.625463e+003       7.554524e-001       
1.630936e+003       7.422166e-001       
1.636409e+003       7.271727e-001       
1.641881e+003       7.142262e-001       
1.647354e+003       7.025816e-001       
1.652827e+003       6.929621e-001       
1.658300e+003       6.826194e-001       
1.663773e+003       6.730723e-001       
1.669246e+003       6.661289e-001       
1.674719e+003       6.600535e-001       
1.680192e+003       6.533271e-001       
1.685665e+003       6.469623e-001       
1.691138e+003       6.434183e-001       
1.696610e+003       6.408145e-001       
1.702083e+003       6.387894e-001       
1.707556e+003       6.385725e-001       
1.713029e+003       6.380662e-001       
1.718502e+003       6.399466e-001       
1.723975e+003       6.420441e-001       
1.729448e+003       6.466007e-001       
1.734921e+003       6.506510e-001       
1.740394e+003       6.582453e-001       
1.745867e+003       6.664182e-001       
1.751339e+003       6.748804e-001       
1.756812e+003       6.840659e-001       
1.762285e+003       6.939747e-001       
1.767758e+003       7.045344e-001       
1.773231e+003       7.174808e-001       
1.778704e+003       7.341883e-001       
1.784177e+003       7.673863e-001       
1.789650e+003       8.560588e-001       
1.795123e+003       8.485368e-001       
1.800596e+003       8.497664e-001       
1.806068e+003       8.513576e-001       
1.811541e+003       8.552632e-001       
1.817014e+003       8.559865e-001       
1.822487e+003       8.594582e-001       
1.827960e+003       8.597475e-001       
1.833433e+003       8.621343e-001       
1.838906e+003       8.651720e-001       
1.844379e+003       8.628575e-001       
1.849852e+003       8.653890e-001       
1.855325e+003       8.624236e-001       
1.860797e+003       8.606877e-001       
1.866270e+003       8.588796e-001       
1.871743e+003       8.579393e-001       
1.877216e+003       8.529488e-001       
1.882689e+003       8.469456e-001       
1.888162e+003       8.413042e-001       
1.893635e+003       8.316847e-001       
1.899108e+003       8.223546e-001       
1.904581e+003       8.147603e-001       
1.910054e+003       8.012352e-001       
1.915526e+003       7.919050e-001       
1.920999e+003       7.796818e-001       
1.926472e+003       7.670246e-001       
1.931945e+003       7.561756e-001       
1.937418e+003       7.455436e-001       
1.942891e+003       7.310783e-001       
1.948364e+003       7.205186e-001       
1.953837e+003       7.083677e-001       
1.959310e+003       7.002671e-001       
1.964783e+003       6.910093e-001       
1.970255e+003       6.805943e-001       
1.975728e+003       6.732892e-001       
1.981201e+003       6.679371e-001       
1.986674e+003       6.620786e-001       
1.992147e+003       6.533994e-001       
1.997620e+003       6.511573e-001       
2.003093e+003       6.488428e-001       
2.008566e+003       6.455158e-001       
2.014039e+003       6.460944e-001       
2.019512e+003       6.471070e-001       
2.024984e+003       6.471070e-001       
2.030457e+003       6.495661e-001       
2.035930e+003       6.520252e-001       
2.041403e+003       6.578836e-001       
2.046876e+003       6.597642e-001       
2.052349e+003       6.679371e-001       
2.057822e+003       6.755314e-001       
2.063295e+003       6.871760e-001       
2.068768e+003       6.993992e-001       
2.074241e+003       7.135029e-001       
2.079714e+003       7.340437e-001       
2.085187e+003       8.201125e-001       
2.090659e+003       8.372539e-001       
2.096132e+003       8.329866e-001       
2.101605e+003       8.308891e-001       
2.107078e+003       8.305998e-001       
2.112551e+003       8.326250e-001       
2.118024e+003       8.321187e-001       
2.123497e+003       8.327696e-001       
2.128970e+003       8.357350e-001       
2.134443e+003       8.376155e-001       
2.139916e+003       8.416658e-001       
2.145388e+003       8.426061e-001       
2.150861e+003       8.438356e-001       
2.156334e+003       8.431123e-001       
2.161807e+003       8.450652e-001       
2.167280e+003       8.432570e-001       
2.172753e+003       8.430400e-001       
2.178226e+003       8.366753e-001       
2.183699e+003       8.316124e-001       
2.189172e+003       8.248860e-001       
2.194645e+003       8.199678e-001       
2.200117e+003       8.099144e-001       
2.205590e+003       8.013799e-001       
2.211063e+003       7.913988e-001       
2.216536e+003       7.818516e-001       
2.222009e+003       7.695561e-001       
2.227482e+003       7.586347e-001       
2.232955e+003       7.456883e-001       
2.238428e+003       7.357795e-001       
2.243901e+003       7.246412e-001       
2.249374e+003       7.148771e-001       
2.254846e+003       7.072828e-001       
2.260319e+003       6.978080e-001       
2.265792e+003       6.890565e-001       
2.271265e+003       6.834150e-001       
2.276738e+003       6.782075e-001       
2.282211e+003       6.711195e-001       
2.287684e+003       6.685880e-001       
2.293157e+003       6.656950e-001       
2.298630e+003       6.642484e-001       
2.304103e+003       6.628019e-001       
2.309575e+003       6.644654e-001       
2.315048e+003       6.651163e-001       
2.320521e+003       6.662012e-001       
2.325994e+003       6.698899e-001       
2.331467e+003       6.741572e-001       
2.336940e+003       6.795817e-001       
2.342413e+003       6.890565e-001       
2.347886e+003       6.942640e-001       
2.353359e+003       6.996162e-001       
2.358832e+003       7.066318e-001       
2.364304e+003       7.135752e-001       
2.369777e+003       7.257984e-001       
2.375250e+003       7.399745e-001       
2.380723e+003       8.106377e-001       
2.386196e+003       8.510683e-001       
2.391669e+003       8.439803e-001       
2.397142e+003       8.398576e-001       
2.402615e+003       8.345054e-001       
2.408088e+003       8.330590e-001       
2.413561e+003       8.366753e-001       
2.419033e+003       8.308891e-001       
2.424506e+003       8.331313e-001       
2.429979e+003       8.291533e-001       
2.435452e+003       8.292980e-001       
2.440925e+003       8.292256e-001       
2.446398e+003       8.280684e-001       
2.451871e+003       8.264772e-001       
2.457344e+003       8.243797e-001       
2.462817e+003       8.185213e-001       
2.468290e+003       8.166408e-001       
2.473762e+003       8.108546e-001       
2.479235e+003       8.060088e-001       
2.484708e+003       7.971126e-001       
2.490181e+003       7.865528e-001       
2.495654e+003       7.783800e-001       
2.501127e+003       7.676756e-001       
2.506600e+003       7.587071e-001       
2.512073e+003       7.465562e-001       
2.517546e+003       7.354179e-001       
2.523019e+003       7.258708e-001       
2.528491e+003       7.137922e-001       
2.533964e+003       7.035218e-001       
2.539437e+003       6.952043e-001       
2.544910e+003       6.858741e-001       
2.550383e+003       6.771949e-001       
2.555856e+003       6.690220e-001       
2.561329e+003       6.656227e-001       
2.566802e+003       6.624402e-001       
2.572275e+003       6.597642e-001       
2.577748e+003       6.593302e-001       
2.583220e+003       6.565818e-001       
2.588693e+003       6.578836e-001       
2.594166e+003       6.617893e-001       
2.599639e+003       6.646824e-001       
2.605112e+003       6.701792e-001       
2.610585e+003       6.748804e-001       
2.616058e+003       6.813175e-001       
2.621531e+003       6.911539e-001       
2.627004e+003       6.987482e-001       
2.632477e+003       7.043898e-001       
2.637949e+003       7.140092e-001       
2.643422e+003       7.219651e-001       
2.648895e+003       7.367921e-001       
2.654368e+003       7.511128e-001       
2.659841e+003       7.986314e-001       
2.665314e+003       8.411595e-001       
2.670787e+003       8.378325e-001       
2.676260e+003       8.336375e-001       
2.681733e+003       8.295149e-001       
2.687206e+003       8.276345e-001       
2.692678e+003       8.287193e-001       
2.698151e+003       8.268389e-001       
2.703624e+003       8.256093e-001       
2.709097e+003       8.279237e-001       
2.714570e+003       8.268389e-001       
2.720043e+003       8.283577e-001       
2.725516e+003       8.293703e-001       
2.730989e+003       8.308891e-001       
2.736462e+003       8.299489e-001       
2.741935e+003       8.300212e-001       
2.747407e+003       8.290809e-001       
2.752880e+003       8.264049e-001       
2.758353e+003       8.248860e-001       
2.763826e+003       8.154112e-001       
2.769299e+003       8.104930e-001       
2.774772e+003       8.015968e-001       
2.780245e+003       7.928453e-001       
2.785718e+003       7.799711e-001       
2.791191e+003       7.676033e-001       
2.796664e+003       7.555247e-001       
