Calculated Z (nm)   Deflection (V)      
Extend Data
0.000000e+000       7.621788e-001       
5.472960e+000       7.712196e-001       
1.094592e+001       7.831535e-001       
1.641888e+001       7.929176e-001       
2.189184e+001       8.014522e-001       
2.736480e+001       8.103483e-001       
3.283776e+001       8.186659e-001       
3.831072e+001       8.261155e-001       
4.378368e+001       8.303105e-001       
4.925665e+001       8.377602e-001       
5.472961e+001       8.394960e-001       
6.020257e+001       8.426784e-001       
6.567553e+001       8.441973e-001       
7.114849e+001       8.444865e-001       
7.662145e+001       8.443419e-001       
8.209441e+001       8.447036e-001       
8.756738e+001       8.439803e-001       
9.304034e+001       8.438356e-001       
9.851330e+001       8.409426e-001       
1.039863e+002       8.412318e-001       
1.094592e+002       8.414488e-001       
1.149322e+002       8.405086e-001       
1.204051e+002       8.407979e-001       
1.258781e+002       8.424614e-001       
1.313511e+002       8.457884e-001       
1.368240e+002       8.471627e-001       
1.422970e+002       8.447036e-001       
1.477699e+002       8.483922e-001       
1.532429e+002       8.480306e-001       
1.587159e+002       8.509960e-001       
1.641888e+002       8.473073e-001       
1.696618e+002       8.462224e-001       
1.751348e+002       8.468010e-001       
1.806077e+002       8.429677e-001       
1.860807e+002       8.413042e-001       
1.915536e+002       8.443419e-001       
1.970266e+002       8.435463e-001       
2.024996e+002       8.418828e-001       
2.079725e+002       8.357350e-001       
2.134455e+002       7.653611e-001       
2.189184e+002       6.954212e-001       
2.243914e+002       6.871036e-001       
2.298644e+002       6.791477e-001       
2.353373e+002       6.767609e-001       
2.408103e+002       6.757483e-001       
2.462832e+002       6.744465e-001       
2.517562e+002       6.763270e-001       
2.572292e+002       6.773396e-001       
2.627021e+002       6.818238e-001       
2.681751e+002       6.867420e-001       
2.736480e+002       6.907200e-001       
2.791210e+002       6.982419e-001       
2.845940e+002       7.064149e-001       
2.900669e+002       7.124903e-001       
2.955399e+002       7.235563e-001       
3.010128e+002       7.336097e-001       
3.064858e+002       7.438078e-001       
3.119588e+002       7.548738e-001       
3.174317e+002       7.643486e-001       
3.229047e+002       7.750529e-001       
3.283777e+002       7.846724e-001       
3.338506e+002       7.950151e-001       
3.393236e+002       8.031157e-001       
3.447965e+002       8.107823e-001       
3.502695e+002       8.183043e-001       
3.557425e+002       8.240904e-001       
3.612154e+002       8.287193e-001       
3.666884e+002       8.340715e-001       
3.721613e+002       8.363860e-001       
3.776343e+002       8.371092e-001       
3.831073e+002       8.402916e-001       
3.885802e+002       8.418828e-001       
3.940532e+002       8.427507e-001       
3.995262e+002       8.420274e-001       
4.049991e+002       8.446312e-001       
4.104721e+002       8.471627e-001       
4.159450e+002       8.473073e-001       
4.214180e+002       8.457161e-001       
4.268910e+002       8.478136e-001       
4.323639e+002       8.481029e-001       
4.378369e+002       8.476689e-001       
4.433098e+002       8.481029e-001       
4.487828e+002       8.468010e-001       
4.542558e+002       8.460777e-001       
4.597287e+002       8.510683e-001       
4.652017e+002       8.533104e-001       
4.706747e+002       8.512853e-001       
4.761476e+002       8.515022e-001       
4.816206e+002       8.531657e-001       
4.870935e+002       8.566374e-001       
4.925665e+002       8.545400e-001       
4.980395e+002       8.517916e-001       
5.035124e+002       8.523701e-001       
5.089854e+002       8.550463e-001       
5.144583e+002       8.531657e-001       
5.199313e+002       7.703517e-001       
5.254042e+002       6.914433e-001       
5.308772e+002       6.878269e-001       
5.363502e+002       6.844276e-001       
5.418231e+002       6.831980e-001       
5.472961e+002       6.869590e-001       
5.527690e+002       6.868867e-001       
5.582420e+002       6.913709e-001       
5.637150e+002       6.955659e-001       
5.691879e+002       7.036664e-001       
5.746609e+002       7.111884e-001       
5.801339e+002       7.181318e-001       
5.856068e+002       7.263047e-001       
5.910798e+002       7.352732e-001       
5.965527e+002       7.452543e-001       
6.020257e+002       7.558140e-001       
6.074987e+002       7.674586e-001       
6.129716e+002       7.759932e-001       
6.184446e+002       7.880718e-001       
6.239175e+002       7.981974e-001       
6.293905e+002       8.069490e-001       
6.348635e+002       8.147603e-001       
6.403364e+002       8.243074e-001       
6.458094e+002       8.315400e-001       
6.512823e+002       8.381218e-001       
6.567553e+002       8.437633e-001       
6.622283e+002       8.506343e-001       
6.677012e+002       8.541783e-001       
6.731742e+002       8.548293e-001       
6.786472e+002       8.553355e-001       
6.841201e+002       8.584456e-001       
6.895931e+002       8.578670e-001       
6.950660e+002       8.569267e-001       
7.005390e+002       8.558418e-001       
7.060120e+002       8.543953e-001       
7.114849e+002       8.515745e-001       
7.169579e+002       8.473796e-001       
7.224308e+002       8.460777e-001       
7.279038e+002       8.448482e-001       
7.333768e+002       8.438356e-001       
7.388497e+002       8.395683e-001       
7.443227e+002       8.405809e-001       
7.497957e+002       8.384111e-001       
7.552686e+002       8.389174e-001       
7.607416e+002       8.353734e-001       
7.662145e+002       8.337099e-001       
7.716875e+002       8.325527e-001       
7.771605e+002       8.352287e-001       
7.826334e+002       8.355904e-001       
7.881064e+002       8.376878e-001       
7.935793e+002       8.370369e-001       
7.990523e+002       8.405809e-001       
8.045253e+002       8.364583e-001       
8.099982e+002       8.366029e-001       
8.154712e+002       8.351564e-001       
8.209442e+002       7.425782e-001       
8.264171e+002       6.677201e-001       
8.318901e+002       6.644654e-001       
8.373630e+002       6.653333e-001       
8.428360e+002       6.659843e-001       
8.483090e+002       6.694559e-001       
8.537819e+002       6.727107e-001       
8.592549e+002       6.779905e-001       
8.647278e+002       6.866697e-001       
8.702008e+002       6.926005e-001       
8.756738e+002       7.007011e-001       
8.811467e+002       7.094526e-001       
8.866197e+002       7.215312e-001       
8.920927e+002       7.312229e-001       
8.975656e+002       7.426506e-001       
9.030386e+002       7.554524e-001       
9.085115e+002       7.667354e-001       
9.139845e+002       7.777290e-001       
9.194575e+002       7.910371e-001       
9.249304e+002       8.030434e-001       
9.304034e+002       8.146880e-001       
9.358763e+002       8.245967e-001       
9.413493e+002       8.353010e-001       
9.468223e+002       8.434740e-001       
9.522952e+002       8.526595e-001       
9.577682e+002       8.598198e-001       
9.632411e+002       8.644487e-001       
9.687141e+002       8.698732e-001       
9.741871e+002       8.716814e-001       
9.796600e+002       8.749361e-001       
9.851330e+002       8.774675e-001       
9.906060e+002       8.763103e-001       
9.960789e+002       8.773952e-001       
1.001552e+003       8.759487e-001       
1.007025e+003       8.752254e-001       
1.012498e+003       8.721154e-001       
1.017971e+003       8.687883e-001       
1.023444e+003       8.693669e-001       
1.028917e+003       8.638701e-001       
1.034390e+003       8.611217e-001       
1.039862e+003       8.575054e-001       
1.045335e+003       8.512129e-001       
1.050808e+003       8.465117e-001       
1.056281e+003       8.444142e-001       
1.061754e+003       8.405809e-001       
1.067227e+003       8.369645e-001       
1.072700e+003       8.381941e-001       
1.078173e+003       8.364583e-001       
1.083646e+003       8.350841e-001       
1.089119e+003       8.327696e-001       
1.094591e+003       8.325527e-001       
1.100064e+003       8.350118e-001       
1.105537e+003       8.302382e-001       
1.111010e+003       8.292256e-001       
1.116483e+003       7.488707e-001       
1.121956e+003       6.607044e-001       
1.127429e+003       6.541227e-001       
1.132902e+003       6.517359e-001       
1.138375e+003       6.497831e-001       
1.143848e+003       6.500724e-001       
1.149320e+003       6.525315e-001       
1.154793e+003       6.565095e-001       
1.160266e+003       6.616446e-001       
1.165739e+003       6.677201e-001       
1.171212e+003       6.737955e-001       
1.176685e+003       6.837766e-001       
1.182158e+003       6.924558e-001       
1.187631e+003       7.015690e-001       
1.193104e+003       7.134306e-001       
1.198577e+003       7.254368e-001       
1.204049e+003       7.375154e-001       
1.209522e+003       7.509682e-001       
1.214995e+003       7.649995e-001       
1.220468e+003       7.761378e-001       
1.225941e+003       7.901692e-001       
1.231414e+003       8.036219e-001       
1.236887e+003       8.168578e-001       
1.242360e+003       8.306721e-001       
1.247833e+003       8.418828e-001       
1.253306e+003       8.516469e-001       
1.258778e+003       8.615556e-001       
1.264251e+003       8.688607e-001       
1.269724e+003       8.750084e-001       
1.275197e+003       8.815901e-001       
1.280670e+003       8.847002e-001       
1.286143e+003       8.876656e-001       
1.291616e+003       8.870870e-001       
1.297089e+003       8.869423e-001       
1.302562e+003       8.834707e-001       
1.308035e+003       8.805776e-001       
1.313507e+003       8.771059e-001       
1.318980e+003       8.694392e-001       
1.324453e+003       8.649550e-001       
1.329926e+003       8.577946e-001       
1.335399e+003       8.496941e-001       
1.340872e+003       8.431846e-001       
1.346345e+003       8.358797e-001       
1.351818e+003       8.279237e-001       
1.357291e+003       8.196062e-001       
1.362764e+003       7.894459e-001       
1.368236e+003       7.383833e-001       
1.373709e+003       7.114054e-001       
1.379182e+003       6.962891e-001       
1.384655e+003       6.837766e-001       
1.390128e+003       6.745911e-001       
1.395601e+003       6.662012e-001       
1.401074e+003       6.602705e-001       
1.406547e+003       6.557139e-001       
1.412020e+003       6.510127e-001       
1.417493e+003       6.475409e-001       
1.422965e+003       6.461667e-001       
1.428438e+003       6.452988e-001       
1.433911e+003       6.459498e-001       
1.439384e+003       6.491321e-001       
1.444857e+003       6.506510e-001       
1.450330e+003       6.520252e-001       
1.455803e+003       6.578836e-001       
1.461276e+003       6.595472e-001       
1.466749e+003       6.675031e-001       
1.472222e+003       6.740848e-001       
1.477694e+003       6.777735e-001       
1.483167e+003       6.848615e-001       
1.488640e+003       6.912986e-001       
1.494113e+003       7.014967e-001       
1.499586e+003       7.105375e-001       
1.505059e+003       7.211695e-001       
1.510532e+003       7.323079e-001       
1.516005e+003       7.417103e-001       
1.521478e+003       7.558863e-001       
1.526951e+003       7.653611e-001       
1.532423e+003       7.761378e-001       
1.537896e+003       7.892290e-001       
1.543369e+003       8.002949e-001       
1.548842e+003       8.138924e-001       
1.554315e+003       8.251753e-001       
1.559788e+003       8.384111e-001       
1.565261e+003       8.493325e-001       
1.570734e+003       7.793202e-001       
1.576207e+003       7.942195e-001       
1.581680e+003       1.019445e+000       
1.587152e+003       1.244164e+000       
1.592625e+003       1.464109e+000       
1.598098e+003       1.676895e+000       
1.603571e+003       1.889463e+000       
1.609044e+003       2.105503e+000       
1.614517e+003       2.308813e+000       
1.619990e+003       2.369784e+000       
1.625463e+003       2.369784e+000       
1.630936e+003       2.369784e+000       
1.636409e+003       2.369784e+000       
1.641881e+003       2.369784e+000       
1.647354e+003       2.369784e+000       
1.652827e+003       2.369784e+000       
1.658300e+003       2.369784e+000       
1.663773e+003       2.369784e+000       
1.669246e+003       2.369784e+000       
1.674719e+003       2.369784e+000       
1.680192e+003       2.369784e+000       
1.685665e+003       2.369784e+000       
1.691138e+003       2.369784e+000       
1.696610e+003       2.369784e+000       
1.702083e+003       2.369784e+000       
1.707556e+003       2.369784e+000       
1.713029e+003       2.369784e+000       
1.718502e+003       2.369784e+000       
1.723975e+003       2.369784e+000       
1.729448e+003       2.369784e+000       
1.734921e+003       2.369784e+000       
1.740394e+003       2.369784e+000       
1.745867e+003       2.369784e+000       
1.751339e+003       2.369784e+000       
1.756812e+003       2.369784e+000       
1.762285e+003       2.369784e+000       
1.767758e+003       2.369784e+000       
1.773231e+003       2.369784e+000       
1.778704e+003       2.369784e+000       
1.784177e+003       2.369784e+000       
1.789650e+003       2.369784e+000       
1.795123e+003       2.369784e+000       
1.800596e+003       2.369784e+000       
1.806068e+003       2.369784e+000       
1.811541e+003       2.369784e+000       
1.817014e+003       2.369784e+000       
1.822487e+003       2.369784e+000       
1.827960e+003       2.369784e+000       
1.833433e+003       2.369784e+000       
1.838906e+003       2.369784e+000       
1.844379e+003       2.369784e+000       
1.849852e+003       2.369784e+000       
1.855325e+003       2.369784e+000       
1.860797e+003       2.369784e+000       
1.866270e+003       2.369784e+000       
1.871743e+003       2.369784e+000       
1.877216e+003       2.369784e+000       
1.882689e+003       2.369784e+000       
1.888162e+003       2.369784e+000       
1.893635e+003       2.369784e+000       
1.899108e+003       2.369784e+000       
1.904581e+003       2.369784e+000       
1.910054e+003       2.369784e+000       
1.915526e+003       2.369784e+000       
1.920999e+003       2.369784e+000       
1.926472e+003       2.369784e+000       
1.931945e+003       2.369784e+000       
1.937418e+003       2.369784e+000       
1.942891e+003       2.369784e+000       
1.948364e+003       2.369784e+000       
1.953837e+003       2.369784e+000       
1.959310e+003       2.369784e+000       
1.964783e+003       2.369784e+000       
1.970255e+003       2.369784e+000       
1.975728e+003       2.369784e+000       
1.981201e+003       2.369784e+000       
1.986674e+003       2.369784e+000       
1.992147e+003       2.369784e+000       
1.997620e+003       2.369784e+000       
2.003093e+003       2.369784e+000       
2.008566e+003       2.369784e+000       
2.014039e+003       2.369784e+000       
2.019512e+003       2.369784e+000       
2.024984e+003       2.369784e+000       
2.030457e+003       2.369784e+000       
2.035930e+003       2.369784e+000       
2.041403e+003       2.369784e+000       
2.046876e+003       2.369784e+000       
2.052349e+003       2.369784e+000       
2.057822e+003       2.369784e+000       
2.063295e+003       2.369784e+000       
2.068768e+003       2.369784e+000       
2.074241e+003       2.369784e+000       
2.079714e+003       2.369784e+000       
2.085187e+003       2.369784e+000       
2.090659e+003       2.369784e+000       
2.096132e+003       2.369784e+000       
2.101605e+003       2.369784e+000       
2.107078e+003       2.369784e+000       
2.112551e+003       2.369784e+000       
2.118024e+003       2.369784e+000       
2.123497e+003       2.369784e+000       
2.128970e+003       2.369784e+000       
2.134443e+003       2.369784e+000       
2.139916e+003       2.369784e+000       
2.145388e+003       2.369784e+000       
2.150861e+003       2.369784e+000       
2.156334e+003       2.369784e+000       
2.161807e+003       2.369784e+000       
2.167280e+003       2.369784e+000       
2.172753e+003       2.369784e+000       
2.178226e+003       2.369784e+000       
2.183699e+003       2.369784e+000       
2.189172e+003       2.369784e+000       
2.194645e+003       2.369784e+000       
2.200117e+003       2.369784e+000       
2.205590e+003       2.369784e+000       
2.211063e+003       2.369784e+000       
2.216536e+003       2.369784e+000       
2.222009e+003       2.369784e+000       
2.227482e+003       2.369784e+000       
2.232955e+003       2.369784e+000       
2.238428e+003       2.369784e+000       
2.243901e+003       2.369784e+000       
2.249374e+003       2.369784e+000       
2.254846e+003       2.369784e+000       
2.260319e+003       2.369784e+000       
2.265792e+003       2.369784e+000       
2.271265e+003       2.369784e+000       
2.276738e+003       2.369784e+000       
2.282211e+003       2.369784e+000       
2.287684e+003       2.369784e+000       
2.293157e+003       2.369784e+000       
2.298630e+003       2.369784e+000       
2.304103e+003       2.369784e+000       
2.309575e+003       2.369784e+000       
2.315048e+003       2.369784e+000       
2.320521e+003       2.369784e+000       
2.325994e+003       2.369784e+000       
2.331467e+003       2.369784e+000       
2.336940e+003       2.369784e+000       
2.342413e+003       2.369784e+000       
2.347886e+003       2.369784e+000       
2.353359e+003       2.369784e+000       
2.358832e+003       2.369784e+000       
2.364304e+003       2.369784e+000       
2.369777e+003       2.369784e+000       
2.375250e+003       2.369784e+000       
2.380723e+003       2.369784e+000       
2.386196e+003       2.369784e+000       
2.391669e+003       2.369784e+000       
2.397142e+003       2.369784e+000       
2.402615e+003       2.369784e+000       
2.408088e+003       2.369784e+000       
2.413561e+003       2.369784e+000       
2.419033e+003       2.369784e+000       
2.424506e+003       2.369784e+000       
2.429979e+003       2.369784e+000       
2.435452e+003       2.369784e+000       
2.440925e+003       2.369784e+000       
2.446398e+003       2.369784e+000       
2.451871e+003       2.369784e+000       
2.457344e+003       2.369784e+000       
2.462817e+003       2.369784e+000       
2.468290e+003       2.369784e+000       
2.473762e+003       2.369784e+000       
2.479235e+003       2.369784e+000       
2.484708e+003       2.369784e+000       
2.490181e+003       2.369784e+000       
2.495654e+003       2.369784e+000       
2.501127e+003       2.369784e+000       
2.506600e+003       2.369784e+000       
2.512073e+003       2.369784e+000       
2.517546e+003       2.369784e+000       
2.523019e+003       2.369784e+000       
2.528491e+003       2.369784e+000       
2.533964e+003       2.369784e+000       
2.539437e+003       2.369784e+000       
2.544910e+003       2.369784e+000       
2.550383e+003       2.369784e+000       
2.555856e+003       2.369784e+000       
2.561329e+003       2.369784e+000       
2.566802e+003       2.369784e+000       
2.572275e+003       2.369784e+000       
2.577748e+003       2.369784e+000       
2.583220e+003       2.369784e+000       
2.588693e+003       2.369784e+000       
2.594166e+003       2.369784e+000       
2.599639e+003       2.369784e+000       
2.605112e+003       2.369784e+000       
2.610585e+003       2.369784e+000       
2.616058e+003       2.369784e+000       
2.621531e+003       2.369784e+000       
2.627004e+003       2.369784e+000       
2.632477e+003       2.369784e+000       
2.637949e+003       2.369784e+000       
2.643422e+003       2.369784e+000       
2.648895e+003       2.369784e+000       
2.654368e+003       2.369784e+000       
2.659841e+003       2.369784e+000       
2.665314e+003       2.369784e+000       
2.670787e+003       2.369784e+000       
2.676260e+003       2.369784e+000       
2.681733e+003       2.369784e+000       
2.687206e+003       2.369784e+000       
2.692678e+003       2.369784e+000       
2.698151e+003       2.369784e+000       
2.703624e+003       2.369784e+000       
2.709097e+003       2.369784e+000       
2.714570e+003       2.369784e+000       
2.720043e+003       2.369784e+000       
2.725516e+003       2.369784e+000       
2.730989e+003       2.369784e+000       
2.736462e+003       2.369784e+000       
2.741935e+003       2.369784e+000       
2.747407e+003       2.369784e+000       
2.752880e+003       2.369784e+000       
2.758353e+003       2.369784e+000       
2.763826e+003       2.369784e+000       
2.769299e+003       2.369784e+000       
2.774772e+003       2.369784e+000       
2.780245e+003       2.369784e+000       
2.785718e+003       2.369784e+000       
2.791191e+003       2.369784e+000       
2.796664e+003       2.369784e+000       

Retract Data
0.000000e+000       2.369784e+000       
5.472960e+000       2.369784e+000       
1.094592e+001       2.369784e+000       
1.641888e+001       2.369784e+000       
2.189184e+001       2.369784e+000       
2.736480e+001       2.369784e+000       
3.283776e+001       2.369784e+000       
3.831072e+001       2.369784e+000       
4.378368e+001       2.369784e+000       
4.925665e+001       2.369784e+000       
5.472961e+001       2.369784e+000       
6.020257e+001       2.369784e+000       
6.567553e+001       2.369784e+000       
7.114849e+001       2.369784e+000       
7.662145e+001       2.369784e+000       
8.209441e+001       2.369784e+000       
8.756738e+001       2.369784e+000       
9.304034e+001       2.369784e+000       
9.851330e+001       2.369784e+000       
1.039863e+002       2.369784e+000       
1.094592e+002       2.369784e+000       
1.149322e+002       2.369784e+000       
1.204051e+002       2.369784e+000       
1.258781e+002       2.369784e+000       
1.313511e+002       2.369784e+000       
1.368240e+002       2.369784e+000       
1.422970e+002       2.369784e+000       
1.477699e+002       2.369784e+000       
1.532429e+002       2.369784e+000       
1.587159e+002       2.369784e+000       
1.641888e+002       2.369784e+000       
1.696618e+002       2.369784e+000       
1.751348e+002       2.369784e+000       
1.806077e+002       2.369784e+000       
1.860807e+002       2.369784e+000       
1.915536e+002       2.369784e+000       
1.970266e+002       2.369784e+000       
2.024996e+002       2.369784e+000       
2.079725e+002       2.369784e+000       
2.134455e+002       2.369784e+000       
2.189184e+002       2.369784e+000       
2.243914e+002       2.369784e+000       
2.298644e+002       2.369784e+000       
2.353373e+002       2.369784e+000       
2.408103e+002       2.369784e+000       
2.462832e+002       2.369784e+000       
2.517562e+002       2.369784e+000       
2.572292e+002       2.369784e+000       
2.627021e+002       2.369784e+000       
2.681751e+002       2.369784e+000       
2.736480e+002       2.369784e+000       
2.791210e+002       2.369784e+000       
2.845940e+002       2.369784e+000       
2.900669e+002       2.369784e+000       
2.955399e+002       2.369784e+000       
3.010128e+002       2.369784e+000       
3.064858e+002       2.369784e+000       
3.119588e+002       2.369784e+000       
3.174317e+002       2.369784e+000       
3.229047e+002       2.369784e+000       
3.283777e+002       2.369784e+000       
3.338506e+002       2.369784e+000       
3.393236e+002       2.369784e+000       
3.447965e+002       2.369784e+000       
3.502695e+002       2.369784e+000       
3.557425e+002       2.369784e+000       
3.612154e+002       2.369784e+000       
3.666884e+002       2.369784e+000       
3.721613e+002       2.369784e+000       
3.776343e+002       2.369784e+000       
3.831073e+002       2.369784e+000       
3.885802e+002       2.369784e+000       
3.940532e+002       2.369784e+000       
3.995262e+002       2.369784e+000       
4.049991e+002       2.369784e+000       
4.104721e+002       2.369784e+000       
4.159450e+002       2.369784e+000       
4.214180e+002       2.369784e+000       
4.268910e+002       2.369784e+000       
4.323639e+002       2.369784e+000       
4.378369e+002       2.369784e+000       
4.433098e+002       2.369784e+000       
4.487828e+002       2.369784e+000       
4.542558e+002       2.369784e+000       
4.597287e+002       2.369784e+000       
4.652017e+002       2.369784e+000       
4.706747e+002       2.369784e+000       
4.761476e+002       2.369784e+000       
4.816206e+002       2.369784e+000       
4.870935e+002       2.369784e+000       
4.925665e+002       2.369784e+000       
4.980395e+002       2.369784e+000       
5.035124e+002       2.369784e+000       
5.089854e+002       2.369784e+000       
5.144583e+002       2.369784e+000       
5.199313e+002       2.369784e+000       
5.254042e+002       2.369784e+000       
5.308772e+002       2.369784e+000       
5.363502e+002       2.369784e+000       
5.418231e+002       2.369784e+000       
5.472961e+002       2.369784e+000       
5.527690e+002       2.369784e+000       
5.582420e+002       2.369784e+000       
5.637150e+002       2.369784e+000       
5.691879e+002       2.369784e+000       
5.746609e+002       2.369784e+000       
5.801339e+002       2.369784e+000       
5.856068e+002       2.369784e+000       
5.910798e+002       2.369784e+000       
5.965527e+002       2.369784e+000       
6.020257e+002       2.369784e+000       
6.074987e+002       2.369784e+000       
6.129716e+002       2.369784e+000       
6.184446e+002       2.369784e+000       
6.239175e+002       2.369784e+000       
6.293905e+002       2.369784e+000       
6.348635e+002       2.369784e+000       
6.403364e+002       2.369784e+000       
6.458094e+002       2.369784e+000       
6.512823e+002       2.369784e+000       
6.567553e+002       2.369784e+000       
6.622283e+002       2.369784e+000       
6.677012e+002       2.369784e+000       
6.731742e+002       2.369784e+000       
6.786472e+002       2.369784e+000       
6.841201e+002       2.369784e+000       
6.895931e+002       2.369784e+000       
6.950660e+002       2.369784e+000       
7.005390e+002       2.369784e+000       
7.060120e+002       2.369784e+000       
7.114849e+002       2.369784e+000       
7.169579e+002       2.369784e+000       
7.224308e+002       2.369784e+000       
7.279038e+002       2.369784e+000       
7.333768e+002       2.369784e+000       
7.388497e+002       2.369784e+000       
7.443227e+002       2.369784e+000       
7.497957e+002       2.369784e+000       
7.552686e+002       2.369784e+000       
7.607416e+002       2.369784e+000       
7.662145e+002       2.369784e+000       
7.716875e+002       2.369784e+000       
7.771605e+002       2.369784e+000       
7.826334e+002       2.369784e+000       
7.881064e+002       2.369784e+000       
7.935793e+002       2.369784e+000       
7.990523e+002       2.369784e+000       
8.045253e+002       2.369784e+000       
8.099982e+002       2.369784e+000       
8.154712e+002       2.369784e+000       
8.209442e+002       2.369784e+000       
8.264171e+002       2.369784e+000       
8.318901e+002       2.369784e+000       
8.373630e+002       2.369784e+000       
8.428360e+002       2.369784e+000       
8.483090e+002       2.369784e+000       
8.537819e+002       2.369784e+000       
8.592549e+002       2.369784e+000       
8.647278e+002       2.369784e+000       
8.702008e+002       2.369784e+000       
8.756738e+002       2.369784e+000       
8.811467e+002       2.369784e+000       
8.866197e+002       2.369784e+000       
8.920927e+002       2.369784e+000       
8.975656e+002       2.369784e+000       
9.030386e+002       2.369784e+000       
9.085115e+002       2.369784e+000       
9.139845e+002       2.369784e+000       
9.194575e+002       2.369784e+000       
9.249304e+002       2.369784e+000       
9.304034e+002       2.369784e+000       
9.358763e+002       2.369784e+000       
9.413493e+002       2.369784e+000       
9.468223e+002       2.369784e+000       
9.522952e+002       2.369784e+000       
9.577682e+002       2.369784e+000       
9.632411e+002       2.369784e+000       
9.687141e+002       2.369784e+000       
9.741871e+002       2.369784e+000       
9.796600e+002       2.369784e+000       
9.851330e+002       2.369784e+000       
9.906060e+002       2.369784e+000       
9.960789e+002       2.369784e+000       
1.001552e+003       2.369784e+000       
1.007025e+003       2.369784e+000       
1.012498e+003       2.369784e+000       
1.017971e+003       2.369784e+000       
1.023444e+003       2.369784e+000       
1.028917e+003       2.369784e+000       
1.034390e+003       2.369784e+000       
1.039862e+003       2.369784e+000       
1.045335e+003       2.369784e+000       
1.050808e+003       2.369784e+000       
1.056281e+003       2.369784e+000       
1.061754e+003       2.369784e+000       
1.067227e+003       2.369784e+000       
1.072700e+003       2.369784e+000       
1.078173e+003       2.369784e+000       
1.083646e+003       2.369784e+000       
1.089119e+003       2.369784e+000       
1.094591e+003       2.369784e+000       
1.100064e+003       2.369784e+000       
1.105537e+003       2.369784e+000       
1.111010e+003       2.369784e+000       
1.116483e+003       2.369784e+000       
1.121956e+003       2.369784e+000       
1.127429e+003       2.369784e+000       
1.132902e+003       2.369784e+000       
1.138375e+003       2.369784e+000       
1.143848e+003       2.369784e+000       
1.149320e+003       2.369784e+000       
1.154793e+003       2.369784e+000       
1.160266e+003       2.369784e+000       
1.165739e+003       2.369784e+000       
1.171212e+003       2.369784e+000       
1.176685e+003       2.369784e+000       
1.182158e+003       2.369784e+000       
1.187631e+003       2.369784e+000       
1.193104e+003       2.369784e+000       
1.198577e+003       2.369784e+000       
1.204049e+003       2.361828e+000       
1.209522e+003       2.209798e+000       
1.214995e+003       1.971915e+000       
1.220468e+003       1.739529e+000       
1.225941e+003       1.522477e+000       
1.231414e+003       1.300723e+000       
1.236887e+003       1.086347e+000       
1.242360e+003       8.699455e-001       
1.247833e+003       6.682264e-001       
1.253306e+003       4.880606e-001       
1.258778e+003       3.192500e-001       
1.264251e+003       1.503672e-001       
1.269724e+003       3.110048e-003       
1.275197e+003       -4.968844e-002      
1.280670e+003       8.274898e-001       
1.286143e+003       8.145433e-001       
1.291616e+003       8.021755e-001       
1.297089e+003       7.913264e-001       
1.302562e+003       7.816346e-001       
1.308035e+003       7.709303e-001       
1.313507e+003       7.578391e-001       
1.318980e+003       7.476411e-001       
1.324453e+003       7.361411e-001       
1.329926e+003       7.298487e-001       
1.335399e+003       7.182764e-001       
1.340872e+003       7.103928e-001       
1.346345e+003       7.011350e-001       
1.351818e+003       6.927451e-001       
1.357291e+003       6.886225e-001       
1.362764e+003       6.790754e-001       
1.368236e+003       6.717704e-001       
1.373709e+003       6.650440e-001       
1.379182e+003       6.595472e-001       
1.384655e+003       6.528931e-001       
1.390128e+003       6.495661e-001       
1.395601e+003       6.478302e-001       
1.401074e+003       6.434907e-001       
1.406547e+003       6.429120e-001       
1.412020e+003       6.427674e-001       
1.417493e+003       6.440693e-001       
1.422965e+003       6.437076e-001       
1.428438e+003       6.472517e-001       
1.433911e+003       6.517359e-001       
1.439384e+003       6.588963e-001       
1.444857e+003       6.642484e-001       
1.450330e+003       6.722767e-001       
1.455803e+003       6.838490e-001       
1.461276e+003       6.966508e-001       
1.466749e+003       7.090186e-001       
1.472222e+003       7.216758e-001       
1.477694e+003       7.393236e-001       
1.483167e+003       7.600090e-001       
1.488640e+003       7.854680e-001       
1.494113e+003       8.111439e-001       
1.499586e+003       8.247414e-001       
1.505059e+003       8.324080e-001       
1.510532e+003       8.408702e-001       
1.516005e+003       8.486815e-001       
1.521478e+003       8.518639e-001       
1.526951e+003       8.567821e-001       
1.532423e+003       8.635808e-001       
1.537896e+003       8.682820e-001       
1.543369e+003       8.684990e-001       
1.548842e+003       8.691500e-001       
1.554315e+003       8.681374e-001       
1.559788e+003       8.666909e-001       
1.565261e+003       8.648103e-001       
1.570734e+003       8.570714e-001       
1.576207e+003       8.510683e-001       
1.581680e+003       8.447759e-001       
1.587152e+003       8.333482e-001       
1.592625e+003       8.245244e-001       
1.598098e+003       8.133137e-001       
1.603571e+003       8.031157e-001       
1.609044e+003       7.889397e-001       
1.614517e+003       7.770781e-001       
1.619990e+003       7.628297e-001       
1.625463e+003       7.515467e-001       
1.630936e+003       7.409147e-001       
1.636409e+003       7.270280e-001       
1.641881e+003       7.142262e-001       
1.647354e+003       7.029432e-001       
1.652827e+003       6.902860e-001       
1.658300e+003       6.828364e-001       
1.663773e+003       6.753144e-001       
1.669246e+003       6.669968e-001       
1.674719e+003       6.591855e-001       
1.680192e+003       6.545566e-001       
1.685665e+003       6.495661e-001       
1.691138e+003       6.435630e-001       
1.696610e+003       6.403083e-001       
1.702083e+003       6.405976e-001       
1.707556e+003       6.384278e-001       
1.713029e+003       6.377769e-001       
1.718502e+003       6.411039e-001       
1.723975e+003       6.421164e-001       
1.729448e+003       6.480472e-001       
1.734921e+003       6.531101e-001       
1.740394e+003       6.588239e-001       
1.745867e+003       6.667075e-001       
1.751339e+003       6.763270e-001       
1.756812e+003       6.882609e-001       
1.762285e+003       6.993269e-001       
1.767758e+003       7.140815e-001       
1.773231e+003       7.318016e-001       
1.778704e+003       8.031157e-001       
1.784177e+003       8.335652e-001       
1.789650e+003       8.290809e-001       
1.795123e+003       8.272005e-001       
1.800596e+003       8.288640e-001       
1.806068e+003       8.326973e-001       
1.811541e+003       8.342162e-001       
1.817014e+003       8.398576e-001       
1.822487e+003       8.430400e-001       
1.827960e+003       8.466564e-001       
1.833433e+003       8.505620e-001       
1.838906e+003       8.528041e-001       
1.844379e+003       8.542507e-001       
1.849852e+003       8.561311e-001       
1.855325e+003       8.570714e-001       
1.860797e+003       8.564205e-001       
1.866270e+003       8.542507e-001       
1.871743e+003       8.517916e-001       
1.877216e+003       8.462224e-001       
1.882689e+003       8.413042e-001       
1.888162e+003       8.348671e-001       
1.893635e+003       8.271282e-001       
1.899108e+003       8.167855e-001       
1.904581e+003       8.078892e-001       
1.910054e+003       7.987761e-001       
1.915526e+003       7.889397e-001       
1.920999e+003       7.772951e-001       
1.926472e+003       7.663014e-001       
1.931945e+003       7.527040e-001       
1.937418e+003       7.414933e-001       
1.942891e+003       7.287638e-001       
1.948364e+003       7.194337e-001       
1.953837e+003       7.085847e-001       
1.959310e+003       6.996162e-001       
1.964783e+003       6.902137e-001       
1.970255e+003       6.833426e-001       
1.975728e+003       6.741572e-001       
1.981201e+003       6.686603e-001       
1.986674e+003       6.625126e-001       
1.992147e+003       6.571604e-001       
1.997620e+003       6.539057e-001       
2.003093e+003       6.504340e-001       
2.008566e+003       6.492044e-001       
2.014039e+003       6.492044e-001       
2.019512e+003       6.498554e-001       
2.024984e+003       6.505063e-001       
2.030457e+003       6.532547e-001       
2.035930e+003       6.545566e-001       
2.041403e+003       6.614277e-001       
2.046876e+003       6.667075e-001       
2.052349e+003       6.735063e-001       
2.057822e+003       6.842106e-001       
2.063295e+003       6.952766e-001       
2.068768e+003       7.151664e-001       
2.074241e+003       8.070213e-001       
2.079714e+003       8.185213e-001       
2.085187e+003       8.146880e-001       
2.090659e+003       8.127351e-001       
2.096132e+003       8.118672e-001       
2.101605e+003       8.130968e-001       
2.107078e+003       8.177980e-001       
2.112551e+003       8.169301e-001       
2.118024e+003       8.204741e-001       
2.123497e+003       8.237288e-001       
2.128970e+003       8.274174e-001       
2.134443e+003       8.293703e-001       
2.139916e+003       8.327696e-001       
2.145388e+003       8.368922e-001       
2.150861e+003       8.371092e-001       
2.156334e+003       8.386281e-001       
2.161807e+003       8.389174e-001       
2.167280e+003       8.378325e-001       
2.172753e+003       8.343608e-001       
2.178226e+003       8.328419e-001       
2.183699e+003       8.285024e-001       
2.189172e+003       8.210527e-001       
2.194645e+003       8.159899e-001       
2.200117e+003       8.092635e-001       
2.205590e+003       7.997164e-001       
2.211063e+003       7.896629e-001       
2.216536e+003       7.799711e-001       
2.222009e+003       7.695561e-001       
2.227482e+003       7.594303e-001       
2.232955e+003       7.487260e-001       
2.238428e+003       7.372984e-001       
2.243901e+003       7.283299e-001       
2.249374e+003       7.177702e-001       
2.254846e+003       7.108268e-001       
2.260319e+003       7.009181e-001       
2.265792e+003       6.914433e-001       
2.271265e+003       6.867420e-001       
2.276738e+003       6.802326e-001       
2.282211e+003       6.762546e-001       
2.287684e+003       6.743742e-001       
2.293157e+003       6.743742e-001       
2.298630e+003       6.704685e-001       
2.304103e+003       6.693836e-001       
2.309575e+003       6.701792e-001       
2.315048e+003       6.725660e-001       
2.320521e+003       6.745911e-001       
2.325994e+003       6.782075e-001       
2.331467e+003       6.821131e-001       
2.336940e+003       6.878269e-001       
2.342413e+003       6.945533e-001       
2.347886e+003       7.020753e-001       
2.353359e+003       7.157450e-001       
2.358832e+003       7.553077e-001       
2.364304e+003       8.492601e-001       
2.369777e+003       8.355181e-001       
2.375250e+003       8.314677e-001       
2.380723e+003       8.242351e-001       
2.386196e+003       8.213420e-001       
2.391669e+003       8.184490e-001       
2.397142e+003       8.159175e-001       
2.402615e+003       8.185936e-001       
2.408088e+003       8.161345e-001       
2.413561e+003       8.155559e-001       
2.419033e+003       8.169301e-001       
2.424506e+003       8.197508e-001       
2.429979e+003       8.190275e-001       
2.435452e+003       8.198231e-001       
2.440925e+003       8.205464e-001       
2.446398e+003       8.191722e-001       
2.451871e+003       8.193892e-001       
2.457344e+003       8.206910e-001       
2.462817e+003       8.176534e-001       
2.468290e+003       8.143263e-001       
2.473762e+003       8.096974e-001       
2.479235e+003       8.029710e-001       
2.484708e+003       7.983421e-001       
2.490181e+003       7.912541e-001       
2.495654e+003       7.809114e-001       
2.501127e+003       7.734618e-001       
2.506600e+003       7.613832e-001       
2.512073e+003       7.527040e-001       
2.517546e+003       7.414933e-001       
2.523019e+003       7.297041e-001       
2.528491e+003       7.181318e-001       
2.533964e+003       7.093080e-001       
2.539437e+003       7.014244e-001       
2.544910e+003       6.935408e-001       
2.550383e+003       6.846445e-001       
2.555856e+003       6.785691e-001       
2.561329e+003       6.740125e-001       
2.566802e+003       6.711918e-001       
2.572275e+003       6.669968e-001       
2.577748e+003       6.652610e-001       
2.583220e+003       6.677201e-001       
2.588693e+003       6.693113e-001       
2.594166e+003       6.711918e-001       
2.599639e+003       6.745188e-001       
2.605112e+003       6.776289e-001       
2.610585e+003       6.858017e-001       
2.616058e+003       6.930345e-001       
2.621531e+003       7.031602e-001       
2.627004e+003       7.129966e-001       
2.632477e+003       7.249305e-001       
2.637949e+003       7.687605e-001       
2.643422e+003       8.289363e-001       
2.648895e+003       8.243074e-001       
2.654368e+003       8.177980e-001       
2.659841e+003       8.156282e-001       
2.665314e+003       8.127351e-001       
2.670787e+003       8.113609e-001       
2.676260e+003       8.113609e-001       
2.681733e+003       8.118672e-001       
2.687206e+003       8.116502e-001       
2.692678e+003       8.125182e-001       
2.698151e+003       8.141817e-001       
2.703624e+003       8.149773e-001       
2.709097e+003       8.143986e-001       
2.714570e+003       8.168578e-001       
2.720043e+003       8.204018e-001       
2.725516e+003       8.232225e-001       
2.730989e+003       8.264049e-001       
2.736462e+003       8.263326e-001       
2.741935e+003       8.282854e-001       
2.747407e+003       8.279237e-001       
2.752880e+003       8.261155e-001       
2.758353e+003       8.225716e-001       
2.763826e+003       8.167855e-001       
2.769299e+003       8.107823e-001       
2.774772e+003       8.021755e-001       
2.780245e+003       7.916881e-001       
2.785718e+003       7.810560e-001       
2.791191e+003       7.683989e-001       
2.796664e+003       7.584901e-001       
