Calculated Z (nm)   Deflection (V)      
Extend Data
0.000000e+000       7.594303e-001       
5.472960e+000       7.695561e-001       
1.094592e+001       7.809837e-001       
1.641888e+001       7.895182e-001       
2.189184e+001       8.009459e-001       
2.736480e+001       8.099867e-001       
3.283776e+001       8.175810e-001       
3.831072e+001       8.235841e-001       
4.378368e+001       8.310338e-001       
4.925665e+001       8.338546e-001       
5.472961e+001       8.375432e-001       
6.020257e+001       8.392791e-001       
6.567553e+001       8.401470e-001       
7.114849e+001       8.398576e-001       
7.662145e+001       8.414488e-001       
8.209441e+001       8.420274e-001       
8.756738e+001       8.416658e-001       
9.304034e+001       8.398576e-001       
9.851330e+001       8.397853e-001       
1.039863e+002       8.367476e-001       
1.094592e+002       8.402193e-001       
1.149322e+002       8.397130e-001       
1.204051e+002       8.400023e-001       
1.258781e+002       8.445589e-001       
1.313511e+002       8.422444e-001       
1.368240e+002       8.446312e-001       
1.422970e+002       8.454268e-001       
1.477699e+002       8.475966e-001       
1.532429e+002       8.478859e-001       
1.587159e+002       8.446312e-001       
1.641888e+002       8.429677e-001       
1.696618e+002       8.443419e-001       
1.751348e+002       8.439080e-001       
1.806077e+002       8.431123e-001       
1.860807e+002       8.413765e-001       
1.915536e+002       8.410872e-001       
1.970266e+002       8.384835e-001       
2.024996e+002       8.362413e-001       
2.079725e+002       8.353734e-001       
2.134455e+002       8.312508e-001       
2.189184e+002       7.943642e-001       
2.243914e+002       6.918772e-001       
2.298644e+002       6.818962e-001       
2.353373e+002       6.752421e-001       
2.408103e+002       6.728553e-001       
2.462832e+002       6.738679e-001       
2.517562e+002       6.725660e-001       
2.572292e+002       6.767609e-001       
2.627021e+002       6.792200e-001       
2.681751e+002       6.846445e-001       
2.736480e+002       6.898521e-001       
2.791210e+002       6.978080e-001       
2.845940e+002       7.037388e-001       
2.900669e+002       7.139369e-001       
2.955399e+002       7.214589e-001       
3.010128e+002       7.328141e-001       
3.064858e+002       7.444587e-001       
3.119588e+002       7.536442e-001       
3.174317e+002       7.638423e-001       
3.229047e+002       7.751976e-001       
3.283777e+002       7.837321e-001       
3.338506e+002       7.934239e-001       
3.393236e+002       8.013799e-001       
3.447965e+002       8.100591e-001       
3.502695e+002       8.172194e-001       
3.557425e+002       8.196785e-001       
3.612154e+002       8.282854e-001       
3.666884e+002       8.305998e-001       
3.721613e+002       8.326973e-001       
3.776343e+002       8.352287e-001       
3.831073e+002       8.406532e-001       
3.885802e+002       8.387727e-001       
3.940532e+002       8.408702e-001       
3.995262e+002       8.400023e-001       
4.049991e+002       8.431846e-001       
4.104721e+002       8.443419e-001       
4.159450e+002       8.440526e-001       
4.214180e+002       8.444142e-001       
4.268910e+002       8.428230e-001       
4.323639e+002       8.432570e-001       
4.378369e+002       8.457884e-001       
4.433098e+002       8.492601e-001       
4.487828e+002       8.477412e-001       
4.542558e+002       8.481752e-001       
4.597287e+002       8.496218e-001       
4.652017e+002       8.480306e-001       
4.706747e+002       8.483199e-001       
4.761476e+002       8.488985e-001       
4.816206e+002       8.505620e-001       
4.870935e+002       8.510683e-001       
4.925665e+002       8.521532e-001       
4.980395e+002       8.551909e-001       
5.035124e+002       8.536720e-001       
5.089854e+002       8.540336e-001       
5.144583e+002       8.536720e-001       
5.199313e+002       8.483199e-001       
5.254042e+002       7.649272e-001       
5.308772e+002       6.879716e-001       
5.363502e+002       6.854401e-001       
5.418231e+002       6.839936e-001       
5.472961e+002       6.858017e-001       
5.527690e+002       6.879716e-001       
5.582420e+002       6.891288e-001       
5.637150e+002       6.946980e-001       
5.691879e+002       7.009904e-001       
5.746609e+002       7.067765e-001       
5.801339e+002       7.145154e-001       
5.856068e+002       7.244965e-001       
5.910798e+002       7.343330e-001       
5.965527e+002       7.435908e-001       
6.020257e+002       7.529933e-001       
6.074987e+002       7.642039e-001       
6.129716e+002       7.744020e-001       
6.184446e+002       7.864805e-001       
6.239175e+002       7.947981e-001       
6.293905e+002       8.036219e-001       
6.348635e+002       8.131691e-001       
6.403364e+002       8.232225e-001       
6.458094e+002       8.324080e-001       
6.512823e+002       8.366753e-001       
6.567553e+002       8.414488e-001       
6.622283e+002       8.468733e-001       
6.677012e+002       8.509960e-001       
6.731742e+002       8.512853e-001       
6.786472e+002       8.540336e-001       
6.841201e+002       8.536720e-001       
6.895931e+002       8.513576e-001       
6.950660e+002       8.507790e-001       
7.005390e+002       8.494048e-001       
7.060120e+002       8.477412e-001       
7.114849e+002       8.474519e-001       
7.169579e+002       8.463671e-001       
7.224308e+002       8.490431e-001       
7.279038e+002       8.445589e-001       
7.333768e+002       8.423891e-001       
7.388497e+002       8.385558e-001       
7.443227e+002       8.357350e-001       
7.497957e+002       8.362413e-001       
7.552686e+002       8.330590e-001       
7.607416e+002       8.302382e-001       
7.662145e+002       8.319017e-001       
7.716875e+002       8.294426e-001       
7.771605e+002       8.295149e-001       
7.826334e+002       8.329866e-001       
7.881064e+002       8.310338e-001       
7.935793e+002       8.315400e-001       
7.990523e+002       8.387004e-001       
8.045253e+002       8.392067e-001       
8.099982e+002       8.385558e-001       
8.154712e+002       8.406532e-001       
8.209442e+002       8.329866e-001       
8.264171e+002       7.349116e-001       
8.318901e+002       6.693113e-001       
8.373630e+002       6.667075e-001       
8.428360e+002       6.693113e-001       
8.483090e+002       6.704685e-001       
8.537819e+002       6.742295e-001       
8.592549e+002       6.818238e-001       
8.647278e+002       6.843553e-001       
8.702008e+002       6.954212e-001       
8.756738e+002       7.012073e-001       
8.811467e+002       7.105375e-001       
8.866197e+002       7.201570e-001       
8.920927e+002       7.297764e-001       
8.975656e+002       7.412040e-001       
9.030386e+002       7.515467e-001       
9.085115e+002       7.639869e-001       
9.139845e+002       7.741850e-001       
9.194575e+002       7.879994e-001       
9.249304e+002       7.971849e-001       
9.304034e+002       8.073106e-001       
9.358763e+002       8.186659e-001       
9.413493e+002       8.273451e-001       
9.468223e+002       8.373985e-001       
9.522952e+002       8.480306e-001       
9.577682e+002       8.536720e-001       
9.632411e+002       8.596752e-001       
9.687141e+002       8.629299e-001       
9.741871e+002       8.677034e-001       
9.796600e+002       8.691500e-001       
9.851330e+002       8.717537e-001       
9.906060e+002       8.707411e-001       
9.960789e+002       8.708858e-001       
1.001552e+003       8.703795e-001       
1.007025e+003       8.687160e-001       
1.012498e+003       8.652443e-001       
1.017971e+003       8.650273e-001       
1.023444e+003       8.606877e-001       
1.028917e+003       8.572161e-001       
1.034390e+003       8.516469e-001       
1.039862e+003       8.482475e-001       
1.045335e+003       8.452098e-001       
1.050808e+003       8.374709e-001       
1.056281e+003       8.350118e-001       
1.061754e+003       8.325527e-001       
1.067227e+003       8.333482e-001       
1.072700e+003       8.330590e-001       
1.078173e+003       8.317571e-001       
1.083646e+003       8.330590e-001       
1.089119e+003       8.292980e-001       
1.094591e+003       8.333482e-001       
1.100064e+003       8.325527e-001       
1.105537e+003       8.295149e-001       
1.111010e+003       8.274174e-001       
1.116483e+003       7.652888e-001       
1.121956e+003       6.596195e-001       
1.127429e+003       6.526038e-001       
1.132902e+003       6.480472e-001       
1.138375e+003       6.486982e-001       
1.143848e+003       6.489152e-001       
1.149320e+003       6.520252e-001       
1.154793e+003       6.557862e-001       
1.160266e+003       6.614277e-001       
1.165739e+003       6.672862e-001       
1.171212e+003       6.751698e-001       
1.176685e+003       6.823301e-001       
1.182158e+003       6.925281e-001       
1.187631e+003       7.017136e-001       
1.193104e+003       7.140815e-001       
1.198577e+003       7.234117e-001       
1.204049e+003       7.370814e-001       
1.209522e+003       7.502449e-001       
1.214995e+003       7.624681e-001       
1.220468e+003       7.750529e-001       
1.225941e+003       7.899522e-001       
1.231414e+003       8.035496e-001       
1.236887e+003       8.168578e-001       
1.242360e+003       8.282854e-001       
1.247833e+003       8.387727e-001       
1.253306e+003       8.485368e-001       
1.258778e+003       8.574330e-001       
1.264251e+003       8.658953e-001       
1.269724e+003       8.743575e-001       
1.275197e+003       8.813009e-001       
1.280670e+003       8.854958e-001       
1.286143e+003       8.849895e-001       
1.291616e+003       8.858574e-001       
1.297089e+003       8.857851e-001       
1.302562e+003       8.831813e-001       
1.308035e+003       8.786971e-001       
1.313507e+003       8.733449e-001       
1.318980e+003       8.680651e-001       
1.324453e+003       8.635085e-001       
1.329926e+003       8.558418e-001       
1.335399e+003       8.483199e-001       
1.340872e+003       8.405809e-001       
1.346345e+003       8.360966e-001       
1.351818e+003       8.287193e-001       
1.357291e+003       8.192446e-001       
1.362764e+003       7.900969e-001       
1.368236e+003       7.433738e-001       
1.373709e+003       7.202293e-001       
1.379182e+003       7.067765e-001       
1.384655e+003       6.946256e-001       
1.390128e+003       6.834873e-001       
1.395601e+003       6.734339e-001       
1.401074e+003       6.642484e-001       
1.406547e+003       6.557139e-001       
1.412020e+003       6.502894e-001       
1.417493e+003       6.499277e-001       
1.422965e+003       6.481196e-001       
1.428438e+003       6.466007e-001       
1.433911e+003       6.472517e-001       
1.439384e+003       6.468900e-001       
1.444857e+003       6.504340e-001       
1.450330e+003       6.549906e-001       
1.455803e+003       6.596918e-001       
1.461276e+003       6.632358e-001       
1.466749e+003       6.701792e-001       
1.472222e+003       6.748081e-001       
1.477694e+003       6.821854e-001       
1.483167e+003       6.878269e-001       
1.488640e+003       6.967231e-001       
1.494113e+003       7.038835e-001       
1.499586e+003       7.114778e-001       
1.505059e+003       7.218928e-001       
1.510532e+003       7.339714e-001       
1.516005e+003       7.425059e-001       
1.521478e+003       7.547291e-001       
1.526951e+003       7.665184e-001       
1.532423e+003       7.781630e-001       
1.537896e+003       7.898076e-001       
1.543369e+003       8.023924e-001       
1.548842e+003       8.142540e-001       
1.554315e+003       8.266218e-001       
1.559788e+003       8.377602e-001       
1.565261e+003       7.532826e-001       
1.570734e+003       8.363137e-001       
1.576207e+003       1.049750e+000       
1.581680e+003       1.273167e+000       
1.587152e+003       1.495282e+000       
1.592625e+003       1.710960e+000       
1.598098e+003       1.926277e+000       
1.603571e+003       2.141160e+000       
1.609044e+003       2.327329e+000       
1.614517e+003       2.369784e+000       
1.619990e+003       2.369784e+000       
1.625463e+003       2.369784e+000       
1.630936e+003       2.369784e+000       
1.636409e+003       2.369784e+000       
1.641881e+003       2.369784e+000       
1.647354e+003       2.369784e+000       
1.652827e+003       2.369784e+000       
1.658300e+003       2.369784e+000       
1.663773e+003       2.369784e+000       
1.669246e+003       2.369784e+000       
1.674719e+003       2.369784e+000       
1.680192e+003       2.369784e+000       
1.685665e+003       2.369784e+000       
1.691138e+003       2.369784e+000       
1.696610e+003       2.369784e+000       
1.702083e+003       2.369784e+000       
1.707556e+003       2.369784e+000       
1.713029e+003       2.369784e+000       
1.718502e+003       2.369784e+000       
1.723975e+003       2.369784e+000       
1.729448e+003       2.369784e+000       
1.734921e+003       2.369784e+000       
1.740394e+003       2.369784e+000       
1.745867e+003       2.369784e+000       
1.751339e+003       2.369784e+000       
1.756812e+003       2.369784e+000       
1.762285e+003       2.369784e+000       
1.767758e+003       2.369784e+000       
1.773231e+003       2.369784e+000       
1.778704e+003       2.369784e+000       
1.784177e+003       2.369784e+000       
1.789650e+003       2.369784e+000       
1.795123e+003       2.369784e+000       
1.800596e+003       2.369784e+000       
1.806068e+003       2.369784e+000       
1.811541e+003       2.369784e+000       
1.817014e+003       2.369784e+000       
1.822487e+003       2.369784e+000       
1.827960e+003       2.369784e+000       
1.833433e+003       2.369784e+000       
1.838906e+003       2.369784e+000       
1.844379e+003       2.369784e+000       
1.849852e+003       2.369784e+000       
1.855325e+003       2.369784e+000       
1.860797e+003       2.369784e+000       
1.866270e+003       2.369784e+000       
1.871743e+003       2.369784e+000       
1.877216e+003       2.369784e+000       
1.882689e+003       2.369784e+000       
1.888162e+003       2.369784e+000       
1.893635e+003       2.369784e+000       
1.899108e+003       2.369784e+000       
1.904581e+003       2.369784e+000       
1.910054e+003       2.369784e+000       
1.915526e+003       2.369784e+000       
1.920999e+003       2.369784e+000       
1.926472e+003       2.369784e+000       
1.931945e+003       2.369784e+000       
1.937418e+003       2.369784e+000       
1.942891e+003       2.369784e+000       
1.948364e+003       2.369784e+000       
1.953837e+003       2.369784e+000       
1.959310e+003       2.369784e+000       
1.964783e+003       2.369784e+000       
1.970255e+003       2.369784e+000       
1.975728e+003       2.369784e+000       
1.981201e+003       2.369784e+000       
1.986674e+003       2.369784e+000       
1.992147e+003       2.369784e+000       
1.997620e+003       2.369784e+000       
2.003093e+003       2.369784e+000       
2.008566e+003       2.369784e+000       
2.014039e+003       2.369784e+000       
2.019512e+003       2.369784e+000       
2.024984e+003       2.369784e+000       
2.030457e+003       2.369784e+000       
2.035930e+003       2.369784e+000       
2.041403e+003       2.369784e+000       
2.046876e+003       2.369784e+000       
2.052349e+003       2.369784e+000       
2.057822e+003       2.369784e+000       
2.063295e+003       2.369784e+000       
2.068768e+003       2.369784e+000       
2.074241e+003       2.369784e+000       
2.079714e+003       2.369784e+000       
2.085187e+003       2.369784e+000       
2.090659e+003       2.369784e+000       
2.096132e+003       2.369784e+000       
2.101605e+003       2.369784e+000       
2.107078e+003       2.369784e+000       
2.112551e+003       2.369784e+000       
2.118024e+003       2.369784e+000       
2.123497e+003       2.369784e+000       
2.128970e+003       2.369784e+000       
2.134443e+003       2.369784e+000       
2.139916e+003       2.369784e+000       
2.145388e+003       2.369784e+000       
2.150861e+003       2.369784e+000       
2.156334e+003       2.369784e+000       
2.161807e+003       2.369784e+000       
2.167280e+003       2.369784e+000       
2.172753e+003       2.369784e+000       
2.178226e+003       2.369784e+000       
2.183699e+003       2.369784e+000       
2.189172e+003       2.369784e+000       
2.194645e+003       2.369784e+000       
2.200117e+003       2.369784e+000       
2.205590e+003       2.369784e+000       
2.211063e+003       2.369784e+000       
2.216536e+003       2.369784e+000       
2.222009e+003       2.369784e+000       
2.227482e+003       2.369784e+000       
2.232955e+003       2.369784e+000       
2.238428e+003       2.369784e+000       
2.243901e+003       2.369784e+000       
2.249374e+003       2.369784e+000       
2.254846e+003       2.369784e+000       
2.260319e+003       2.369784e+000       
2.265792e+003       2.369784e+000       
2.271265e+003       2.369784e+000       
2.276738e+003       2.369784e+000       
2.282211e+003       2.369784e+000       
2.287684e+003       2.369784e+000       
2.293157e+003       2.369784e+000       
2.298630e+003       2.369784e+000       
2.304103e+003       2.369784e+000       
2.309575e+003       2.369784e+000       
2.315048e+003       2.369784e+000       
2.320521e+003       2.369784e+000       
2.325994e+003       2.369784e+000       
2.331467e+003       2.369784e+000       
2.336940e+003       2.369784e+000       
2.342413e+003       2.369784e+000       
2.347886e+003       2.369784e+000       
2.353359e+003       2.369784e+000       
2.358832e+003       2.369784e+000       
2.364304e+003       2.369784e+000       
2.369777e+003       2.369784e+000       
2.375250e+003       2.369784e+000       
2.380723e+003       2.369784e+000       
2.386196e+003       2.369784e+000       
2.391669e+003       2.369784e+000       
2.397142e+003       2.369784e+000       
2.402615e+003       2.369784e+000       
2.408088e+003       2.369784e+000       
2.413561e+003       2.369784e+000       
2.419033e+003       2.369784e+000       
2.424506e+003       2.369784e+000       
2.429979e+003       2.369784e+000       
2.435452e+003       2.369784e+000       
2.440925e+003       2.369784e+000       
2.446398e+003       2.369784e+000       
2.451871e+003       2.369784e+000       
2.457344e+003       2.369784e+000       
2.462817e+003       2.369784e+000       
2.468290e+003       2.369784e+000       
2.473762e+003       2.369784e+000       
2.479235e+003       2.369784e+000       
2.484708e+003       2.369784e+000       
2.490181e+003       2.369784e+000       
2.495654e+003       2.369784e+000       
2.501127e+003       2.369784e+000       
2.506600e+003       2.369784e+000       
2.512073e+003       2.369784e+000       
2.517546e+003       2.369784e+000       
2.523019e+003       2.369784e+000       
2.528491e+003       2.369784e+000       
2.533964e+003       2.369784e+000       
2.539437e+003       2.369784e+000       
2.544910e+003       2.369784e+000       
2.550383e+003       2.369784e+000       
2.555856e+003       2.369784e+000       
2.561329e+003       2.369784e+000       
2.566802e+003       2.369784e+000       
2.572275e+003       2.369784e+000       
2.577748e+003       2.369784e+000       
2.583220e+003       2.369784e+000       
2.588693e+003       2.369784e+000       
2.594166e+003       2.369784e+000       
2.599639e+003       2.369784e+000       
2.605112e+003       2.369784e+000       
2.610585e+003       2.369784e+000       
2.616058e+003       2.369784e+000       
2.621531e+003       2.369784e+000       
2.627004e+003       2.369784e+000       
2.632477e+003       2.369784e+000       
2.637949e+003       2.369784e+000       
2.643422e+003       2.369784e+000       
2.648895e+003       2.369784e+000       
2.654368e+003       2.369784e+000       
2.659841e+003       2.369784e+000       
2.665314e+003       2.369784e+000       
2.670787e+003       2.369784e+000       
2.676260e+003       2.369784e+000       
2.681733e+003       2.369784e+000       
2.687206e+003       2.369784e+000       
2.692678e+003       2.369784e+000       
2.698151e+003       2.369784e+000       
2.703624e+003       2.369784e+000       
2.709097e+003       2.369784e+000       
2.714570e+003       2.369784e+000       
2.720043e+003       2.369784e+000       
2.725516e+003       2.369784e+000       
2.730989e+003       2.369784e+000       
2.736462e+003       2.369784e+000       
2.741935e+003       2.369784e+000       
2.747407e+003       2.369784e+000       
2.752880e+003       2.369784e+000       
2.758353e+003       2.369784e+000       
2.763826e+003       2.369784e+000       
2.769299e+003       2.369784e+000       
2.774772e+003       2.369784e+000       
2.780245e+003       2.369784e+000       
2.785718e+003       2.369784e+000       
2.791191e+003       2.369784e+000       
2.796664e+003       2.369784e+000       

Retract Data
0.000000e+000       2.369784e+000       
5.472960e+000       2.369784e+000       
1.094592e+001       2.369784e+000       
1.641888e+001       2.369784e+000       
2.189184e+001       2.369784e+000       
2.736480e+001       2.369784e+000       
3.283776e+001       2.369784e+000       
3.831072e+001       2.369784e+000       
4.378368e+001       2.369784e+000       
4.925665e+001       2.369784e+000       
5.472961e+001       2.369784e+000       
6.020257e+001       2.369784e+000       
6.567553e+001       2.369784e+000       
7.114849e+001       2.369784e+000       
7.662145e+001       2.369784e+000       
8.209441e+001       2.369784e+000       
8.756738e+001       2.369784e+000       
9.304034e+001       2.369784e+000       
9.851330e+001       2.369784e+000       
1.039863e+002       2.369784e+000       
1.094592e+002       2.369784e+000       
1.149322e+002       2.369784e+000       
1.204051e+002       2.369784e+000       
1.258781e+002       2.369784e+000       
1.313511e+002       2.369784e+000       
1.368240e+002       2.369784e+000       
1.422970e+002       2.369784e+000       
1.477699e+002       2.369784e+000       
1.532429e+002       2.369784e+000       
1.587159e+002       2.369784e+000       
1.641888e+002       2.369784e+000       
1.696618e+002       2.369784e+000       
1.751348e+002       2.369784e+000       
1.806077e+002       2.369784e+000       
1.860807e+002       2.369784e+000       
1.915536e+002       2.369784e+000       
1.970266e+002       2.369784e+000       
2.024996e+002       2.369784e+000       
2.079725e+002       2.369784e+000       
2.134455e+002       2.369784e+000       
2.189184e+002       2.369784e+000       
2.243914e+002       2.369784e+000       
2.298644e+002       2.369784e+000       
2.353373e+002       2.369784e+000       
2.408103e+002       2.369784e+000       
2.462832e+002       2.369784e+000       
2.517562e+002       2.369784e+000       
2.572292e+002       2.369784e+000       
2.627021e+002       2.369784e+000       
2.681751e+002       2.369784e+000       
2.736480e+002       2.369784e+000       
2.791210e+002       2.369784e+000       
2.845940e+002       2.369784e+000       
2.900669e+002       2.369784e+000       
2.955399e+002       2.369784e+000       
3.010128e+002       2.369784e+000       
3.064858e+002       2.369784e+000       
3.119588e+002       2.369784e+000       
3.174317e+002       2.369784e+000       
3.229047e+002       2.369784e+000       
3.283777e+002       2.369784e+000       
3.338506e+002       2.369784e+000       
3.393236e+002       2.369784e+000       
3.447965e+002       2.369784e+000       
3.502695e+002       2.369784e+000       
3.557425e+002       2.369784e+000       
3.612154e+002       2.369784e+000       
3.666884e+002       2.369784e+000       
3.721613e+002       2.369784e+000       
3.776343e+002       2.369784e+000       
3.831073e+002       2.369784e+000       
3.885802e+002       2.369784e+000       
3.940532e+002       2.369784e+000       
3.995262e+002       2.369784e+000       
4.049991e+002       2.369784e+000       
4.104721e+002       2.369784e+000       
4.159450e+002       2.369784e+000       
4.214180e+002       2.369784e+000       
4.268910e+002       2.369784e+000       
4.323639e+002       2.369784e+000       
4.378369e+002       2.369784e+000       
4.433098e+002       2.369784e+000       
4.487828e+002       2.369784e+000       
4.542558e+002       2.369784e+000       
4.597287e+002       2.369784e+000       
4.652017e+002       2.369784e+000       
4.706747e+002       2.369784e+000       
4.761476e+002       2.369784e+000       
4.816206e+002       2.369784e+000       
4.870935e+002       2.369784e+000       
4.925665e+002       2.369784e+000       
4.980395e+002       2.369784e+000       
5.035124e+002       2.369784e+000       
5.089854e+002       2.369784e+000       
5.144583e+002       2.369784e+000       
5.199313e+002       2.369784e+000       
5.254042e+002       2.369784e+000       
5.308772e+002       2.369784e+000       
5.363502e+002       2.369784e+000       
5.418231e+002       2.369784e+000       
5.472961e+002       2.369784e+000       
5.527690e+002       2.369784e+000       
5.582420e+002       2.369784e+000       
5.637150e+002       2.369784e+000       
5.691879e+002       2.369784e+000       
5.746609e+002       2.369784e+000       
5.801339e+002       2.369784e+000       
5.856068e+002       2.369784e+000       
5.910798e+002       2.369784e+000       
5.965527e+002       2.369784e+000       
6.020257e+002       2.369784e+000       
6.074987e+002       2.369784e+000       
6.129716e+002       2.369784e+000       
6.184446e+002       2.369784e+000       
6.239175e+002       2.369784e+000       
6.293905e+002       2.369784e+000       
6.348635e+002       2.369784e+000       
6.403364e+002       2.369784e+000       
6.458094e+002       2.369784e+000       
6.512823e+002       2.369784e+000       
6.567553e+002       2.369784e+000       
6.622283e+002       2.369784e+000       
6.677012e+002       2.369784e+000       
6.731742e+002       2.369784e+000       
6.786472e+002       2.369784e+000       
6.841201e+002       2.369784e+000       
6.895931e+002       2.369784e+000       
6.950660e+002       2.369784e+000       
7.005390e+002       2.369784e+000       
7.060120e+002       2.369784e+000       
7.114849e+002       2.369784e+000       
7.169579e+002       2.369784e+000       
7.224308e+002       2.369784e+000       
7.279038e+002       2.369784e+000       
7.333768e+002       2.369784e+000       
7.388497e+002       2.369784e+000       
7.443227e+002       2.369784e+000       
7.497957e+002       2.369784e+000       
7.552686e+002       2.369784e+000       
7.607416e+002       2.369784e+000       
7.662145e+002       2.369784e+000       
7.716875e+002       2.369784e+000       
7.771605e+002       2.369784e+000       
7.826334e+002       2.369784e+000       
7.881064e+002       2.369784e+000       
7.935793e+002       2.369784e+000       
7.990523e+002       2.369784e+000       
8.045253e+002       2.369784e+000       
8.099982e+002       2.369784e+000       
8.154712e+002       2.369784e+000       
8.209442e+002       2.369784e+000       
8.264171e+002       2.369784e+000       
8.318901e+002       2.369784e+000       
8.373630e+002       2.369784e+000       
8.428360e+002       2.369784e+000       
8.483090e+002       2.369784e+000       
8.537819e+002       2.369784e+000       
8.592549e+002       2.369784e+000       
8.647278e+002       2.369784e+000       
8.702008e+002       2.369784e+000       
8.756738e+002       2.369784e+000       
8.811467e+002       2.369784e+000       
8.866197e+002       2.369784e+000       
8.920927e+002       2.369784e+000       
8.975656e+002       2.369784e+000       
9.030386e+002       2.369784e+000       
9.085115e+002       2.369784e+000       
9.139845e+002       2.369784e+000       
9.194575e+002       2.369784e+000       
9.249304e+002       2.369784e+000       
9.304034e+002       2.369784e+000       
9.358763e+002       2.369784e+000       
9.413493e+002       2.369784e+000       
9.468223e+002       2.369784e+000       
9.522952e+002       2.369784e+000       
9.577682e+002       2.369784e+000       
9.632411e+002       2.369784e+000       
9.687141e+002       2.369784e+000       
9.741871e+002       2.369784e+000       
9.796600e+002       2.369784e+000       
9.851330e+002       2.369784e+000       
9.906060e+002       2.369784e+000       
9.960789e+002       2.369784e+000       
1.001552e+003       2.369784e+000       
1.007025e+003       2.369784e+000       
1.012498e+003       2.369784e+000       
1.017971e+003       2.369784e+000       
1.023444e+003       2.369784e+000       
1.028917e+003       2.369784e+000       
1.034390e+003       2.369784e+000       
1.039862e+003       2.369784e+000       
1.045335e+003       2.369784e+000       
1.050808e+003       2.369784e+000       
1.056281e+003       2.369784e+000       
1.061754e+003       2.369784e+000       
1.067227e+003       2.369784e+000       
1.072700e+003       2.369784e+000       
1.078173e+003       2.369784e+000       
1.083646e+003       2.369784e+000       
1.089119e+003       2.369784e+000       
1.094591e+003       2.369784e+000       
1.100064e+003       2.369784e+000       
1.105537e+003       2.369784e+000       
1.111010e+003       2.369784e+000       
1.116483e+003       2.369784e+000       
1.121956e+003       2.369784e+000       
1.127429e+003       2.369784e+000       
1.132902e+003       2.369784e+000       
1.138375e+003       2.369784e+000       
1.143848e+003       2.369784e+000       
1.149320e+003       2.369784e+000       
1.154793e+003       2.369784e+000       
1.160266e+003       2.369784e+000       
1.165739e+003       2.369784e+000       
1.171212e+003       2.369784e+000       
1.176685e+003       2.369784e+000       
1.182158e+003       2.369784e+000       
1.187631e+003       2.369784e+000       
1.193104e+003       2.369784e+000       
1.198577e+003       2.369784e+000       
1.204049e+003       2.369784e+000       
1.209522e+003       2.369784e+000       
1.214995e+003       2.340492e+000       
1.220468e+003       2.151502e+000       
1.225941e+003       1.930689e+000       
1.231414e+003       1.699677e+000       
1.236887e+003       1.469245e+000       
1.242360e+003       1.259931e+000       
1.247833e+003       1.037888e+000       
1.253306e+003       8.275621e-001       
1.258778e+003       6.239625e-001       
1.264251e+003       4.103817e-001       
1.269724e+003       2.069267e-001       
1.275197e+003       9.908758e-003       
1.280670e+003       -1.650495e-001      
1.286143e+003       7.138646e-002       
1.291616e+003       8.124458e-001       
1.297089e+003       8.032603e-001       
1.302562e+003       7.914711e-001       
1.308035e+003       7.798265e-001       
1.313507e+003       7.702070e-001       
1.318980e+003       7.581285e-001       
1.324453e+003       7.460499e-001       
1.329926e+003       7.364305e-001       
1.335399e+003       7.237733e-001       
1.340872e+003       7.166129e-001       
1.346345e+003       7.051130e-001       
1.351818e+003       6.975910e-001       
1.357291e+003       6.902137e-001       
1.362764e+003       6.813175e-001       
1.368236e+003       6.746635e-001       
1.373709e+003       6.662012e-001       
1.379182e+003       6.604151e-001       
1.384655e+003       6.557862e-001       
1.390128e+003       6.501447e-001       
1.395601e+003       6.478302e-001       
1.401074e+003       6.427674e-001       
1.406547e+003       6.408145e-001       
1.412020e+003       6.383554e-001       
1.417493e+003       6.418995e-001       
1.422965e+003       6.447926e-001       
1.428438e+003       6.484089e-001       
1.433911e+003       6.500000e-001       
1.439384e+003       6.526762e-001       
1.444857e+003       6.615000e-001       
1.450330e+003       6.707578e-001       
1.455803e+003       6.889118e-001       
1.461276e+003       6.989653e-001       
1.466749e+003       7.103205e-001       
1.472222e+003       7.247859e-001       
1.477694e+003       7.407700e-001       
1.483167e+003       7.536442e-001       
1.488640e+003       7.689052e-001       
1.494113e+003       7.876378e-001       
1.499586e+003       8.167131e-001       
1.505059e+003       8.515745e-001       
1.510532e+003       8.618450e-001       
1.516005e+003       8.669078e-001       
1.521478e+003       8.705242e-001       
1.526951e+003       8.761656e-001       
1.532423e+003       8.805776e-001       
1.537896e+003       8.856404e-001       
1.543369e+003       8.870870e-001       
1.548842e+003       8.876656e-001       
1.554315e+003       8.866530e-001       
1.559788e+003       8.841939e-001       
1.565261e+003       8.789141e-001       
1.570734e+003       8.756593e-001       
1.576207e+003       8.680651e-001       
1.581680e+003       8.589519e-001       
1.587152e+003       8.500557e-001       
1.592625e+003       8.379048e-001       
1.598098e+003       8.298042e-001       
1.603571e+003       8.149049e-001       
1.609044e+003       8.043453e-001       
1.614517e+003       7.886503e-001       
1.619990e+003       7.749806e-001       
1.625463e+003       7.642763e-001       
1.630936e+003       7.514021e-001       
1.636409e+003       7.378770e-001       
1.641881e+003       7.269557e-001       
1.647354e+003       7.146601e-001       
1.652827e+003       7.018583e-001       
1.658300e+003       6.920942e-001       
1.663773e+003       6.834873e-001       
1.669246e+003       6.741572e-001       
1.674719e+003       6.663459e-001       
1.680192e+003       6.604151e-001       
1.685665e+003       6.544843e-001       
1.691138e+003       6.517359e-001       
1.696610e+003       6.481196e-001       
1.702083e+003       6.450095e-001       
1.707556e+003       6.445032e-001       
1.713029e+003       6.421164e-001       
1.718502e+003       6.423334e-001       
1.723975e+003       6.461667e-001       
1.729448e+003       6.506510e-001       
1.734921e+003       6.533994e-001       
1.740394e+003       6.617170e-001       
1.745867e+003       6.681541e-001       
1.751339e+003       6.756037e-001       
1.756812e+003       6.828364e-001       
1.762285e+003       6.927451e-001       
1.767758e+003       7.040281e-001       
1.773231e+003       7.176979e-001       
1.778704e+003       7.318739e-001       
1.784177e+003       7.487983e-001       
1.789650e+003       7.977635e-001       
1.795123e+003       8.658229e-001       
1.800596e+003       8.590965e-001       
1.806068e+003       8.599645e-001       
1.811541e+003       8.630745e-001       
1.817014e+003       8.643041e-001       
1.822487e+003       8.661122e-001       
1.827960e+003       8.706688e-001       
1.833433e+003       8.701625e-001       
1.838906e+003       8.741405e-001       
1.844379e+003       8.744298e-001       
1.849852e+003       8.740682e-001       
1.855325e+003       8.760210e-001       
1.860797e+003       8.727663e-001       
1.866270e+003       8.701625e-001       
1.871743e+003       8.669801e-001       
1.877216e+003       8.607600e-001       
1.882689e+003       8.563482e-001       
1.888162e+003       8.501281e-001       
1.893635e+003       8.403639e-001       
1.899108e+003       8.332759e-001       
1.904581e+003       8.231502e-001       
1.910054e+003       8.136030e-001       
1.915526e+003       8.018138e-001       
1.920999e+003       7.886503e-001       
1.926472e+003       7.769334e-001       
1.931945e+003       7.660844e-001       
1.937418e+003       7.525593e-001       
1.942891e+003       7.401915e-001       
1.948364e+003       7.296318e-001       
1.953837e+003       7.192891e-001       
1.959310e+003       7.090186e-001       
1.964783e+003       7.002671e-001       
1.970255e+003       6.912986e-001       
1.975728e+003       6.831980e-001       
1.981201e+003       6.758930e-001       
1.986674e+003       6.672862e-001       
1.992147e+003       6.648270e-001       
1.997620e+003       6.583899e-001       
2.003093e+003       6.540504e-001       
2.008566e+003       6.519529e-001       
2.014039e+003       6.536164e-001       
2.019512e+003       6.533994e-001       
2.024984e+003       6.552799e-001       
2.030457e+003       6.555692e-001       
2.035930e+003       6.572327e-001       
2.041403e+003       6.609937e-001       
2.046876e+003       6.640314e-001       
2.052349e+003       6.715534e-001       
2.057822e+003       6.802326e-001       
2.063295e+003       6.898521e-001       
2.068768e+003       7.022200e-001       
2.074241e+003       7.135752e-001       
2.079714e+003       7.275343e-001       
2.085187e+003       7.438078e-001       
2.090659e+003       8.285747e-001       
2.096132e+003       8.520809e-001       
2.101605e+003       8.452821e-001       
2.107078e+003       8.465840e-001       
2.112551e+003       8.444142e-001       
2.118024e+003       8.478859e-001       
2.123497e+003       8.489708e-001       
2.128970e+003       8.486815e-001       
2.134443e+003       8.520809e-001       
2.139916e+003       8.514299e-001       
2.145388e+003       8.530211e-001       
2.150861e+003       8.517192e-001       
2.156334e+003       8.533828e-001       
2.161807e+003       8.530211e-001       
2.167280e+003       8.520809e-001       
2.172753e+003       8.489708e-001       
2.178226e+003       8.471627e-001       
2.183699e+003       8.416658e-001       
2.189172e+003       8.363860e-001       
2.194645e+003       8.266942e-001       
2.200117e+003       8.194615e-001       
2.205590e+003       8.115056e-001       
2.211063e+003       7.999333e-001       
2.216536e+003       7.900969e-001       
2.222009e+003       7.787416e-001       
2.227482e+003       7.660844e-001       
2.232955e+003       7.566096e-001       
2.238428e+003       7.456883e-001       
2.243901e+003       7.352009e-001       
2.249374e+003       7.250752e-001       
2.254846e+003       7.156004e-001       
2.260319e+003       7.064149e-001       
2.265792e+003       6.987482e-001       
2.271265e+003       6.937577e-001       
2.276738e+003       6.862357e-001       
2.282211e+003       6.821131e-001       
2.287684e+003       6.784968e-001       
2.293157e+003       6.760377e-001       
2.298630e+003       6.744465e-001       
2.304103e+003       6.744465e-001       
2.309575e+003       6.727830e-001       
2.315048e+003       6.732169e-001       
2.320521e+003       6.753144e-001       
2.325994e+003       6.800156e-001       
2.331467e+003       6.826194e-001       
2.336940e+003       6.884779e-001       
2.342413e+003       6.940470e-001       
2.347886e+003       7.020029e-001       
2.353359e+003       7.084400e-001       
2.358832e+003       7.179872e-001       
2.364304e+003       7.260877e-001       
2.369777e+003       7.412040e-001       
2.375250e+003       8.170024e-001       
2.380723e+003       8.650997e-001       
2.386196e+003       8.596028e-001       
2.391669e+003       8.522255e-001       
2.397142e+003       8.490431e-001       
2.402615e+003       8.474519e-001       
2.408088e+003       8.454268e-001       
2.413561e+003       8.427507e-001       
2.419033e+003       8.420274e-001       
2.424506e+003       8.416658e-001       
2.429979e+003       8.403639e-001       
2.435452e+003       8.394237e-001       
2.440925e+003       8.405086e-001       
2.446398e+003       8.406532e-001       
2.451871e+003       8.381941e-001       
2.457344e+003       8.360243e-001       
2.462817e+003       8.340715e-001       
2.468290e+003       8.284300e-001       
2.473762e+003       8.252476e-001       
2.479235e+003       8.179427e-001       
2.484708e+003       8.094081e-001       
2.490181e+003       8.001503e-001       
2.495654e+003       7.913988e-001       
2.501127e+003       7.809114e-001       
2.506600e+003       7.724491e-001       
2.512073e+003       7.630467e-001       
2.517546e+003       7.503172e-001       
2.523019e+003       7.385280e-001       
2.528491e+003       7.289085e-001       
2.533964e+003       7.163236e-001       
2.539437e+003       7.077891e-001       
2.544910e+003       6.984590e-001       
2.550383e+003       6.885502e-001       
2.555856e+003       6.836320e-001       
2.561329e+003       6.781352e-001       
2.566802e+003       6.745188e-001       
2.572275e+003       6.704685e-001       
2.577748e+003       6.696006e-001       
2.583220e+003       6.692390e-001       
2.588693e+003       6.700345e-001       
2.594166e+003       6.719874e-001       
2.599639e+003       6.757483e-001       
2.605112e+003       6.801603e-001       
2.610585e+003       6.872483e-001       
2.616058e+003       6.941193e-001       
2.621531e+003       6.997609e-001       
2.627004e+003       7.104652e-001       
2.632477e+003       7.176979e-001       
2.637949e+003       7.265217e-001       
2.643422e+003       7.386726e-001       
2.648895e+003       7.495939e-001       
2.654368e+003       7.671693e-001       
2.659841e+003       8.204741e-001       
2.665314e+003       8.582286e-001       
2.670787e+003       8.522978e-001       
2.676260e+003       8.492601e-001       
2.681733e+003       8.474519e-001       
2.687206e+003       8.439080e-001       
2.692678e+003       8.426061e-001       
2.698151e+003       8.400746e-001       
2.703624e+003       8.413042e-001       
2.709097e+003       8.403639e-001       
2.714570e+003       8.401470e-001       
2.720043e+003       8.408702e-001       
2.725516e+003       8.416658e-001       
2.730989e+003       8.439080e-001       
2.736462e+003       8.438356e-001       
2.741935e+003       8.421721e-001       
2.747407e+003       8.409426e-001       
2.752880e+003       8.410872e-001       
2.758353e+003       8.340715e-001       
2.763826e+003       8.283577e-001       
2.769299e+003       8.219929e-001       
2.774772e+003       8.133137e-001       
2.780245e+003       8.044176e-001       
2.785718e+003       7.943642e-001       
2.791191e+003       7.823579e-001       
2.796664e+003       7.697008e-001       
