Calculated Z (nm)   Deflection (V)      
Extend Data
0.000000e+000       7.597920e-001       
5.680259e+000       7.673140e-001       
1.136052e+001       7.760655e-001       
1.704078e+001       7.849617e-001       
2.272104e+001       7.955937e-001       
2.840129e+001       8.014522e-001       
3.408155e+001       8.081062e-001       
3.976181e+001       8.146880e-001       
4.544207e+001       8.220653e-001       
5.112233e+001       8.268389e-001       
5.680259e+001       8.288640e-001       
6.248285e+001       8.339269e-001       
6.816311e+001       8.355904e-001       
7.384337e+001       8.351564e-001       
7.952363e+001       8.342885e-001       
8.520389e+001       8.333482e-001       
9.088415e+001       8.325527e-001       
9.656441e+001       8.282130e-001       
1.022447e+002       8.220653e-001       
1.079249e+002       8.185213e-001       
1.136052e+002       8.121565e-001       
1.192854e+002       8.048515e-001       
1.249657e+002       7.989931e-001       
1.306460e+002       7.908925e-001       
1.363262e+002       7.816346e-001       
1.420065e+002       7.725938e-001       
1.476867e+002       7.632636e-001       
1.533670e+002       7.524870e-001       
1.590472e+002       7.418550e-001       
1.647275e+002       7.338267e-001       
1.704077e+002       7.255815e-001       
1.760880e+002       7.173362e-001       
1.817682e+002       7.092356e-001       
1.874485e+002       7.026539e-001       
1.931287e+002       6.956382e-001       
1.988090e+002       6.890565e-001       
2.044892e+002       6.855125e-001       
2.101695e+002       6.811005e-001       
2.158497e+002       6.753867e-001       
2.215300e+002       6.732892e-001       
2.272103e+002       6.709748e-001       
2.328905e+002       6.671415e-001       
2.385708e+002       6.672862e-001       
2.442510e+002       6.690220e-001       
2.499313e+002       6.687326e-001       
2.556115e+002       6.685880e-001       
2.612918e+002       6.726383e-001       
2.669720e+002       6.757483e-001       
2.726523e+002       6.819685e-001       
2.783326e+002       6.873206e-001       
2.840128e+002       6.949872e-001       
2.896931e+002       7.014967e-001       
2.953734e+002       7.109715e-001       
3.010536e+002       7.208079e-001       
3.067339e+002       7.326695e-001       
3.124142e+002       7.384556e-001       
3.180945e+002       7.507511e-001       
3.237747e+002       7.618895e-001       
3.294550e+002       7.738957e-001       
3.351353e+002       7.833705e-001       
3.408155e+002       7.934963e-001       
3.464958e+002       8.028987e-001       
3.521761e+002       8.102037e-001       
3.578563e+002       8.167855e-001       
3.635366e+002       8.230779e-001       
3.692169e+002       8.272728e-001       
3.748971e+002       8.311784e-001       
3.805774e+002       8.349394e-001       
3.862577e+002       8.363137e-001       
3.919379e+002       8.342885e-001       
3.976182e+002       8.324803e-001       
4.032985e+002       8.308168e-001       
4.089787e+002       8.272728e-001       
4.146590e+002       8.230055e-001       
4.203393e+002       8.167131e-001       
4.260195e+002       8.117949e-001       
4.316998e+002       8.048515e-001       
4.373801e+002       7.937132e-001       
4.430603e+002       7.864082e-001       
4.487406e+002       7.770057e-001       
4.544209e+002       7.678926e-001       
4.601011e+002       7.595750e-001       
4.657814e+002       7.495939e-001       
4.714617e+002       7.409147e-001       
4.771419e+002       7.291254e-001       
4.828222e+002       7.214589e-001       
4.885025e+002       7.116224e-001       
4.941827e+002       7.037388e-001       
4.998630e+002       6.949149e-001       
5.055433e+002       6.892011e-001       
5.112235e+002       6.847169e-001       
5.169038e+002       6.809559e-001       
5.225840e+002       6.773396e-001       
5.282643e+002       6.737955e-001       
5.339445e+002       6.720597e-001       
5.396248e+002       6.711195e-001       
5.453050e+002       6.697453e-001       
5.509852e+002       6.698899e-001       
5.566655e+002       6.724213e-001       
5.623457e+002       6.750974e-001       
5.680259e+002       6.804496e-001       
5.737062e+002       6.831980e-001       
5.793864e+002       6.918772e-001       
5.850667e+002       6.990376e-001       
5.907469e+002       7.075721e-001       
5.964271e+002       7.135029e-001       
6.021074e+002       7.229777e-001       
6.077876e+002       7.310060e-001       
6.134678e+002       7.408424e-001       
6.191481e+002       7.509682e-001       
6.248283e+002       7.606599e-001       
6.305085e+002       7.712919e-001       
6.361888e+002       7.810560e-001       
6.418690e+002       7.887950e-001       
6.475493e+002       7.963893e-001       
6.532295e+002       8.066597e-001       
6.589097e+002       8.120842e-001       
6.645900e+002       8.171471e-001       
6.702702e+002       8.218483e-001       
6.759504e+002       8.253200e-001       
6.816307e+002       8.282130e-001       
6.873109e+002       8.290809e-001       
6.929911e+002       8.298042e-001       
6.986714e+002       8.292256e-001       
7.043516e+002       8.268389e-001       
7.100319e+002       8.256816e-001       
7.157121e+002       8.212697e-001       
7.213923e+002       8.172917e-001       
7.270726e+002       8.100591e-001       
7.327528e+002       8.044176e-001       
7.384330e+002       7.978358e-001       
7.441133e+002       7.911818e-001       
7.497935e+002       7.789586e-001       
7.554738e+002       7.715812e-001       
7.611540e+002       7.617448e-001       
7.668342e+002       7.511128e-001       
7.725145e+002       7.415656e-001       
7.781947e+002       7.324525e-001       
7.838749e+002       7.242072e-001       
7.895552e+002       7.156004e-001       
7.952354e+002       7.048237e-001       
8.009156e+002       6.983866e-001       
8.065959e+002       6.899244e-001       
8.122761e+002       6.833426e-001       
8.179564e+002       6.763270e-001       
8.236366e+002       6.722044e-001       
8.293168e+002       6.688050e-001       
8.349971e+002       6.621509e-001       
8.406773e+002       6.605598e-001       
8.463575e+002       6.601258e-001       
8.520378e+002       6.601258e-001       
8.577180e+002       6.617893e-001       
8.633983e+002       6.648270e-001       
8.690785e+002       6.682987e-001       
8.747587e+002       6.699622e-001       
8.804390e+002       6.740125e-001       
8.861192e+002       6.834150e-001       
8.917994e+002       6.919495e-001       
8.974797e+002       6.983866e-001       
9.031599e+002       7.103928e-001       
9.088401e+002       7.222545e-001       
9.145204e+002       7.306443e-001       
9.202006e+002       7.436631e-001       
9.258809e+002       7.531379e-001       
9.315611e+002       7.683265e-001       
9.372413e+002       7.788139e-001       
9.429216e+002       7.879271e-001       
9.486018e+002       8.031157e-001       
9.542820e+002       8.115779e-001       
9.599623e+002       8.235841e-001       
9.656425e+002       8.326250e-001       
9.713228e+002       8.403639e-001       
9.770030e+002       8.452098e-001       
9.826832e+002       8.527318e-001       
9.883635e+002       8.529488e-001       
9.940437e+002       8.556249e-001       
9.997239e+002       8.569267e-001       
1.005404e+003       8.560588e-001       
1.011084e+003       8.522978e-001       
1.016765e+003       8.487538e-001       
1.022445e+003       8.416658e-001       
1.028125e+003       8.359520e-001       
1.033805e+003       8.275621e-001       
1.039486e+003       8.184490e-001       
1.045166e+003       8.069490e-001       
1.050846e+003       7.968233e-001       
1.056527e+003       7.848170e-001       
1.062207e+003       7.704963e-001       
1.067887e+003       7.570436e-001       
1.073568e+003       7.466285e-001       
1.079248e+003       7.331035e-001       
1.084928e+003       7.187827e-001       
1.090608e+003       7.085847e-001       
1.096289e+003       6.975187e-001       
1.101969e+003       6.846445e-001       
1.107649e+003       6.748081e-001       
1.113330e+003       6.670691e-001       
1.119010e+003       6.591855e-001       
1.124690e+003       6.521699e-001       
1.130370e+003       6.471793e-001       
1.136051e+003       6.442139e-001       
1.141731e+003       6.395850e-001       
1.147411e+003       6.377769e-001       
1.153092e+003       6.391510e-001       
1.158772e+003       6.407422e-001       
1.164452e+003       6.413932e-001       
1.170133e+003       6.432737e-001       
1.175813e+003       6.472517e-001       
1.181493e+003       6.555692e-001       
1.187173e+003       6.628019e-001       
1.192854e+003       6.758207e-001       
1.198534e+003       6.868867e-001       
1.204214e+003       6.989653e-001       
1.209895e+003       7.090909e-001       
1.215575e+003       7.240626e-001       
1.221255e+003       7.366474e-001       
1.226936e+003       7.493046e-001       
1.232616e+003       7.632636e-001       
1.238296e+003       7.769334e-001       
1.243976e+003       7.891566e-001       
1.249657e+003       8.012352e-001       
1.255337e+003       8.118672e-001       
1.261017e+003       8.242351e-001       
1.266698e+003       8.354457e-001       
1.272378e+003       8.431123e-001       
1.278058e+003       8.486815e-001       
1.283739e+003       8.543230e-001       
1.289419e+003       8.588073e-001       
1.295099e+003       8.619173e-001       
1.300779e+003       8.646657e-001       
1.306460e+003       8.635085e-001       
1.312140e+003       8.600368e-001       
1.317820e+003       8.566374e-001       
1.323501e+003       8.512853e-001       
1.329181e+003       8.438356e-001       
1.334861e+003       8.339992e-001       
1.340542e+003       8.248137e-001       
1.346222e+003       8.123012e-001       
1.351902e+003       8.010905e-001       
1.357582e+003       7.880718e-001       
1.363263e+003       7.744020e-001       
1.368943e+003       7.625404e-001       
1.374623e+003       7.465562e-001       
1.380304e+003       7.338991e-001       
1.385984e+003       7.173362e-001       
1.391664e+003       7.017136e-001       
1.397344e+003       6.892735e-001       
1.403025e+003       6.754590e-001       
1.408705e+003       6.637421e-001       
1.414385e+003       6.510850e-001       
1.420066e+003       6.424781e-001       
1.425746e+003       6.342328e-001       
1.431426e+003       6.277235e-001       
1.437107e+003       6.246857e-001       
1.442787e+003       6.228775e-001       
1.448467e+003       6.236731e-001       
1.454147e+003       6.236731e-001       
1.459828e+003       6.283020e-001       
1.465508e+003       6.365473e-001       
1.471188e+003       6.452988e-001       
1.476869e+003       6.547013e-001       
1.482549e+003       6.682987e-001       
1.488229e+003       6.807389e-001       
1.493910e+003       6.981696e-001       
1.499590e+003       7.154557e-001       
1.505270e+003       7.300657e-001       
1.510950e+003       7.462669e-001       
1.516631e+003       7.623957e-001       
1.522311e+003       7.767164e-001       
1.527991e+003       7.940748e-001       
1.533672e+003       8.076000e-001       
1.539352e+003       8.190275e-001       
1.545032e+003       8.303828e-001       
1.550713e+003       8.395683e-001       
1.556393e+003       8.483922e-001       
1.562073e+003       8.534551e-001       
1.567753e+003       8.574330e-001       
1.573434e+003       8.577223e-001       
1.579114e+003       8.596028e-001       
1.584794e+003       8.588796e-001       
1.590475e+003       8.540336e-001       
1.596155e+003       8.496218e-001       
1.601835e+003       8.440526e-001       
1.607516e+003       8.344331e-001       
1.613196e+003       8.289363e-001       
1.618876e+003       8.148326e-001       
1.624556e+003       8.027540e-001       
1.630237e+003       7.936409e-001       
1.635917e+003       7.807667e-001       
1.641597e+003       7.691221e-001       
1.647278e+003       7.538612e-001       
1.652958e+003       7.406977e-001       
1.658638e+003       7.262324e-001       
1.664318e+003       7.111884e-001       
1.669999e+003       6.978080e-001       
1.675679e+003       6.863804e-001       
1.681359e+003       6.724213e-001       
1.687040e+003       6.614277e-001       
1.692720e+003       6.493491e-001       
1.698400e+003       6.420441e-001       
1.704081e+003       6.323524e-001       
1.709761e+003       6.259153e-001       
1.715441e+003       6.216480e-001       
1.721121e+003       6.207078e-001       
1.726802e+003       6.216480e-001       
1.732482e+003       6.221543e-001       
1.738162e+003       6.272172e-001       
1.743843e+003       6.327863e-001       
1.749523e+003       6.421888e-001       
1.755203e+003       6.531101e-001       
1.760884e+003       6.672862e-001       
1.766564e+003       6.829810e-001       
1.772244e+003       7.009904e-001       
1.777924e+003       7.017136e-001       
1.783605e+003       7.617448e-001       
1.789285e+003       9.325082e-001       
1.794965e+003       1.119834e+000       
1.800646e+003       1.399666e+000       
1.806326e+003       1.682464e+000       
1.812006e+003       1.966780e+000       
1.817687e+003       2.252398e+000       
1.823367e+003       2.369784e+000       
1.829047e+003       2.369784e+000       
1.834727e+003       2.369784e+000       
1.840408e+003       2.369784e+000       
1.846088e+003       2.369784e+000       
1.851768e+003       2.369784e+000       
1.857449e+003       2.369784e+000       
1.863129e+003       2.369784e+000       
1.868809e+003       2.369784e+000       
1.874490e+003       2.369784e+000       
1.880170e+003       2.369784e+000       
1.885850e+003       2.369784e+000       
1.891530e+003       2.369784e+000       
1.897211e+003       2.369784e+000       
1.902891e+003       2.369784e+000       
1.908571e+003       2.369784e+000       
1.914252e+003       2.369784e+000       
1.919932e+003       2.369784e+000       
1.925612e+003       2.369784e+000       
1.931292e+003       2.369784e+000       
1.936973e+003       2.369784e+000       
1.942653e+003       2.369784e+000       
1.948333e+003       2.369784e+000       
1.954014e+003       2.369784e+000       
1.959694e+003       2.369784e+000       
1.965374e+003       2.369784e+000       
1.971055e+003       2.369784e+000       
1.976735e+003       2.369784e+000       
1.982415e+003       2.369784e+000       
1.988095e+003       2.369784e+000       
1.993776e+003       2.369784e+000       
1.999456e+003       2.369784e+000       
2.005136e+003       2.369784e+000       
2.010817e+003       2.369784e+000       
2.016497e+003       2.369784e+000       
2.022177e+003       2.369784e+000       
2.027858e+003       2.369784e+000       
2.033538e+003       2.369784e+000       
2.039218e+003       2.369784e+000       
2.044898e+003       2.369784e+000       
2.050579e+003       2.369784e+000       
2.056259e+003       2.369784e+000       
2.061939e+003       2.369784e+000       
2.067619e+003       2.369784e+000       
2.073299e+003       2.369784e+000       
2.078979e+003       2.369784e+000       
2.084660e+003       2.369784e+000       
2.090340e+003       2.369784e+000       
2.096020e+003       2.369784e+000       
2.101700e+003       2.369784e+000       
2.107380e+003       2.369784e+000       
2.113061e+003       2.369784e+000       
2.118741e+003       2.369784e+000       
2.124421e+003       2.369784e+000       
2.130101e+003       2.369784e+000       
2.135781e+003       2.369784e+000       
2.141461e+003       2.369784e+000       
2.147142e+003       2.369784e+000       
2.152822e+003       2.369784e+000       
2.158502e+003       2.369784e+000       
2.164182e+003       2.369784e+000       
2.169862e+003       2.369784e+000       
2.175542e+003       2.369784e+000       
2.181223e+003       2.369784e+000       
2.186903e+003       2.369784e+000       
2.192583e+003       2.369784e+000       
2.198263e+003       2.369784e+000       
2.203943e+003       2.369784e+000       
2.209624e+003       2.369784e+000       
2.215304e+003       2.369784e+000       
2.220984e+003       2.369784e+000       
2.226664e+003       2.369784e+000       
2.232344e+003       2.369784e+000       
2.238024e+003       2.369784e+000       
2.243705e+003       2.369784e+000       
2.249385e+003       2.369784e+000       
2.255065e+003       2.369784e+000       
2.260745e+003       2.369784e+000       
2.266425e+003       2.369784e+000       
2.272105e+003       2.369784e+000       
2.277786e+003       2.369784e+000       
2.283466e+003       2.369784e+000       
2.289146e+003       2.369784e+000       
2.294826e+003       2.369784e+000       
2.300506e+003       2.369784e+000       
2.306187e+003       2.369784e+000       
2.311867e+003       2.369784e+000       
2.317547e+003       2.369784e+000       
2.323227e+003       2.369784e+000       
2.328907e+003       2.369784e+000       
2.334587e+003       2.369784e+000       
2.340268e+003       2.369784e+000       
2.345948e+003       2.369784e+000       
2.351628e+003       2.369784e+000       
2.357308e+003       2.369784e+000       
2.362988e+003       2.369784e+000       
2.368668e+003       2.369784e+000       
2.374349e+003       2.369784e+000       
2.380029e+003       2.369784e+000       
2.385709e+003       2.369784e+000       
2.391389e+003       2.369784e+000       
2.397069e+003       2.369784e+000       
2.402750e+003       2.369784e+000       
2.408430e+003       2.369784e+000       
2.414110e+003       2.369784e+000       
2.419790e+003       2.369784e+000       
2.425470e+003       2.369784e+000       
2.431150e+003       2.369784e+000       
2.436831e+003       2.369784e+000       
2.442511e+003       2.369784e+000       
2.448191e+003       2.369784e+000       
2.453871e+003       2.369784e+000       
2.459551e+003       2.369784e+000       
2.465231e+003       2.369784e+000       
2.470912e+003       2.369784e+000       
2.476592e+003       2.369784e+000       
2.482272e+003       2.369784e+000       
2.487952e+003       2.369784e+000       
2.493632e+003       2.369784e+000       
2.499313e+003       2.369784e+000       
2.504993e+003       2.369784e+000       
2.510673e+003       2.369784e+000       
2.516353e+003       2.369784e+000       
2.522033e+003       2.369784e+000       
2.527713e+003       2.369784e+000       
2.533394e+003       2.369784e+000       
2.539074e+003       2.369784e+000       
2.544754e+003       2.369784e+000       
2.550434e+003       2.369784e+000       
2.556114e+003       2.369784e+000       
2.561794e+003       2.369784e+000       
2.567475e+003       2.369784e+000       
2.573155e+003       2.369784e+000       
2.578835e+003       2.369784e+000       
2.584515e+003       2.369784e+000       
2.590195e+003       2.369784e+000       
2.595875e+003       2.369784e+000       
2.601556e+003       2.369784e+000       
2.607236e+003       2.369784e+000       
2.612916e+003       2.369784e+000       
2.618596e+003       2.369784e+000       
2.624276e+003       2.369784e+000       
2.629957e+003       2.369784e+000       
2.635637e+003       2.369784e+000       
2.641317e+003       2.369784e+000       
2.646997e+003       2.369784e+000       
2.652677e+003       2.369784e+000       
2.658357e+003       2.369784e+000       
2.664038e+003       2.369784e+000       
2.669718e+003       2.369784e+000       
2.675398e+003       2.369784e+000       
2.681078e+003       2.369784e+000       
2.686758e+003       2.369784e+000       
2.692438e+003       2.369784e+000       
2.698119e+003       2.369784e+000       
2.703799e+003       2.369784e+000       
2.709479e+003       2.369784e+000       
2.715159e+003       2.369784e+000       
2.720839e+003       2.369784e+000       
2.726520e+003       2.369784e+000       
2.732200e+003       2.369784e+000       
2.737880e+003       2.369784e+000       
2.743560e+003       2.369784e+000       
2.749240e+003       2.369784e+000       
2.754920e+003       2.369784e+000       
2.760601e+003       2.369784e+000       
2.766281e+003       2.369784e+000       
2.771961e+003       2.369784e+000       
2.777641e+003       2.369784e+000       
2.783321e+003       2.369784e+000       
2.789001e+003       2.369784e+000       
2.794682e+003       2.369784e+000       
2.800362e+003       2.369784e+000       
2.806042e+003       2.369784e+000       
2.811722e+003       2.369784e+000       
2.817402e+003       2.369784e+000       
2.823083e+003       2.369784e+000       
2.828763e+003       2.369784e+000       
2.834443e+003       2.369784e+000       
2.840123e+003       2.369784e+000       
2.845803e+003       2.369784e+000       
2.851483e+003       2.369784e+000       
2.857164e+003       2.369784e+000       
2.862844e+003       2.369784e+000       
2.868524e+003       2.369784e+000       
2.874204e+003       2.369784e+000       
2.879884e+003       2.369784e+000       
2.885564e+003       2.369784e+000       
2.891245e+003       2.369784e+000       
2.896925e+003       2.369784e+000       
2.902605e+003       2.369784e+000       

Retract Data
0.000000e+000       2.369784e+000       
5.680259e+000       2.369784e+000       
1.136052e+001       2.369784e+000       
1.704078e+001       2.369784e+000       
2.272104e+001       2.369784e+000       
2.840129e+001       2.369784e+000       
3.408155e+001       2.369784e+000       
3.976181e+001       2.369784e+000       
4.544207e+001       2.369784e+000       
5.112233e+001       2.369784e+000       
5.680259e+001       2.369784e+000       
6.248285e+001       2.369784e+000       
6.816311e+001       2.369784e+000       
7.384337e+001       2.369784e+000       
7.952363e+001       2.369784e+000       
8.520389e+001       2.369784e+000       
9.088415e+001       2.369784e+000       
9.656441e+001       2.369784e+000       
1.022447e+002       2.369784e+000       
1.079249e+002       2.369784e+000       
1.136052e+002       2.369784e+000       
1.192854e+002       2.369784e+000       
1.249657e+002       2.369784e+000       
1.306460e+002       2.369784e+000       
1.363262e+002       2.369784e+000       
1.420065e+002       2.369784e+000       
1.476867e+002       2.369784e+000       
1.533670e+002       2.369784e+000       
1.590472e+002       2.369784e+000       
1.647275e+002       2.369784e+000       
1.704077e+002       2.369784e+000       
1.760880e+002       2.369784e+000       
1.817682e+002       2.369784e+000       
1.874485e+002       2.369784e+000       
1.931287e+002       2.369784e+000       
1.988090e+002       2.369784e+000       
2.044892e+002       2.369784e+000       
2.101695e+002       2.369784e+000       
2.158497e+002       2.369784e+000       
2.215300e+002       2.369784e+000       
2.272103e+002       2.369784e+000       
2.328905e+002       2.369784e+000       
2.385708e+002       2.369784e+000       
2.442510e+002       2.369784e+000       
2.499313e+002       2.369784e+000       
2.556115e+002       2.369784e+000       
2.612918e+002       2.369784e+000       
2.669720e+002       2.369784e+000       
2.726523e+002       2.369784e+000       
2.783326e+002       2.369784e+000       
2.840128e+002       2.369784e+000       
2.896931e+002       2.369784e+000       
2.953734e+002       2.369784e+000       
3.010536e+002       2.369784e+000       
3.067339e+002       2.369784e+000       
3.124142e+002       2.369784e+000       
3.180945e+002       2.369784e+000       
3.237747e+002       2.369784e+000       
3.294550e+002       2.369784e+000       
3.351353e+002       2.369784e+000       
3.408155e+002       2.369784e+000       
3.464958e+002       2.369784e+000       
3.521761e+002       2.369784e+000       
3.578563e+002       2.369784e+000       
3.635366e+002       2.369784e+000       
3.692169e+002       2.369784e+000       
3.748971e+002       2.369784e+000       
3.805774e+002       2.369784e+000       
3.862577e+002       2.369784e+000       
3.919379e+002       2.369784e+000       
3.976182e+002       2.369784e+000       
4.032985e+002       2.369784e+000       
4.089787e+002       2.369784e+000       
4.146590e+002       2.369784e+000       
4.203393e+002       2.369784e+000       
4.260195e+002       2.369784e+000       
4.316998e+002       2.369784e+000       
4.373801e+002       2.369784e+000       
4.430603e+002       2.369784e+000       
4.487406e+002       2.369784e+000       
4.544209e+002       2.369784e+000       
4.601011e+002       2.369784e+000       
4.657814e+002       2.369784e+000       
4.714617e+002       2.369784e+000       
4.771419e+002       2.369784e+000       
4.828222e+002       2.369784e+000       
4.885025e+002       2.369784e+000       
4.941827e+002       2.369784e+000       
4.998630e+002       2.369784e+000       
5.055433e+002       2.369784e+000       
5.112235e+002       2.369784e+000       
5.169038e+002       2.369784e+000       
5.225840e+002       2.369784e+000       
5.282643e+002       2.369784e+000       
5.339445e+002       2.369784e+000       
5.396248e+002       2.369784e+000       
5.453050e+002       2.369784e+000       
5.509852e+002       2.369784e+000       
5.566655e+002       2.369784e+000       
5.623457e+002       2.369784e+000       
5.680259e+002       2.369784e+000       
5.737062e+002       2.369784e+000       
5.793864e+002       2.369784e+000       
5.850667e+002       2.369784e+000       
5.907469e+002       2.369784e+000       
5.964271e+002       2.369784e+000       
6.021074e+002       2.369784e+000       
6.077876e+002       2.369784e+000       
6.134678e+002       2.369784e+000       
6.191481e+002       2.369784e+000       
6.248283e+002       2.369784e+000       
6.305085e+002       2.369784e+000       
6.361888e+002       2.369784e+000       
6.418690e+002       2.369784e+000       
6.475493e+002       2.369784e+000       
6.532295e+002       2.369784e+000       
6.589097e+002       2.369784e+000       
6.645900e+002       2.369784e+000       
6.702702e+002       2.369784e+000       
6.759504e+002       2.369784e+000       
6.816307e+002       2.369784e+000       
6.873109e+002       2.369784e+000       
6.929911e+002       2.369784e+000       
6.986714e+002       2.369784e+000       
7.043516e+002       2.369784e+000       
7.100319e+002       2.369784e+000       
7.157121e+002       2.369784e+000       
7.213923e+002       2.369784e+000       
7.270726e+002       2.369784e+000       
7.327528e+002       2.369784e+000       
7.384330e+002       2.369784e+000       
7.441133e+002       2.369784e+000       
7.497935e+002       2.369784e+000       
7.554738e+002       2.369784e+000       
7.611540e+002       2.369784e+000       
7.668342e+002       2.369784e+000       
7.725145e+002       2.369784e+000       
7.781947e+002       2.369784e+000       
7.838749e+002       2.369784e+000       
7.895552e+002       2.369784e+000       
7.952354e+002       2.369784e+000       
8.009156e+002       2.369784e+000       
8.065959e+002       2.369784e+000       
8.122761e+002       2.369784e+000       
8.179564e+002       2.369784e+000       
8.236366e+002       2.369784e+000       
8.293168e+002       2.369784e+000       
8.349971e+002       2.369784e+000       
8.406773e+002       2.369784e+000       
8.463575e+002       2.369784e+000       
8.520378e+002       2.369784e+000       
8.577180e+002       2.369784e+000       
8.633983e+002       2.369784e+000       
8.690785e+002       2.369784e+000       
8.747587e+002       2.369784e+000       
8.804390e+002       2.369784e+000       
8.861192e+002       2.369784e+000       
8.917994e+002       2.369784e+000       
8.974797e+002       2.369784e+000       
9.031599e+002       2.369784e+000       
9.088401e+002       2.369784e+000       
9.145204e+002       2.369784e+000       
9.202006e+002       2.369784e+000       
9.258809e+002       2.369784e+000       
9.315611e+002       2.369784e+000       
9.372413e+002       2.369784e+000       
9.429216e+002       2.369784e+000       
9.486018e+002       2.369784e+000       
9.542820e+002       2.369784e+000       
9.599623e+002       2.369784e+000       
9.656425e+002       2.369784e+000       
9.713228e+002       2.369784e+000       
9.770030e+002       2.369784e+000       
9.826832e+002       2.369784e+000       
9.883635e+002       2.369784e+000       
9.940437e+002       2.369784e+000       
9.997239e+002       2.369784e+000       
1.005404e+003       2.369784e+000       
1.011084e+003       2.369784e+000       
1.016765e+003       2.369784e+000       
1.022445e+003       2.369784e+000       
1.028125e+003       2.369784e+000       
1.033805e+003       2.369784e+000       
1.039486e+003       2.369784e+000       
1.045166e+003       2.369784e+000       
1.050846e+003       2.369784e+000       
1.056527e+003       2.369784e+000       
1.062207e+003       2.369784e+000       
1.067887e+003       2.369784e+000       
1.073568e+003       2.369784e+000       
1.079248e+003       2.369784e+000       
1.084928e+003       2.369784e+000       
1.090608e+003       2.369784e+000       
1.096289e+003       2.369784e+000       
1.101969e+003       2.369784e+000       
1.107649e+003       2.369784e+000       
1.113330e+003       2.369784e+000       
1.119010e+003       2.369784e+000       
1.124690e+003       2.369784e+000       
1.130370e+003       2.369784e+000       
1.136051e+003       2.369784e+000       
1.141731e+003       2.369784e+000       
1.147411e+003       2.369784e+000       
1.153092e+003       2.369784e+000       
1.158772e+003       2.369784e+000       
1.164452e+003       2.369784e+000       
1.170133e+003       2.369784e+000       
1.175813e+003       2.369784e+000       
1.181493e+003       2.305124e+000       
1.187173e+003       2.036286e+000       
1.192854e+003       1.732803e+000       
1.198534e+003       1.426066e+000       
1.204214e+003       1.127429e+000       
1.209895e+003       8.238735e-001       
1.215575e+003       5.151831e-001       
1.221255e+003       2.160399e-001       
1.226936e+003       -7.724492e-002      
1.232616e+003       -3.638756e-001      
1.238296e+003       -2.896684e-001      
1.243976e+003       6.796540e-001       
1.249657e+003       6.549906e-001       
1.255337e+003       6.437799e-001       
1.261017e+003       6.345221e-001       
1.266698e+003       6.302549e-001       
1.272378e+003       6.245410e-001       
1.278058e+003       6.221543e-001       
1.283739e+003       6.239625e-001       
1.289419e+003       6.270002e-001       
1.295099e+003       6.295316e-001       
1.300779e+003       6.348115e-001       
1.306460e+003       6.421164e-001       
1.312140e+003       6.531824e-001       
1.317820e+003       6.648993e-001       
1.323501e+003       6.769779e-001       
1.329181e+003       6.920942e-001       
1.334861e+003       7.067042e-001       
1.340542e+003       7.201570e-001       
1.346222e+003       7.349839e-001       
1.351902e+003       7.487983e-001       
1.357582e+003       7.647825e-001       
1.363263e+003       7.774397e-001       
1.368943e+003       7.893736e-001       
1.374623e+003       8.017415e-001       
1.380304e+003       8.149773e-001       
1.385984e+003       8.277791e-001       
1.391664e+003       8.379772e-001       
1.397344e+003       8.449928e-001       
1.403025e+003       8.522978e-001       
1.408705e+003       8.568544e-001       
1.414385e+003       8.611217e-001       
1.420066e+003       8.613387e-001       
1.425746e+003       8.601815e-001       
1.431426e+003       8.554802e-001       
1.437107e+003       8.512129e-001       
1.442787e+003       8.450652e-001       
1.448467e+003       8.358797e-001       
1.454147e+003       8.258263e-001       
1.459828e+003       8.138200e-001       
1.465508e+003       7.984868e-001       
1.471188e+003       7.837321e-001       
1.476869e+003       7.683265e-001       
1.482549e+003       7.514744e-001       
1.488229e+003       7.338991e-001       
1.493910e+003       7.160344e-001       
1.499590e+003       7.030155e-001       
1.505270e+003       6.852955e-001       
1.510950e+003       6.704685e-001       
1.516631e+003       6.570881e-001       
1.522311e+003       6.460221e-001       
1.527991e+003       6.385725e-001       
1.533672e+003       6.280127e-001       
1.539352e+003       6.242517e-001       
1.545032e+003       6.202738e-001       
1.550713e+003       6.232392e-001       
1.556393e+003       6.260599e-001       
1.562073e+003       6.291699e-001       
1.567753e+003       6.361133e-001       
1.573434e+003       6.429120e-001       
1.579114e+003       6.571604e-001       
1.584794e+003       6.664906e-001       
1.590475e+003       6.799433e-001       
1.596155e+003       6.941193e-001       
1.601835e+003       7.106822e-001       
1.607516e+003       7.256538e-001       
1.613196e+003       7.408424e-001       
1.618876e+003       7.571882e-001       
1.624556e+003       7.743297e-001       
1.630237e+003       7.890843e-001       
1.635917e+003       8.033327e-001       
1.641597e+003       8.149773e-001       
1.647278e+003       8.269112e-001       
1.652958e+003       8.377602e-001       
1.658638e+003       8.443419e-001       
1.664318e+003       8.522255e-001       
1.669999e+003       8.567821e-001       
1.675679e+003       8.616280e-001       
1.681359e+003       8.620619e-001       
1.687040e+003       8.624959e-001       
1.692720e+003       8.598921e-001       
1.698400e+003       8.546846e-001       
1.704081e+003       8.499110e-001       
1.709761e+003       8.413042e-001       
1.715441e+003       8.329143e-001       
1.721121e+003       8.219206e-001       
1.726802e+003       8.109993e-001       
1.732482e+003       7.990654e-001       
1.738162e+003       7.845277e-001       
1.743843e+003       7.712196e-001       
1.749523e+003       7.568266e-001       
1.755203e+003       7.415656e-001       
1.760884e+003       7.280406e-001       
1.766564e+003       7.148771e-001       
1.772244e+003       7.017860e-001       
1.777924e+003       6.873206e-001       
1.783605e+003       6.748804e-001       
1.789285e+003       6.655503e-001       
1.794965e+003       6.587516e-001       
1.800646e+003       6.513019e-001       
1.806326e+003       6.489152e-001       
1.812006e+003       6.436353e-001       
1.817687e+003       6.392957e-001       
1.823367e+003       6.383554e-001       
1.829047e+003       6.395850e-001       
1.834727e+003       6.403083e-001       
1.840408e+003       6.438523e-001       
1.846088e+003       6.491321e-001       
1.851768e+003       6.561478e-001       
1.857449e+003       6.624402e-001       
1.863129e+003       6.705408e-001       
1.868809e+003       6.818238e-001       
1.874490e+003       6.915879e-001       
1.880170e+003       7.053300e-001       
1.885850e+003       7.165406e-001       
1.891530e+003       7.294148e-001       
1.897211e+003       7.417103e-001       
1.902891e+003       7.554524e-001       
1.908571e+003       7.727385e-001       
1.914252e+003       7.846000e-001       
1.919932e+003       7.940748e-001       
1.925612e+003       8.071660e-001       
1.931292e+003       8.190275e-001       
1.936973e+003       8.268389e-001       
1.942653e+003       8.344331e-001       
1.948333e+003       8.436186e-001       
1.954014e+003       8.507066e-001       
1.959694e+003       8.522255e-001       
1.965374e+003       8.562035e-001       
1.971055e+003       8.586626e-001       
1.976735e+003       8.564928e-001       
1.982415e+003       8.535997e-001       
1.988095e+003       8.481029e-001       
1.993776e+003       8.401470e-001       
1.999456e+003       8.330590e-001       
2.005136e+003       8.235118e-001       
2.010817e+003       8.137477e-001       
2.016497e+003       8.024647e-001       
2.022177e+003       7.894459e-001       
2.027858e+003       7.766441e-001       
2.033538e+003       7.655058e-001       
2.039218e+003       7.520530e-001       
2.044898e+003       7.386003e-001       
2.050579e+003       7.272450e-001       
2.056259e+003       7.151664e-001       
2.061939e+003       7.041727e-001       
2.067619e+003       6.942640e-001       
2.073299e+003       6.870313e-001       
2.078979e+003       6.784245e-001       
2.084660e+003       6.716257e-001       
2.090340e+003       6.682264e-001       
2.096020e+003       6.630912e-001       
2.101700e+003       6.606321e-001       
2.107380e+003       6.583899e-001       
2.113061e+003       6.578113e-001       
2.118741e+003       6.607767e-001       
2.124421e+003       6.629465e-001       
2.130101e+003       6.696006e-001       
2.135781e+003       6.724936e-001       
2.141461e+003       6.777735e-001       
2.147142e+003       6.847169e-001       
2.152822e+003       6.907200e-001       
2.158502e+003       6.991822e-001       
2.164182e+003       7.092356e-001       
2.169862e+003       7.202293e-001       
2.175542e+003       7.314399e-001       
2.181223e+003       7.396128e-001       
2.186903e+003       7.524146e-001       
2.192583e+003       7.609492e-001       
2.198263e+003       7.738957e-001       
2.203943e+003       7.828642e-001       
2.209624e+003       7.910371e-001       
2.215304e+003       8.002226e-001       
2.220984e+003       8.061534e-001       
2.226664e+003       8.122289e-001       
2.232344e+003       8.175087e-001       
2.238024e+003       8.232225e-001       
2.243705e+003       8.268389e-001       
2.249385e+003       8.298042e-001       
2.255065e+003       8.305998e-001       
2.260745e+003       8.290809e-001       
2.266425e+003       8.290086e-001       
2.272105e+003       8.256816e-001       
2.277786e+003       8.196062e-001       
2.283466e+003       8.161345e-001       
2.289146e+003       8.097697e-001       
2.294826e+003       8.023924e-001       
2.300506e+003       7.952321e-001       
2.306187e+003       7.853233e-001       
2.311867e+003       7.770057e-001       
2.317547e+003       7.681819e-001       
2.323227e+003       7.574052e-001       
2.328907e+003       7.469178e-001       
2.334587e+003       7.372261e-001       
2.340268e+003       7.261600e-001       
2.345948e+003       7.171192e-001       
2.351628e+003       7.056193e-001       
2.357308e+003       6.991099e-001       
2.362988e+003       6.941917e-001       
2.368668e+003       6.863804e-001       
2.374349e+003       6.791477e-001       
2.380029e+003       6.762546e-001       
2.385709e+003       6.698176e-001       
2.391389e+003       6.673585e-001       
2.397069e+003       6.671415e-001       
2.402750e+003       6.682264e-001       
2.408430e+003       6.675754e-001       
2.414110e+003       6.705408e-001       
2.419790e+003       6.757483e-001       
2.425470e+003       6.801603e-001       
2.431150e+003       6.868144e-001       
2.436831e+003       6.928898e-001       
2.442511e+003       6.995438e-001       
2.448191e+003       7.072828e-001       
2.453871e+003       7.161067e-001       
2.459551e+003       7.253645e-001       
2.465231e+003       7.347670e-001       
2.470912e+003       7.454713e-001       
2.476592e+003       7.548015e-001       
2.482272e+003       7.685435e-001       
2.487952e+003       7.770781e-001       
2.493632e+003       7.870591e-001       
2.499313e+003       7.952321e-001       
2.504993e+003       8.024647e-001       
2.510673e+003       8.108546e-001       
2.516353e+003       8.162791e-001       
2.522033e+003       8.211973e-001       
2.527713e+003       8.269112e-001       
2.533394e+003       8.315400e-001       
2.539074e+003       8.338546e-001       
2.544754e+003       8.358073e-001       
2.550434e+003       8.367476e-001       
2.556114e+003       8.344331e-001       
2.561794e+003       8.306721e-001       
2.567475e+003       8.248137e-001       
2.573155e+003       8.201125e-001       
2.578835e+003       8.123735e-001       
2.584515e+003       8.026817e-001       
2.590195e+003       7.936409e-001       
2.595875e+003       7.830812e-001       
2.601556e+003       7.731724e-001       
2.607236e+003       7.626851e-001       
2.612916e+003       7.511851e-001       
2.618596e+003       7.367198e-001       
2.624276e+003       7.257984e-001       
2.629957e+003       7.153111e-001       
2.635637e+003       7.059086e-001       
2.641317e+003       6.985313e-001       
2.646997e+003       6.905754e-001       
2.652677e+003       6.829087e-001       
2.658357e+003       6.777735e-001       
2.664038e+003       6.736509e-001       
2.669718e+003       6.701792e-001       
2.675398e+003       6.668522e-001       
2.681078e+003       6.659843e-001       
2.686758e+003       6.687326e-001       
2.692438e+003       6.688773e-001       
2.698119e+003       6.728553e-001       
2.703799e+003       6.735063e-001       
2.709479e+003       6.790754e-001       
2.715159e+003       6.817515e-001       
2.720839e+003       6.893458e-001       
2.726520e+003       6.933237e-001       
2.732200e+003       6.988929e-001       
2.737880e+003       7.069212e-001       
2.743560e+003       7.148048e-001       
2.749240e+003       7.242072e-001       
2.754920e+003       7.323079e-001       
2.760601e+003       7.409871e-001       
2.766281e+003       7.527763e-001       
2.771961e+003       7.621788e-001       
2.777641e+003       7.717982e-001       
2.783321e+003       7.801158e-001       
2.789001e+003       7.902415e-001       
2.794682e+003       7.980528e-001       
2.800362e+003       8.082509e-001       
2.806042e+003       8.143263e-001       
2.811722e+003       8.222823e-001       
2.817402e+003       8.275621e-001       
2.823083e+003       8.308168e-001       
2.828763e+003       8.345778e-001       
2.834443e+003       8.363860e-001       
2.840123e+003       8.368199e-001       
2.845803e+003       8.368922e-001       
2.851483e+003       8.334929e-001       
2.857164e+003       8.298765e-001       
2.862844e+003       8.258263e-001       
2.868524e+003       8.191722e-001       
2.874204e+003       8.106377e-001       
2.879884e+003       8.039836e-001       
2.885564e+003       7.959554e-001       
2.891245e+003       7.872761e-001       
2.896925e+003       7.778736e-001       
2.902605e+003       7.647825e-001       
