Calculated Z (nm)   
Extend Data
0.000000e+000       
5.680259e+000       
1.136052e+001       
1.704078e+001       
2.272104e+001       
2.840129e+001       
3.408155e+001       
3.976181e+001       
4.544207e+001       
5.112233e+001       
5.680259e+001       
6.248285e+001       
6.816311e+001       
7.384337e+001       
7.952363e+001       
8.520389e+001       
9.088415e+001       
9.656441e+001       
1.022447e+002       
1.079249e+002       
1.136052e+002       
1.192854e+002       
1.249657e+002       
1.306460e+002       
1.363262e+002       
1.420065e+002       
1.476867e+002       
1.533670e+002       
1.590472e+002       
1.647275e+002       
1.704077e+002       
1.760880e+002       
1.817682e+002       
1.874485e+002       
1.931287e+002       
1.988090e+002       
2.044892e+002       
2.101695e+002       
2.158497e+002       
2.215300e+002       
2.272103e+002       
2.328905e+002       
2.385708e+002       
2.442510e+002       
2.499313e+002       
2.556115e+002       
2.612918e+002       
2.669720e+002       
2.726523e+002       
2.783326e+002       
2.840128e+002       
2.896931e+002       
2.953734e+002       
3.010536e+002       
3.067339e+002       
3.124142e+002       
3.180945e+002       
3.237747e+002       
3.294550e+002       
3.351353e+002       
3.408155e+002       
3.464958e+002       
3.521761e+002       
3.578563e+002       
3.635366e+002       
3.692169e+002       
3.748971e+002       
3.805774e+002       
3.862577e+002       
3.919379e+002       
3.976182e+002       
4.032985e+002       
4.089787e+002       
4.146590e+002       
4.203393e+002       
4.260195e+002       
4.316998e+002       
4.373801e+002       
4.430603e+002       
4.487406e+002       
4.544209e+002       
4.601011e+002       
4.657814e+002       
4.714617e+002       
4.771419e+002       
4.828222e+002       
4.885025e+002       
4.941827e+002       
4.998630e+002       
5.055433e+002       
5.112235e+002       
5.169038e+002       
5.225840e+002       
5.282643e+002       
5.339445e+002       
5.396248e+002       
5.453050e+002       
5.509852e+002       
5.566655e+002       
5.623457e+002       
5.680259e+002       
5.737062e+002       
5.793864e+002       
5.850667e+002       
5.907469e+002       
5.964271e+002       
6.021074e+002       
6.077876e+002       
6.134678e+002       
6.191481e+002       
6.248283e+002       
6.305085e+002       
6.361888e+002       
6.418690e+002       
6.475493e+002       
6.532295e+002       
6.589097e+002       
6.645900e+002       
6.702702e+002       
6.759504e+002       
6.816307e+002       
6.873109e+002       
6.929911e+002       
6.986714e+002       
7.043516e+002       
7.100319e+002       
7.157121e+002       
7.213923e+002       
7.270726e+002       
7.327528e+002       
7.384330e+002       
7.441133e+002       
7.497935e+002       
7.554738e+002       
7.611540e+002       
7.668342e+002       
7.725145e+002       
7.781947e+002       
7.838749e+002       
7.895552e+002       
7.952354e+002       
8.009156e+002       
8.065959e+002       
8.122761e+002       
8.179564e+002       
8.236366e+002       
8.293168e+002       
8.349971e+002       
8.406773e+002       
8.463575e+002       
8.520378e+002       
8.577180e+002       
8.633983e+002       
8.690785e+002       
8.747587e+002       
8.804390e+002       
8.861192e+002       
8.917994e+002       
8.974797e+002       
9.031599e+002       
9.088401e+002       
9.145204e+002       
9.202006e+002       
9.258809e+002       
9.315611e+002       
9.372413e+002       
9.429216e+002       
9.486018e+002       
9.542820e+002       
9.599623e+002       
9.656425e+002       
9.713228e+002       
9.770030e+002       
9.826832e+002       
9.883635e+002       
9.940437e+002       
9.997239e+002       
1.005404e+003       
1.011084e+003       
1.016765e+003       
1.022445e+003       
1.028125e+003       
1.033805e+003       
1.039486e+003       
1.045166e+003       
1.050846e+003       
1.056527e+003       
1.062207e+003       
1.067887e+003       
1.073568e+003       
1.079248e+003       
1.084928e+003       
1.090608e+003       
1.096289e+003       
1.101969e+003       
1.107649e+003       
1.113330e+003       
1.119010e+003       
1.124690e+003       
1.130370e+003       
1.136051e+003       
1.141731e+003       
1.147411e+003       
1.153092e+003       
1.158772e+003       
1.164452e+003       
1.170133e+003       
1.175813e+003       
1.181493e+003       
1.187173e+003       
1.192854e+003       
1.198534e+003       
1.204214e+003       
1.209895e+003       
1.215575e+003       
1.221255e+003       
1.226936e+003       
1.232616e+003       
1.238296e+003       
1.243976e+003       
1.249657e+003       
1.255337e+003       
1.261017e+003       
1.266698e+003       
1.272378e+003       
1.278058e+003       
1.283739e+003       
1.289419e+003       
1.295099e+003       
1.300779e+003       
1.306460e+003       
1.312140e+003       
1.317820e+003       
1.323501e+003       
1.329181e+003       
1.334861e+003       
1.340542e+003       
1.346222e+003       
1.351902e+003       
1.357582e+003       
1.363263e+003       
1.368943e+003       
1.374623e+003       
1.380304e+003       
1.385984e+003       
1.391664e+003       
1.397344e+003       
1.403025e+003       
1.408705e+003       
1.414385e+003       
1.420066e+003       
1.425746e+003       
1.431426e+003       
1.437107e+003       
1.442787e+003       
1.448467e+003       
1.454147e+003       
1.459828e+003       
1.465508e+003       
1.471188e+003       
1.476869e+003       
1.482549e+003       
1.488229e+003       
1.493910e+003       
1.499590e+003       
1.505270e+003       
1.510950e+003       
1.516631e+003       
1.522311e+003       
1.527991e+003       
1.533672e+003       
1.539352e+003       
1.545032e+003       
1.550713e+003       
1.556393e+003       
1.562073e+003       
1.567753e+003       
1.573434e+003       
1.579114e+003       
1.584794e+003       
1.590475e+003       
1.596155e+003       
1.601835e+003       
1.607516e+003       
1.613196e+003       
1.618876e+003       
1.624556e+003       
1.630237e+003       
1.635917e+003       
1.641597e+003       
1.647278e+003       
1.652958e+003       
1.658638e+003       
1.664318e+003       
1.669999e+003       
1.675679e+003       
1.681359e+003       
1.687040e+003       
1.692720e+003       
1.698400e+003       
1.704081e+003       
1.709761e+003       
1.715441e+003       
1.721121e+003       
1.726802e+003       
1.732482e+003       
1.738162e+003       
1.743843e+003       
1.749523e+003       
1.755203e+003       
1.760884e+003       
1.766564e+003       
1.772244e+003       
1.777924e+003       
1.783605e+003       
1.789285e+003       
1.794965e+003       
1.800646e+003       
1.806326e+003       
1.812006e+003       
1.817687e+003       
1.823367e+003       
1.829047e+003       
1.834727e+003       
1.840408e+003       
1.846088e+003       
1.851768e+003       
1.857449e+003       
1.863129e+003       
1.868809e+003       
1.874490e+003       
1.880170e+003       
1.885850e+003       
1.891530e+003       
1.897211e+003       
1.902891e+003       
1.908571e+003       
1.914252e+003       
1.919932e+003       
1.925612e+003       
1.931292e+003       
1.936973e+003       
1.942653e+003       
1.948333e+003       
1.954014e+003       
1.959694e+003       
1.965374e+003       
1.971055e+003       
1.976735e+003       
1.982415e+003       
1.988095e+003       
1.993776e+003       
1.999456e+003       
2.005136e+003       
2.010817e+003       
2.016497e+003       
2.022177e+003       
2.027858e+003       
2.033538e+003       
2.039218e+003       
2.044898e+003       
2.050579e+003       
2.056259e+003       
2.061939e+003       
2.067619e+003       
2.073299e+003       
2.078979e+003       
2.084660e+003       
2.090340e+003       
2.096020e+003       
2.101700e+003       
2.107380e+003       
2.113061e+003       
2.118741e+003       
2.124421e+003       
2.130101e+003       
2.135781e+003       
2.141461e+003       
2.147142e+003       
2.152822e+003       
2.158502e+003       
2.164182e+003       
2.169862e+003       
2.175542e+003       
2.181223e+003       
2.186903e+003       
2.192583e+003       
2.198263e+003       
2.203943e+003       
2.209624e+003       
2.215304e+003       
2.220984e+003       
2.226664e+003       
2.232344e+003       
2.238024e+003       
2.243705e+003       
2.249385e+003       
2.255065e+003       
2.260745e+003       
2.266425e+003       
2.272105e+003       
2.277786e+003       
2.283466e+003       
2.289146e+003       
2.294826e+003       
2.300506e+003       
2.306187e+003       
2.311867e+003       
2.317547e+003       
2.323227e+003       
2.328907e+003       
2.334587e+003       
2.340268e+003       
2.345948e+003       
2.351628e+003       
2.357308e+003       
2.362988e+003       
2.368668e+003       
2.374349e+003       
2.380029e+003       
2.385709e+003       
2.391389e+003       
2.397069e+003       
2.402750e+003       
2.408430e+003       
2.414110e+003       
2.419790e+003       
2.425470e+003       
2.431150e+003       
2.436831e+003       
2.442511e+003       
2.448191e+003       
2.453871e+003       
2.459551e+003       
2.465231e+003       
2.470912e+003       
2.476592e+003       
2.482272e+003       
2.487952e+003       
2.493632e+003       
2.499313e+003       
2.504993e+003       
2.510673e+003       
2.516353e+003       
2.522033e+003       
2.527713e+003       
2.533394e+003       
2.539074e+003       
2.544754e+003       
2.550434e+003       
2.556114e+003       
2.561794e+003       
2.567475e+003       
2.573155e+003       
2.578835e+003       
2.584515e+003       
2.590195e+003       
2.595875e+003       
2.601556e+003       
2.607236e+003       
2.612916e+003       
2.618596e+003       
2.624276e+003       
2.629957e+003       
2.635637e+003       
2.641317e+003       
2.646997e+003       
2.652677e+003       
2.658357e+003       
2.664038e+003       
2.669718e+003       
2.675398e+003       
2.681078e+003       
2.686758e+003       
2.692438e+003       
2.698119e+003       
2.703799e+003       
2.709479e+003       
2.715159e+003       
2.720839e+003       
2.726520e+003       
2.732200e+003       
2.737880e+003       
2.743560e+003       
2.749240e+003       
2.754920e+003       
2.760601e+003       
2.766281e+003       
2.771961e+003       
2.777641e+003       
2.783321e+003       
2.789001e+003       
2.794682e+003       
2.800362e+003       
2.806042e+003       
2.811722e+003       
2.817402e+003       
2.823083e+003       
2.828763e+003       
2.834443e+003       
2.840123e+003       
2.845803e+003       
2.851483e+003       
2.857164e+003       
2.862844e+003       
2.868524e+003       
2.874204e+003       
2.879884e+003       
2.885564e+003       
2.891245e+003       
2.896925e+003       
2.902605e+003       

Retract Data
0.000000e+000       
5.680259e+000       
1.136052e+001       
1.704078e+001       
2.272104e+001       
2.840129e+001       
3.408155e+001       
3.976181e+001       
4.544207e+001       
5.112233e+001       
5.680259e+001       
6.248285e+001       
6.816311e+001       
7.384337e+001       
7.952363e+001       
8.520389e+001       
9.088415e+001       
9.656441e+001       
1.022447e+002       
1.079249e+002       
1.136052e+002       
1.192854e+002       
1.249657e+002       
1.306460e+002       
1.363262e+002       
1.420065e+002       
1.476867e+002       
1.533670e+002       
1.590472e+002       
1.647275e+002       
1.704077e+002       
1.760880e+002       
1.817682e+002       
1.874485e+002       
1.931287e+002       
1.988090e+002       
2.044892e+002       
2.101695e+002       
2.158497e+002       
2.215300e+002       
2.272103e+002       
2.328905e+002       
2.385708e+002       
2.442510e+002       
2.499313e+002       
2.556115e+002       
2.612918e+002       
2.669720e+002       
2.726523e+002       
2.783326e+002       
2.840128e+002       
2.896931e+002       
2.953734e+002       
3.010536e+002       
3.067339e+002       
3.124142e+002       
3.180945e+002       
3.237747e+002       
3.294550e+002       
3.351353e+002       
3.408155e+002       
3.464958e+002       
3.521761e+002       
3.578563e+002       
3.635366e+002       
3.692169e+002       
3.748971e+002       
3.805774e+002       
3.862577e+002       
3.919379e+002       
3.976182e+002       
4.032985e+002       
4.089787e+002       
4.146590e+002       
4.203393e+002       
4.260195e+002       
4.316998e+002       
4.373801e+002       
4.430603e+002       
4.487406e+002       
4.544209e+002       
4.601011e+002       
4.657814e+002       
4.714617e+002       
4.771419e+002       
4.828222e+002       
4.885025e+002       
4.941827e+002       
4.998630e+002       
5.055433e+002       
5.112235e+002       
5.169038e+002       
5.225840e+002       
5.282643e+002       
5.339445e+002       
5.396248e+002       
5.453050e+002       
5.509852e+002       
5.566655e+002       
5.623457e+002       
5.680259e+002       
5.737062e+002       
5.793864e+002       
5.850667e+002       
5.907469e+002       
5.964271e+002       
6.021074e+002       
6.077876e+002       
6.134678e+002       
6.191481e+002       
6.248283e+002       
6.305085e+002       
6.361888e+002       
6.418690e+002       
6.475493e+002       
6.532295e+002       
6.589097e+002       
6.645900e+002       
6.702702e+002       
6.759504e+002       
6.816307e+002       
6.873109e+002       
6.929911e+002       
6.986714e+002       
7.043516e+002       
7.100319e+002       
7.157121e+002       
7.213923e+002       
7.270726e+002       
7.327528e+002       
7.384330e+002       
7.441133e+002       
7.497935e+002       
7.554738e+002       
7.611540e+002       
7.668342e+002       
7.725145e+002       
7.781947e+002       
7.838749e+002       
7.895552e+002       
7.952354e+002       
8.009156e+002       
8.065959e+002       
8.122761e+002       
8.179564e+002       
8.236366e+002       
8.293168e+002       
8.349971e+002       
8.406773e+002       
8.463575e+002       
8.520378e+002       
8.577180e+002       
8.633983e+002       
8.690785e+002       
8.747587e+002       
8.804390e+002       
8.861192e+002       
8.917994e+002       
8.974797e+002       
9.031599e+002       
9.088401e+002       
9.145204e+002       
9.202006e+002       
9.258809e+002       
9.315611e+002       
9.372413e+002       
9.429216e+002       
9.486018e+002       
9.542820e+002       
9.599623e+002       
9.656425e+002       
9.713228e+002       
9.770030e+002       
9.826832e+002       
9.883635e+002       
9.940437e+002       
9.997239e+002       
1.005404e+003       
1.011084e+003       
1.016765e+003       
1.022445e+003       
1.028125e+003       
1.033805e+003       
1.039486e+003       
1.045166e+003       
1.050846e+003       
1.056527e+003       
1.062207e+003       
1.067887e+003       
1.073568e+003       
1.079248e+003       
1.084928e+003       
1.090608e+003       
1.096289e+003       
1.101969e+003       
1.107649e+003       
1.113330e+003       
1.119010e+003       
1.124690e+003       
1.130370e+003       
1.136051e+003       
1.141731e+003       
1.147411e+003       
1.153092e+003       
1.158772e+003       
1.164452e+003       
1.170133e+003       
1.175813e+003       
1.181493e+003       
1.187173e+003       
1.192854e+003       
1.198534e+003       
1.204214e+003       
1.209895e+003       
1.215575e+003       
1.221255e+003       
1.226936e+003       
1.232616e+003       
1.238296e+003       
1.243976e+003       
1.249657e+003       
1.255337e+003       
1.261017e+003       
1.266698e+003       
1.272378e+003       
1.278058e+003       
1.283739e+003       
1.289419e+003       
1.295099e+003       
1.300779e+003       
1.306460e+003       
1.312140e+003       
1.317820e+003       
1.323501e+003       
1.329181e+003       
1.334861e+003       
1.340542e+003       
1.346222e+003       
1.351902e+003       
1.357582e+003       
1.363263e+003       
1.368943e+003       
1.374623e+003       
1.380304e+003       
1.385984e+003       
1.391664e+003       
1.397344e+003       
1.403025e+003       
1.408705e+003       
1.414385e+003       
1.420066e+003       
1.425746e+003       
1.431426e+003       
1.437107e+003       
1.442787e+003       
1.448467e+003       
1.454147e+003       
1.459828e+003       
1.465508e+003       
1.471188e+003       
1.476869e+003       
1.482549e+003       
1.488229e+003       
1.493910e+003       
1.499590e+003       
1.505270e+003       
1.510950e+003       
1.516631e+003       
1.522311e+003       
1.527991e+003       
1.533672e+003       
1.539352e+003       
1.545032e+003       
1.550713e+003       
1.556393e+003       
1.562073e+003       
1.567753e+003       
1.573434e+003       
1.579114e+003       
1.584794e+003       
1.590475e+003       
1.596155e+003       
1.601835e+003       
1.607516e+003       
1.613196e+003       
1.618876e+003       
1.624556e+003       
1.630237e+003       
1.635917e+003       
1.641597e+003       
1.647278e+003       
1.652958e+003       
1.658638e+003       
1.664318e+003       
1.669999e+003       
1.675679e+003       
1.681359e+003       
1.687040e+003       
1.692720e+003       
1.698400e+003       
1.704081e+003       
1.709761e+003       
1.715441e+003       
1.721121e+003       
1.726802e+003       
1.732482e+003       
1.738162e+003       
1.743843e+003       
1.749523e+003       
1.755203e+003       
1.760884e+003       
1.766564e+003       
1.772244e+003       
1.777924e+003       
1.783605e+003       
1.789285e+003       
1.794965e+003       
1.800646e+003       
1.806326e+003       
1.812006e+003       
1.817687e+003       
1.823367e+003       
1.829047e+003       
1.834727e+003       
1.840408e+003       
1.846088e+003       
1.851768e+003       
1.857449e+003       
1.863129e+003       
1.868809e+003       
1.874490e+003       
1.880170e+003       
1.885850e+003       
1.891530e+003       
1.897211e+003       
1.902891e+003       
1.908571e+003       
1.914252e+003       
1.919932e+003       
1.925612e+003       
1.931292e+003       
1.936973e+003       
1.942653e+003       
1.948333e+003       
1.954014e+003       
1.959694e+003       
1.965374e+003       
1.971055e+003       
1.976735e+003       
1.982415e+003       
1.988095e+003       
1.993776e+003       
1.999456e+003       
2.005136e+003       
2.010817e+003       
2.016497e+003       
2.022177e+003       
2.027858e+003       
2.033538e+003       
2.039218e+003       
2.044898e+003       
2.050579e+003       
2.056259e+003       
2.061939e+003       
2.067619e+003       
2.073299e+003       
2.078979e+003       
2.084660e+003       
2.090340e+003       
2.096020e+003       
2.101700e+003       
2.107380e+003       
2.113061e+003       
2.118741e+003       
2.124421e+003       
2.130101e+003       
2.135781e+003       
2.141461e+003       
2.147142e+003       
2.152822e+003       
2.158502e+003       
2.164182e+003       
2.169862e+003       
2.175542e+003       
2.181223e+003       
2.186903e+003       
2.192583e+003       
2.198263e+003       
2.203943e+003       
2.209624e+003       
2.215304e+003       
2.220984e+003       
2.226664e+003       
2.232344e+003       
2.238024e+003       
2.243705e+003       
2.249385e+003       
2.255065e+003       
2.260745e+003       
2.266425e+003       
2.272105e+003       
2.277786e+003       
2.283466e+003       
2.289146e+003       
2.294826e+003       
2.300506e+003       
2.306187e+003       
2.311867e+003       
2.317547e+003       
2.323227e+003       
2.328907e+003       
2.334587e+003       
2.340268e+003       
2.345948e+003       
2.351628e+003       
2.357308e+003       
2.362988e+003       
2.368668e+003       
2.374349e+003       
2.380029e+003       
2.385709e+003       
2.391389e+003       
2.397069e+003       
2.402750e+003       
2.408430e+003       
2.414110e+003       
2.419790e+003       
2.425470e+003       
2.431150e+003       
2.436831e+003       
2.442511e+003       
2.448191e+003       
2.453871e+003       
2.459551e+003       
2.465231e+003       
2.470912e+003       
2.476592e+003       
2.482272e+003       
2.487952e+003       
2.493632e+003       
2.499313e+003       
2.504993e+003       
2.510673e+003       
2.516353e+003       
2.522033e+003       
2.527713e+003       
2.533394e+003       
2.539074e+003       
2.544754e+003       
2.550434e+003       
2.556114e+003       
2.561794e+003       
2.567475e+003       
2.573155e+003       
2.578835e+003       
2.584515e+003       
2.590195e+003       
2.595875e+003       
2.601556e+003       
2.607236e+003       
2.612916e+003       
2.618596e+003       
2.624276e+003       
2.629957e+003       
2.635637e+003       
2.641317e+003       
2.646997e+003       
2.652677e+003       
2.658357e+003       
2.664038e+003       
2.669718e+003       
2.675398e+003       
2.681078e+003       
2.686758e+003       
2.692438e+003       
2.698119e+003       
2.703799e+003       
2.709479e+003       
2.715159e+003       
2.720839e+003       
2.726520e+003       
2.732200e+003       
2.737880e+003       
2.743560e+003       
2.749240e+003       
2.754920e+003       
2.760601e+003       
2.766281e+003       
2.771961e+003       
2.777641e+003       
2.783321e+003       
2.789001e+003       
2.794682e+003       
2.800362e+003       
2.806042e+003       
2.811722e+003       
2.817402e+003       
2.823083e+003       
2.828763e+003       
2.834443e+003       
2.840123e+003       
2.845803e+003       
2.851483e+003       
2.857164e+003       
2.862844e+003       
2.868524e+003       
2.874204e+003       
2.879884e+003       
2.885564e+003       
2.891245e+003       
2.896925e+003       
2.902605e+003       
