Calculated Z (nm)   Deflection (V)      
Extend Data
0.000000e+000       7.541505e-001       
5.680259e+000       7.634083e-001       
1.136052e+001       7.724491e-001       
1.704078e+001       7.813454e-001       
2.272104e+001       7.908201e-001       
2.840129e+001       7.993547e-001       
3.408155e+001       8.080339e-001       
3.976181e+001       8.152665e-001       
4.544207e+001       8.223546e-001       
5.112233e+001       8.280684e-001       
5.680259e+001       8.308168e-001       
6.248285e+001       8.332036e-001       
6.816311e+001       8.366753e-001       
7.384337e+001       8.360243e-001       
7.952363e+001       8.364583e-001       
8.520389e+001       8.330590e-001       
9.088415e+001       8.309615e-001       
9.656441e+001       8.305998e-001       
1.022447e+002       8.252476e-001       
1.079249e+002       8.189552e-001       
1.136052e+002       8.125905e-001       
1.192854e+002       8.055748e-001       
1.249657e+002       8.007289e-001       
1.306460e+002       7.920497e-001       
1.363262e+002       7.822856e-001       
1.420065e+002       7.724491e-001       
1.476867e+002       7.627574e-001       
1.533670e+002       7.551631e-001       
1.590472e+002       7.466285e-001       
1.647275e+002       7.372984e-001       
1.704077e+002       7.260154e-001       
1.760880e+002       7.192167e-001       
1.817682e+002       7.114054e-001       
1.874485e+002       7.023646e-001       
1.931287e+002       6.978080e-001       
1.988090e+002       6.905754e-001       
2.044892e+002       6.841382e-001       
2.101695e+002       6.797987e-001       
2.158497e+002       6.742295e-001       
2.215300e+002       6.703962e-001       
2.272103e+002       6.680094e-001       
2.328905e+002       6.652610e-001       
2.385708e+002       6.646100e-001       
2.442510e+002       6.644654e-001       
2.499313e+002       6.641761e-001       
2.556115e+002       6.656227e-001       
2.612918e+002       6.678647e-001       
2.669720e+002       6.731446e-001       
2.726523e+002       6.780628e-001       
2.783326e+002       6.834873e-001       
2.840128e+002       6.891288e-001       
2.896931e+002       6.973740e-001       
2.953734e+002       7.038111e-001       
3.010536e+002       7.145878e-001       
3.067339e+002       7.273173e-001       
3.124142e+002       7.378770e-001       
3.180945e+002       7.501002e-001       
3.237747e+002       7.603706e-001       
3.294550e+002       7.720875e-001       
3.351353e+002       7.803327e-001       
3.408155e+002       7.903862e-001       
3.464958e+002       8.010182e-001       
3.521761e+002       8.086848e-001       
3.578563e+002       8.141817e-001       
3.635366e+002       8.230055e-001       
3.692169e+002       8.299489e-001       
3.748971e+002       8.319740e-001       
3.805774e+002       8.352287e-001       
3.862577e+002       8.352287e-001       
3.919379e+002       8.376878e-001       
3.976182e+002       8.363137e-001       
4.032985e+002       8.337822e-001       
4.089787e+002       8.316124e-001       
4.146590e+002       8.258263e-001       
4.203393e+002       8.202571e-001       
4.260195e+002       8.134584e-001       
4.316998e+002       8.063704e-001       
4.373801e+002       7.979805e-001       
4.430603e+002       7.893736e-001       
4.487406e+002       7.806944e-001       
4.544209e+002       7.717982e-001       
4.601011e+002       7.606599e-001       
4.657814e+002       7.511128e-001       
4.714617e+002       7.409147e-001       
4.771419e+002       7.326695e-001       
4.828222e+002       7.217481e-001       
4.885025e+002       7.127796e-001       
4.941827e+002       7.038111e-001       
4.998630e+002       6.962891e-001       
5.055433e+002       6.900690e-001       
5.112235e+002       6.845722e-001       
5.169038e+002       6.790031e-001       
5.225840e+002       6.749527e-001       
5.282643e+002       6.709025e-001       
5.339445e+002       6.679371e-001       
5.396248e+002       6.675031e-001       
5.453050e+002       6.667799e-001       
5.509852e+002       6.664906e-001       
5.566655e+002       6.695282e-001       
5.623457e+002       6.737232e-001       
5.680259e+002       6.766163e-001       
5.737062e+002       6.808836e-001       
5.793864e+002       6.854401e-001       
5.850667e+002       6.931791e-001       
5.907469e+002       7.009181e-001       
5.964271e+002       7.090909e-001       
6.021074e+002       7.177702e-001       
6.077876e+002       7.284745e-001       
6.134678e+002       7.389619e-001       
6.191481e+002       7.483644e-001       
6.248283e+002       7.568989e-001       
6.305085e+002       7.667354e-001       
6.361888e+002       7.765718e-001       
6.418690e+002       7.858296e-001       
6.475493e+002       7.960277e-001       
6.532295e+002       8.029710e-001       
6.589097e+002       8.104930e-001       
6.645900e+002       8.149773e-001       
6.702702e+002       8.201125e-001       
6.759504e+002       8.250307e-001       
6.816307e+002       8.296596e-001       
6.873109e+002       8.309615e-001       
6.929911e+002       8.327696e-001       
6.986714e+002       8.315400e-001       
7.043516e+002       8.304552e-001       
7.100319e+002       8.268389e-001       
7.157121e+002       8.238735e-001       
7.213923e+002       8.198231e-001       
7.270726e+002       8.147603e-001       
7.327528e+002       8.052855e-001       
7.384330e+002       7.988484e-001       
7.441133e+002       7.929900e-001       
7.497935e+002       7.817070e-001       
7.554738e+002       7.732447e-001       
7.611540e+002       7.639146e-001       
7.668342e+002       7.542952e-001       
7.725145e+002       7.428675e-001       
7.781947e+002       7.335374e-001       
7.838749e+002       7.237733e-001       
7.895552e+002       7.165406e-001       
7.952354e+002       7.057639e-001       
8.009156e+002       6.967231e-001       
8.065959e+002       6.896351e-001       
8.122761e+002       6.825471e-001       
8.179564e+002       6.749527e-001       
8.236366e+002       6.699622e-001       
8.293168e+002       6.680818e-001       
8.349971e+002       6.636698e-001       
8.406773e+002       6.628019e-001       
8.463575e+002       6.613554e-001       
8.520378e+002       6.588963e-001       
8.577180e+002       6.594025e-001       
8.633983e+002       6.622956e-001       
8.690785e+002       6.641037e-001       
8.747587e+002       6.682264e-001       
8.804390e+002       6.729276e-001       
8.861192e+002       6.818238e-001       
8.917994e+002       6.920942e-001       
8.974797e+002       7.006288e-001       
9.031599e+002       7.095249e-001       
9.088401e+002       7.164683e-001       
9.145204e+002       7.295594e-001       
9.202006e+002       7.414210e-001       
9.258809e+002       7.532102e-001       
9.315611e+002       7.653611e-001       
9.372413e+002       7.781630e-001       
9.429216e+002       7.898799e-001       
9.486018e+002       8.005119e-001       
9.542820e+002       8.109270e-001       
9.599623e+002       8.232948e-001       
9.656425e+002       8.312508e-001       
9.713228e+002       8.407979e-001       
9.770030e+002       8.456438e-001       
9.826832e+002       8.505620e-001       
9.883635e+002       8.547570e-001       
9.940437e+002       8.548293e-001       
9.997239e+002       8.566374e-001       
1.005404e+003       8.572161e-001       
1.011084e+003       8.559865e-001       
1.016765e+003       8.517916e-001       
1.022445e+003       8.468010e-001       
1.028125e+003       8.379048e-001       
1.033805e+003       8.292980e-001       
1.039486e+003       8.201848e-001       
1.045166e+003       8.083232e-001       
1.050846e+003       7.971126e-001       
1.056527e+003       7.857572e-001       
1.062207e+003       7.742573e-001       
1.067887e+003       7.601536e-001       
1.073568e+003       7.455436e-001       
1.079248e+003       7.336820e-001       
1.084928e+003       7.202293e-001       
1.090608e+003       7.090186e-001       
1.096289e+003       6.969401e-001       
1.101969e+003       6.849338e-001       
1.107649e+003       6.766886e-001       
1.113330e+003       6.670691e-001       
1.119010e+003       6.596918e-001       
1.124690e+003       6.510850e-001       
1.130370e+003       6.468900e-001       
1.136051e+003       6.392957e-001       
1.141731e+003       6.386448e-001       
1.147411e+003       6.345944e-001       
1.153092e+003       6.315567e-001       
1.158772e+003       6.328586e-001       
1.164452e+003       6.364026e-001       
1.170133e+003       6.418995e-001       
1.175813e+003       6.467454e-001       
1.181493e+003       6.541227e-001       
1.187173e+003       6.630189e-001       
1.192854e+003       6.718427e-001       
1.198534e+003       6.832703e-001       
1.204214e+003       6.918049e-001       
1.209895e+003       7.074274e-001       
1.215575e+003       7.200846e-001       
1.221255e+003       7.328864e-001       
1.226936e+003       7.461945e-001       
1.232616e+003       7.625404e-001       
1.238296e+003       7.736787e-001       
1.243976e+003       7.855403e-001       
1.249657e+003       7.995717e-001       
1.255337e+003       8.096974e-001       
1.261017e+003       8.215590e-001       
1.266698e+003       8.327696e-001       
1.272378e+003       8.420274e-001       
1.278058e+003       8.479582e-001       
1.283739e+003       8.562035e-001       
1.289419e+003       8.609047e-001       
1.295099e+003       8.621343e-001       
1.300779e+003       8.649550e-001       
1.306460e+003       8.656060e-001       
1.312140e+003       8.612664e-001       
1.317820e+003       8.583009e-001       
1.323501e+003       8.541783e-001       
1.329181e+003       8.467287e-001       
1.334861e+003       8.378325e-001       
1.340542e+003       8.277068e-001       
1.346222e+003       8.159899e-001       
1.351902e+003       8.031880e-001       
1.357582e+003       7.906032e-001       
1.363263e+003       7.736787e-001       
1.368943e+003       7.613109e-001       
1.374623e+003       7.453990e-001       
1.380304e+003       7.301381e-001       
1.385984e+003       7.159620e-001       
1.391664e+003       7.009181e-001       
1.397344e+003       6.869590e-001       
1.403025e+003       6.736509e-001       
1.408705e+003       6.602705e-001       
1.414385e+003       6.481196e-001       
1.420066e+003       6.380662e-001       
1.425746e+003       6.306888e-001       
1.431426e+003       6.249027e-001       
1.437107e+003       6.209247e-001       
1.442787e+003       6.189719e-001       
1.448467e+003       6.197675e-001       
1.454147e+003       6.211417e-001       
1.459828e+003       6.270725e-001       
1.465508e+003       6.322077e-001       
1.471188e+003       6.403083e-001       
1.476869e+003       6.520252e-001       
1.482549e+003       6.643208e-001       
1.488229e+003       6.758207e-001       
1.493910e+003       6.899967e-001       
1.499590e+003       7.071381e-001       
1.505270e+003       7.229777e-001       
1.510950e+003       7.405531e-001       
1.516631e+003       7.576222e-001       
1.522311e+003       7.733171e-001       
1.527991e+003       7.872038e-001       
1.533672e+003       8.040559e-001       
1.539352e+003       8.170024e-001       
1.545032e+003       8.285747e-001       
1.550713e+003       8.364583e-001       
1.556393e+003       8.452098e-001       
1.562073e+003       8.526595e-001       
1.567753e+003       8.554802e-001       
1.573434e+003       8.583733e-001       
1.579114e+003       8.624236e-001       
1.584794e+003       8.601815e-001       
1.590475e+003       8.590965e-001       
1.596155e+003       8.539613e-001       
1.601835e+003       8.462947e-001       
1.607516e+003       8.391344e-001       
1.613196e+003       8.300936e-001       
1.618876e+003       8.193169e-001       
1.624556e+003       8.077446e-001       
1.630237e+003       7.943642e-001       
1.635917e+003       7.812730e-001       
1.641597e+003       7.671693e-001       
1.647278e+003       7.516914e-001       
1.652958e+003       7.395405e-001       
1.658638e+003       7.247136e-001       
1.664318e+003       7.088740e-001       
1.669999e+003       6.963615e-001       
1.675679e+003       6.842829e-001       
1.681359e+003       6.697453e-001       
1.687040e+003       6.583176e-001       
1.692720e+003       6.481196e-001       
1.698400e+003       6.388617e-001       
1.704081e+003       6.303272e-001       
1.709761e+003       6.236008e-001       
1.715441e+003       6.202738e-001       
1.721121e+003       6.170914e-001       
1.726802e+003       6.169468e-001       
1.732482e+003       6.204184e-001       
1.738162e+003       6.267832e-001       
1.743843e+003       6.324970e-001       
1.749523e+003       6.393681e-001       
1.755203e+003       6.507956e-001       
1.760884e+003       6.652610e-001       
1.766564e+003       6.798710e-001       
1.772244e+003       6.662735e-001       
1.777924e+003       8.132414e-001       
1.783605e+003       1.001580e+000       
1.789285e+003       1.069567e+000       
1.794965e+003       1.080055e+000       
1.800646e+003       1.279821e+000       
1.806326e+003       1.562618e+000       
1.812006e+003       1.849394e+000       
1.817687e+003       2.141738e+000       
1.823367e+003       2.353149e+000       
1.829047e+003       2.369784e+000       
1.834727e+003       2.369784e+000       
1.840408e+003       2.369784e+000       
1.846088e+003       2.369784e+000       
1.851768e+003       2.369784e+000       
1.857449e+003       2.369784e+000       
1.863129e+003       2.369784e+000       
1.868809e+003       2.369784e+000       
1.874490e+003       2.369784e+000       
1.880170e+003       2.369784e+000       
1.885850e+003       2.369784e+000       
1.891530e+003       2.369784e+000       
1.897211e+003       2.369784e+000       
1.902891e+003       2.369784e+000       
1.908571e+003       2.369784e+000       
1.914252e+003       2.369784e+000       
1.919932e+003       2.369784e+000       
1.925612e+003       2.369784e+000       
1.931292e+003       2.369784e+000       
1.936973e+003       2.369784e+000       
1.942653e+003       2.369784e+000       
1.948333e+003       2.369784e+000       
1.954014e+003       2.369784e+000       
1.959694e+003       2.369784e+000       
1.965374e+003       2.369784e+000       
1.971055e+003       2.369784e+000       
1.976735e+003       2.369784e+000       
1.982415e+003       2.369784e+000       
1.988095e+003       2.369784e+000       
1.993776e+003       2.369784e+000       
1.999456e+003       2.369784e+000       
2.005136e+003       2.369784e+000       
2.010817e+003       2.369784e+000       
2.016497e+003       2.369784e+000       
2.022177e+003       2.369784e+000       
2.027858e+003       2.369784e+000       
2.033538e+003       2.369784e+000       
2.039218e+003       2.369784e+000       
2.044898e+003       2.369784e+000       
2.050579e+003       2.369784e+000       
2.056259e+003       2.369784e+000       
2.061939e+003       2.369784e+000       
2.067619e+003       2.369784e+000       
2.073299e+003       2.369784e+000       
2.078979e+003       2.369784e+000       
2.084660e+003       2.369784e+000       
2.090340e+003       2.369784e+000       
2.096020e+003       2.369784e+000       
2.101700e+003       2.369784e+000       
2.107380e+003       2.369784e+000       
2.113061e+003       2.369784e+000       
2.118741e+003       2.369784e+000       
2.124421e+003       2.369784e+000       
2.130101e+003       2.369784e+000       
2.135781e+003       2.369784e+000       
2.141461e+003       2.369784e+000       
2.147142e+003       2.369784e+000       
2.152822e+003       2.369784e+000       
2.158502e+003       2.369784e+000       
2.164182e+003       2.369784e+000       
2.169862e+003       2.369784e+000       
2.175542e+003       2.369784e+000       
2.181223e+003       2.369784e+000       
2.186903e+003       2.369784e+000       
2.192583e+003       2.369784e+000       
2.198263e+003       2.369784e+000       
2.203943e+003       2.369784e+000       
2.209624e+003       2.369784e+000       
2.215304e+003       2.369784e+000       
2.220984e+003       2.369784e+000       
2.226664e+003       2.369784e+000       
2.232344e+003       2.369784e+000       
2.238024e+003       2.369784e+000       
2.243705e+003       2.369784e+000       
2.249385e+003       2.369784e+000       
2.255065e+003       2.369784e+000       
2.260745e+003       2.369784e+000       
2.266425e+003       2.369784e+000       
2.272105e+003       2.369784e+000       
2.277786e+003       2.369784e+000       
2.283466e+003       2.369784e+000       
2.289146e+003       2.369784e+000       
2.294826e+003       2.369784e+000       
2.300506e+003       2.369784e+000       
2.306187e+003       2.369784e+000       
2.311867e+003       2.369784e+000       
2.317547e+003       2.369784e+000       
2.323227e+003       2.369784e+000       
2.328907e+003       2.369784e+000       
2.334587e+003       2.369784e+000       
2.340268e+003       2.369784e+000       
2.345948e+003       2.369784e+000       
2.351628e+003       2.369784e+000       
2.357308e+003       2.369784e+000       
2.362988e+003       2.369784e+000       
2.368668e+003       2.369784e+000       
2.374349e+003       2.369784e+000       
2.380029e+003       2.369784e+000       
2.385709e+003       2.369784e+000       
2.391389e+003       2.369784e+000       
2.397069e+003       2.369784e+000       
2.402750e+003       2.369784e+000       
2.408430e+003       2.369784e+000       
2.414110e+003       2.369784e+000       
2.419790e+003       2.369784e+000       
2.425470e+003       2.369784e+000       
2.431150e+003       2.369784e+000       
2.436831e+003       2.369784e+000       
2.442511e+003       2.369784e+000       
2.448191e+003       2.369784e+000       
2.453871e+003       2.369784e+000       
2.459551e+003       2.369784e+000       
2.465231e+003       2.369784e+000       
2.470912e+003       2.369784e+000       
2.476592e+003       2.369784e+000       
2.482272e+003       2.369784e+000       
2.487952e+003       2.369784e+000       
2.493632e+003       2.369784e+000       
2.499313e+003       2.369784e+000       
2.504993e+003       2.369784e+000       
2.510673e+003       2.369784e+000       
2.516353e+003       2.369784e+000       
2.522033e+003       2.369784e+000       
2.527713e+003       2.369784e+000       
2.533394e+003       2.369784e+000       
2.539074e+003       2.369784e+000       
2.544754e+003       2.369784e+000       
2.550434e+003       2.369784e+000       
2.556114e+003       2.369784e+000       
2.561794e+003       2.369784e+000       
2.567475e+003       2.369784e+000       
2.573155e+003       2.369784e+000       
2.578835e+003       2.369784e+000       
2.584515e+003       2.369784e+000       
2.590195e+003       2.369784e+000       
2.595875e+003       2.369784e+000       
2.601556e+003       2.369784e+000       
2.607236e+003       2.369784e+000       
2.612916e+003       2.369784e+000       
2.618596e+003       2.369784e+000       
2.624276e+003       2.369784e+000       
2.629957e+003       2.369784e+000       
2.635637e+003       2.369784e+000       
2.641317e+003       2.369784e+000       
2.646997e+003       2.369784e+000       
2.652677e+003       2.369784e+000       
2.658357e+003       2.369784e+000       
2.664038e+003       2.369784e+000       
2.669718e+003       2.369784e+000       
2.675398e+003       2.369784e+000       
2.681078e+003       2.369784e+000       
2.686758e+003       2.369784e+000       
2.692438e+003       2.369784e+000       
2.698119e+003       2.369784e+000       
2.703799e+003       2.369784e+000       
2.709479e+003       2.369784e+000       
2.715159e+003       2.369784e+000       
2.720839e+003       2.369784e+000       
2.726520e+003       2.369784e+000       
2.732200e+003       2.369784e+000       
2.737880e+003       2.369784e+000       
2.743560e+003       2.369784e+000       
2.749240e+003       2.369784e+000       
2.754920e+003       2.369784e+000       
2.760601e+003       2.369784e+000       
2.766281e+003       2.369784e+000       
2.771961e+003       2.369784e+000       
2.777641e+003       2.369784e+000       
2.783321e+003       2.369784e+000       
2.789001e+003       2.369784e+000       
2.794682e+003       2.369784e+000       
2.800362e+003       2.369784e+000       
2.806042e+003       2.369784e+000       
2.811722e+003       2.369784e+000       
2.817402e+003       2.369784e+000       
2.823083e+003       2.369784e+000       
2.828763e+003       2.369784e+000       
2.834443e+003       2.369784e+000       
2.840123e+003       2.369784e+000       
2.845803e+003       2.369784e+000       
2.851483e+003       2.369784e+000       
2.857164e+003       2.369784e+000       
2.862844e+003       2.369784e+000       
2.868524e+003       2.369784e+000       
2.874204e+003       2.369784e+000       
2.879884e+003       2.369784e+000       
2.885564e+003       2.369784e+000       
2.891245e+003       2.369784e+000       
2.896925e+003       2.369784e+000       
2.902605e+003       2.369784e+000       

Retract Data
0.000000e+000       2.369784e+000       
5.680259e+000       2.369784e+000       
1.136052e+001       2.369784e+000       
1.704078e+001       2.369784e+000       
2.272104e+001       2.369784e+000       
2.840129e+001       2.369784e+000       
3.408155e+001       2.369784e+000       
3.976181e+001       2.369784e+000       
4.544207e+001       2.369784e+000       
5.112233e+001       2.369784e+000       
5.680259e+001       2.369784e+000       
6.248285e+001       2.369784e+000       
6.816311e+001       2.369784e+000       
7.384337e+001       2.369784e+000       
7.952363e+001       2.369784e+000       
8.520389e+001       2.369784e+000       
9.088415e+001       2.369784e+000       
9.656441e+001       2.369784e+000       
1.022447e+002       2.369784e+000       
1.079249e+002       2.369784e+000       
1.136052e+002       2.369784e+000       
1.192854e+002       2.369784e+000       
1.249657e+002       2.369784e+000       
1.306460e+002       2.369784e+000       
1.363262e+002       2.369784e+000       
1.420065e+002       2.369784e+000       
1.476867e+002       2.369784e+000       
1.533670e+002       2.369784e+000       
1.590472e+002       2.369784e+000       
1.647275e+002       2.369784e+000       
1.704077e+002       2.369784e+000       
1.760880e+002       2.369784e+000       
1.817682e+002       2.369784e+000       
1.874485e+002       2.369784e+000       
1.931287e+002       2.369784e+000       
1.988090e+002       2.369784e+000       
2.044892e+002       2.369784e+000       
2.101695e+002       2.369784e+000       
2.158497e+002       2.369784e+000       
2.215300e+002       2.369784e+000       
2.272103e+002       2.369784e+000       
2.328905e+002       2.369784e+000       
2.385708e+002       2.369784e+000       
2.442510e+002       2.369784e+000       
2.499313e+002       2.369784e+000       
2.556115e+002       2.369784e+000       
2.612918e+002       2.369784e+000       
2.669720e+002       2.369784e+000       
2.726523e+002       2.369784e+000       
2.783326e+002       2.369784e+000       
2.840128e+002       2.369784e+000       
2.896931e+002       2.369784e+000       
2.953734e+002       2.369784e+000       
3.010536e+002       2.369784e+000       
3.067339e+002       2.369784e+000       
3.124142e+002       2.369784e+000       
3.180945e+002       2.369784e+000       
3.237747e+002       2.369784e+000       
3.294550e+002       2.369784e+000       
3.351353e+002       2.369784e+000       
3.408155e+002       2.369784e+000       
3.464958e+002       2.369784e+000       
3.521761e+002       2.369784e+000       
3.578563e+002       2.369784e+000       
3.635366e+002       2.369784e+000       
3.692169e+002       2.369784e+000       
3.748971e+002       2.369784e+000       
3.805774e+002       2.369784e+000       
3.862577e+002       2.369784e+000       
3.919379e+002       2.369784e+000       
3.976182e+002       2.369784e+000       
4.032985e+002       2.369784e+000       
4.089787e+002       2.369784e+000       
4.146590e+002       2.369784e+000       
4.203393e+002       2.369784e+000       
4.260195e+002       2.369784e+000       
4.316998e+002       2.369784e+000       
4.373801e+002       2.369784e+000       
4.430603e+002       2.369784e+000       
4.487406e+002       2.369784e+000       
4.544209e+002       2.369784e+000       
4.601011e+002       2.369784e+000       
4.657814e+002       2.369784e+000       
4.714617e+002       2.369784e+000       
4.771419e+002       2.369784e+000       
4.828222e+002       2.369784e+000       
4.885025e+002       2.369784e+000       
4.941827e+002       2.369784e+000       
4.998630e+002       2.369784e+000       
5.055433e+002       2.369784e+000       
5.112235e+002       2.369784e+000       
5.169038e+002       2.369784e+000       
5.225840e+002       2.369784e+000       
5.282643e+002       2.369784e+000       
5.339445e+002       2.369784e+000       
5.396248e+002       2.369784e+000       
5.453050e+002       2.369784e+000       
5.509852e+002       2.369784e+000       
5.566655e+002       2.369784e+000       
5.623457e+002       2.369784e+000       
5.680259e+002       2.369784e+000       
5.737062e+002       2.369784e+000       
5.793864e+002       2.369784e+000       
5.850667e+002       2.369784e+000       
5.907469e+002       2.369784e+000       
5.964271e+002       2.369784e+000       
6.021074e+002       2.369784e+000       
6.077876e+002       2.369784e+000       
6.134678e+002       2.369784e+000       
6.191481e+002       2.369784e+000       
6.248283e+002       2.369784e+000       
6.305085e+002       2.369784e+000       
6.361888e+002       2.369784e+000       
6.418690e+002       2.369784e+000       
6.475493e+002       2.369784e+000       
6.532295e+002       2.369784e+000       
6.589097e+002       2.369784e+000       
6.645900e+002       2.369784e+000       
6.702702e+002       2.369784e+000       
6.759504e+002       2.369784e+000       
6.816307e+002       2.369784e+000       
6.873109e+002       2.369784e+000       
6.929911e+002       2.369784e+000       
6.986714e+002       2.369784e+000       
7.043516e+002       2.369784e+000       
7.100319e+002       2.369784e+000       
7.157121e+002       2.369784e+000       
7.213923e+002       2.369784e+000       
7.270726e+002       2.369784e+000       
7.327528e+002       2.369784e+000       
7.384330e+002       2.369784e+000       
7.441133e+002       2.369784e+000       
7.497935e+002       2.369784e+000       
7.554738e+002       2.369784e+000       
7.611540e+002       2.369784e+000       
7.668342e+002       2.369784e+000       
7.725145e+002       2.369784e+000       
7.781947e+002       2.369784e+000       
7.838749e+002       2.369784e+000       
7.895552e+002       2.369784e+000       
7.952354e+002       2.369784e+000       
8.009156e+002       2.369784e+000       
8.065959e+002       2.369784e+000       
8.122761e+002       2.369784e+000       
8.179564e+002       2.369784e+000       
8.236366e+002       2.369784e+000       
8.293168e+002       2.369784e+000       
8.349971e+002       2.369784e+000       
8.406773e+002       2.369784e+000       
8.463575e+002       2.369784e+000       
8.520378e+002       2.369784e+000       
8.577180e+002       2.369784e+000       
8.633983e+002       2.369784e+000       
8.690785e+002       2.369784e+000       
8.747587e+002       2.369784e+000       
8.804390e+002       2.369784e+000       
8.861192e+002       2.369784e+000       
8.917994e+002       2.369784e+000       
8.974797e+002       2.369784e+000       
9.031599e+002       2.369784e+000       
9.088401e+002       2.369784e+000       
9.145204e+002       2.369784e+000       
9.202006e+002       2.369784e+000       
9.258809e+002       2.369784e+000       
9.315611e+002       2.369784e+000       
9.372413e+002       2.369784e+000       
9.429216e+002       2.369784e+000       
9.486018e+002       2.369784e+000       
9.542820e+002       2.369784e+000       
9.599623e+002       2.369784e+000       
9.656425e+002       2.369784e+000       
9.713228e+002       2.369784e+000       
9.770030e+002       2.369784e+000       
9.826832e+002       2.369784e+000       
9.883635e+002       2.369784e+000       
9.940437e+002       2.369784e+000       
9.997239e+002       2.369784e+000       
1.005404e+003       2.369784e+000       
1.011084e+003       2.369784e+000       
1.016765e+003       2.369784e+000       
1.022445e+003       2.369784e+000       
1.028125e+003       2.369784e+000       
1.033805e+003       2.369784e+000       
1.039486e+003       2.369784e+000       
1.045166e+003       2.369784e+000       
1.050846e+003       2.369784e+000       
1.056527e+003       2.369784e+000       
1.062207e+003       2.369784e+000       
1.067887e+003       2.369784e+000       
1.073568e+003       2.369784e+000       
1.079248e+003       2.369784e+000       
1.084928e+003       2.369784e+000       
1.090608e+003       2.369784e+000       
1.096289e+003       2.369784e+000       
1.101969e+003       2.369784e+000       
1.107649e+003       2.369784e+000       
1.113330e+003       2.369784e+000       
1.119010e+003       2.369784e+000       
1.124690e+003       2.369784e+000       
1.130370e+003       2.369784e+000       
1.136051e+003       2.369784e+000       
1.141731e+003       2.369784e+000       
1.147411e+003       2.369784e+000       
1.153092e+003       2.369784e+000       
1.158772e+003       2.369784e+000       
1.164452e+003       2.369784e+000       
1.170133e+003       2.369784e+000       
1.175813e+003       2.369784e+000       
1.181493e+003       2.263898e+000       
1.187173e+003       1.962730e+000       
1.192854e+003       1.659681e+000       
1.198534e+003       1.350267e+000       
1.204214e+003       1.044036e+000       
1.209895e+003       7.450373e-001       
1.215575e+003       4.443029e-001       
1.221255e+003       1.548515e-001       
1.226936e+003       -1.374931e-001      
1.232616e+003       -4.101647e-001      
1.238296e+003       5.424502e-003       
1.243976e+003       6.509403e-001       
1.249657e+003       6.287360e-001       
1.255337e+003       6.148493e-001       
1.261017e+003       6.123179e-001       
1.266698e+003       6.138367e-001       
1.272378e+003       6.246134e-001       
1.278058e+003       6.232392e-001       
1.283739e+003       6.241071e-001       
1.289419e+003       6.257706e-001       
1.295099e+003       6.293146e-001       
1.300779e+003       6.369089e-001       
1.306460e+003       6.427674e-001       
1.312140e+003       6.528931e-001       
1.317820e+003       6.675754e-001       
1.323501e+003       6.780628e-001       
1.329181e+003       6.907200e-001       
1.334861e+003       7.058363e-001       
1.340542e+003       7.201570e-001       
1.346222e+003       7.340437e-001       
1.351902e+003       7.493046e-001       
1.357582e+003       7.624681e-001       
1.363263e+003       7.751976e-001       
1.368943e+003       7.894459e-001       
1.374623e+003       8.031157e-001       
1.380304e+003       8.167855e-001       
1.385984e+003       8.262602e-001       
1.391664e+003       8.376155e-001       
1.397344e+003       8.443419e-001       
1.403025e+003       8.470903e-001       
1.408705e+003       8.538890e-001       
1.414385e+003       8.575777e-001       
1.420066e+003       8.593135e-001       
1.425746e+003       8.590965e-001       
1.431426e+003       8.556972e-001       
1.437107e+003       8.510683e-001       
1.442787e+003       8.443419e-001       
1.448467e+003       8.334929e-001       
1.454147e+003       8.234395e-001       
1.459828e+003       8.111439e-001       
1.465508e+003       7.978358e-001       
1.471188e+003       7.796818e-001       
1.476869e+003       7.642763e-001       
1.482549e+003       7.463392e-001       
1.488229e+003       7.310060e-001       
1.493910e+003       7.133582e-001       
1.499590e+003       6.982419e-001       
1.505270e+003       6.794370e-001       
1.510950e+003       6.656227e-001       
1.516631e+003       6.547736e-001       
1.522311e+003       6.418272e-001       
1.527991e+003       6.352454e-001       
1.533672e+003       6.270725e-001       
1.539352e+003       6.222266e-001       
1.545032e+003       6.243964e-001       
1.550713e+003       6.215034e-001       
1.556393e+003       6.247581e-001       
1.562073e+003       6.294593e-001       
1.567753e+003       6.389341e-001       
1.573434e+003       6.452988e-001       
1.579114e+003       6.542673e-001       
1.584794e+003       6.685880e-001       
1.590475e+003       6.782798e-001       
1.596155e+003       6.951319e-001       
1.601835e+003       7.099589e-001       
1.607516e+003       7.268834e-001       
1.613196e+003       7.427229e-001       
1.618876e+003       7.582008e-001       
1.624556e+003       7.744743e-001       
1.630237e+003       7.906755e-001       
1.635917e+003       8.033327e-001       
1.641597e+003       8.162791e-001       
1.647278e+003       8.267665e-001       
1.652958e+003       8.369645e-001       
1.658638e+003       8.455715e-001       
1.664318e+003       8.516469e-001       
1.669999e+003       8.563482e-001       
1.675679e+003       8.596028e-001       
1.681359e+003       8.608324e-001       
1.687040e+003       8.605431e-001       
1.692720e+003       8.573607e-001       
1.698400e+003       8.523701e-001       
1.704081e+003       8.472350e-001       
1.709761e+003       8.389897e-001       
1.715441e+003       8.306721e-001       
1.721121e+003       8.205464e-001       
1.726802e+003       8.089741e-001       
1.732482e+003       7.954491e-001       
1.738162e+003       7.842384e-001       
1.743843e+003       7.689052e-001       
1.749523e+003       7.542228e-001       
1.755203e+003       7.399745e-001       
1.760884e+003       7.278236e-001       
1.766564e+003       7.127073e-001       
1.772244e+003       6.982419e-001       
1.777924e+003       6.869590e-001       
1.783605e+003       6.740125e-001       
1.789285e+003       6.651163e-001       
1.794965e+003       6.561478e-001       
1.800646e+003       6.483365e-001       
1.806326e+003       6.425504e-001       
1.812006e+003       6.380662e-001       
1.817687e+003       6.370535e-001       
1.823367e+003       6.369089e-001       
1.829047e+003       6.384278e-001       
1.834727e+003       6.405976e-001       
1.840408e+003       6.445755e-001       
1.846088e+003       6.495661e-001       
1.851768e+003       6.549183e-001       
1.857449e+003       6.622233e-001       
1.863129e+003       6.727830e-001       
1.868809e+003       6.802326e-001       
1.874490e+003       6.927451e-001       
1.880170e+003       7.038835e-001       
1.885850e+003       7.168300e-001       
1.891530e+003       7.310060e-001       
1.897211e+003       7.438078e-001       
1.902891e+003       7.584178e-001       
1.908571e+003       7.728831e-001       
1.914252e+003       7.846000e-001       
1.919932e+003       7.967509e-001       
1.925612e+003       8.063704e-001       
1.931292e+003       8.166408e-001       
1.936973e+003       8.282130e-001       
1.942653e+003       8.358797e-001       
1.948333e+003       8.422444e-001       
1.954014e+003       8.486091e-001       
1.959694e+003       8.539613e-001       
1.965374e+003       8.558418e-001       
1.971055e+003       8.562758e-001       
1.976735e+003       8.548293e-001       
1.982415e+003       8.512853e-001       
1.988095e+003       8.458608e-001       
1.993776e+003       8.373262e-001       
1.999456e+003       8.327696e-001       
2.005136e+003       8.220653e-001       
2.010817e+003       8.110716e-001       
2.016497e+003       8.002226e-001       
2.022177e+003       7.864082e-001       
2.027858e+003       7.749806e-001       
2.033538e+003       7.625404e-001       
2.039218e+003       7.482920e-001       
2.044898e+003       7.357795e-001       
2.050579e+003       7.249305e-001       
2.056259e+003       7.133582e-001       
2.061939e+003       7.038111e-001       
2.067619e+003       6.936854e-001       
2.073299e+003       6.844276e-001       
2.078979e+003       6.771949e-001       
2.084660e+003       6.689497e-001       
2.090340e+003       6.648270e-001       
2.096020e+003       6.634528e-001       
2.101700e+003       6.606321e-001       
2.107380e+003       6.604874e-001       
2.113061e+003       6.601258e-001       
2.118741e+003       6.611384e-001       
2.124421e+003       6.663459e-001       
2.130101e+003       6.677924e-001       
2.135781e+003       6.743742e-001       
2.141461e+003       6.786414e-001       
2.147142e+003       6.864527e-001       
2.152822e+003       6.938300e-001       
2.158502e+003       7.029432e-001       
2.164182e+003       7.103205e-001       
2.169862e+003       7.223268e-001       
2.175542e+003       7.326695e-001       
2.181223e+003       7.425782e-001       
2.186903e+003       7.533549e-001       
2.192583e+003       7.616725e-001       
2.198263e+003       7.732447e-001       
2.203943e+003       7.829365e-001       
2.209624e+003       7.911094e-001       
2.215304e+003       8.003672e-001       
2.220984e+003       8.060088e-001       
2.226664e+003       8.146880e-001       
2.232344e+003       8.205464e-001       
2.238024e+003       8.251030e-001       
2.243705e+003       8.278514e-001       
2.249385e+003       8.294426e-001       
2.255065e+003       8.289363e-001       
2.260745e+003       8.302382e-001       
2.266425e+003       8.279237e-001       
2.272105e+003       8.245244e-001       
2.277786e+003       8.214144e-001       
2.283466e+003       8.172917e-001       
2.289146e+003       8.116502e-001       
2.294826e+003       8.027540e-001       
2.300506e+003       7.957383e-001       
2.306187e+003       7.874208e-001       
2.311867e+003       7.783076e-001       
2.317547e+003       7.669523e-001       
2.323227e+003       7.587794e-001       
2.328907e+003       7.490153e-001       
2.334587e+003       7.386726e-001       
2.340268e+003       7.263047e-001       
2.345948e+003       7.182764e-001       
2.351628e+003       7.099589e-001       
2.357308e+003       7.014967e-001       
2.362988e+003       6.931791e-001       
2.368668e+003       6.839936e-001       
2.374349e+003       6.798710e-001       
2.380029e+003       6.772672e-001       
2.385709e+003       6.712641e-001       
2.391389e+003       6.711195e-001       
2.397069e+003       6.709748e-001       
2.402750e+003       6.719151e-001       
2.408430e+003       6.716981e-001       
2.414110e+003       6.724213e-001       
2.419790e+003       6.781352e-001       
2.425470e+003       6.814622e-001       
2.431150e+003       6.861634e-001       
2.436831e+003       6.944087e-001       
2.442511e+003       7.002671e-001       
2.448191e+003       7.080061e-001       
2.453871e+003       7.170469e-001       
2.459551e+003       7.273173e-001       
2.465231e+003       7.386003e-001       
2.470912e+003       7.489430e-001       
2.476592e+003       7.589241e-001       
2.482272e+003       7.702070e-001       
2.487952e+003       7.791032e-001       
2.493632e+003       7.907478e-001       
2.499313e+003       7.987037e-001       
2.504993e+003       8.056471e-001       
2.510673e+003       8.151219e-001       
2.516353e+003       8.221376e-001       
2.522033e+003       8.274898e-001       
2.527713e+003       8.324803e-001       
2.533394e+003       8.357350e-001       
2.539074e+003       8.369645e-001       
2.544754e+003       8.373985e-001       
2.550434e+003       8.362413e-001       
2.556114e+003       8.348671e-001       
2.561794e+003       8.313954e-001       
2.567475e+003       8.260432e-001       
2.573155e+003       8.211973e-001       
2.578835e+003       8.142540e-001       
2.584515e+003       8.041282e-001       
2.590195e+003       7.960277e-001       
2.595875e+003       7.851064e-001       
2.601556e+003       7.734618e-001       
2.607236e+003       7.626851e-001       
2.612916e+003       7.502449e-001       
2.618596e+003       7.400468e-001       
2.624276e+003       7.294871e-001       
2.629957e+003       7.192891e-001       
2.635637e+003       7.083677e-001       
2.641317e+003       6.998332e-001       
2.646997e+003       6.902860e-001       
2.652677e+003       6.838490e-001       
2.658357e+003       6.790031e-001       
2.664038e+003       6.711195e-001       
2.669718e+003       6.696006e-001       
2.675398e+003       6.685157e-001       
2.681078e+003       6.655503e-001       
2.686758e+003       6.668522e-001       
2.692438e+003       6.682264e-001       
2.698119e+003       6.692390e-001       
2.703799e+003       6.722044e-001       
2.709479e+003       6.771226e-001       
2.715159e+003       6.821131e-001       
2.720839e+003       6.876099e-001       
2.726520e+003       6.924558e-001       
2.732200e+003       6.996885e-001       
2.737880e+003       7.080061e-001       
2.743560e+003       7.163236e-001       
2.749240e+003       7.255091e-001       
2.754920e+003       7.332481e-001       
2.760601e+003       7.447481e-001       
2.766281e+003       7.506065e-001       
2.771961e+003       7.621788e-001       
2.777641e+003       7.693391e-001       
2.783321e+003       7.799711e-001       
2.789001e+003       7.908925e-001       
2.794682e+003       7.994270e-001       
2.800362e+003       8.068044e-001       
2.806042e+003       8.144709e-001       
2.811722e+003       8.205464e-001       
2.817402e+003       8.234395e-001       
2.823083e+003       8.305998e-001       
2.828763e+003       8.334929e-001       
2.834443e+003       8.363860e-001       
2.840123e+003       8.355181e-001       
2.845803e+003       8.351564e-001       
2.851483e+003       8.324803e-001       
2.857164e+003       8.308891e-001       
2.862844e+003       8.249583e-001       
2.868524e+003       8.212697e-001       
2.874204e+003       8.141817e-001       
2.879884e+003       8.042006e-001       
2.885564e+003       7.957383e-001       
2.891245e+003       7.861912e-001       
2.896925e+003       7.755592e-001       
2.902605e+003       7.641316e-001       
