Calculated Z (nm)   Deflection (V)      
Extend Data
0.000000e+000       7.501002e-001       
5.680259e+000       7.614555e-001       
1.136052e+001       7.704240e-001       
1.704078e+001       7.798988e-001       
2.272104e+001       7.882887e-001       
2.840129e+001       7.963170e-001       
3.408155e+001       8.048515e-001       
3.976181e+001       8.102760e-001       
4.544207e+001       8.188829e-001       
5.112233e+001       8.221376e-001       
5.680259e+001       8.269112e-001       
6.248285e+001       8.298042e-001       
6.816311e+001       8.321187e-001       
7.384337e+001       8.337099e-001       
7.952363e+001       8.349394e-001       
8.520389e+001       8.351564e-001       
9.088415e+001       8.293703e-001       
9.656441e+001       8.277068e-001       
1.022447e+002       8.240904e-001       
1.079249e+002       8.190275e-001       
1.136052e+002       8.147603e-001       
1.192854e+002       8.076000e-001       
1.249657e+002       8.003672e-001       
1.306460e+002       7.922667e-001       
1.363262e+002       7.831535e-001       
1.420065e+002       7.746190e-001       
1.476867e+002       7.644932e-001       
1.533670e+002       7.563203e-001       
1.590472e+002       7.465562e-001       
1.647275e+002       7.387449e-001       
1.704077e+002       7.284745e-001       
1.760880e+002       7.196507e-001       
1.817682e+002       7.126350e-001       
1.874485e+002       7.054023e-001       
1.931287e+002       6.983866e-001       
1.988090e+002       6.894904e-001       
2.044892e+002       6.852232e-001       
2.101695e+002       6.803049e-001       
2.158497e+002       6.763270e-001       
2.215300e+002       6.709025e-001       
2.272103e+002       6.676478e-001       
2.328905e+002       6.641037e-001       
2.385708e+002       6.654056e-001       
2.442510e+002       6.617893e-001       
2.499313e+002       6.628742e-001       
2.556115e+002       6.635252e-001       
2.612918e+002       6.635975e-001       
2.669720e+002       6.699622e-001       
2.726523e+002       6.731446e-001       
2.783326e+002       6.779181e-001       
2.840128e+002       6.853678e-001       
2.896931e+002       6.937577e-001       
2.953734e+002       7.019306e-001       
3.010536e+002       7.142262e-001       
3.067339e+002       7.231224e-001       
3.124142e+002       7.349116e-001       
3.180945e+002       7.448927e-001       
3.237747e+002       7.565373e-001       
3.294550e+002       7.664461e-001       
3.351353e+002       7.764271e-001       
3.408155e+002       7.877101e-001       
3.464958e+002       7.960277e-001       
3.521761e+002       8.063704e-001       
3.578563e+002       8.127351e-001       
3.635366e+002       8.181596e-001       
3.692169e+002       8.249583e-001       
3.748971e+002       8.294426e-001       
3.805774e+002       8.337099e-001       
3.862577e+002       8.336375e-001       
3.919379e+002       8.348671e-001       
3.976182e+002       8.352287e-001       
4.032985e+002       8.305998e-001       
4.089787e+002       8.305275e-001       
4.146590e+002       8.257539e-001       
4.203393e+002       8.193169e-001       
4.260195e+002       8.129521e-001       
4.316998e+002       8.055025e-001       
4.373801e+002       7.962446e-001       
4.430603e+002       7.878547e-001       
4.487406e+002       7.801881e-001       
4.544209e+002       7.699177e-001       
4.601011e+002       7.608769e-001       
4.657814e+002       7.508958e-001       
4.714617e+002       7.417827e-001       
4.771419e+002       7.317292e-001       
4.828222e+002       7.212418e-001       
4.885025e+002       7.144431e-001       
4.941827e+002       7.054746e-001       
4.998630e+002       6.975910e-001       
5.055433e+002       6.879716e-001       
5.112235e+002       6.824747e-001       
5.169038e+002       6.787861e-001       
5.225840e+002       6.734339e-001       
5.282643e+002       6.700345e-001       
5.339445e+002       6.667799e-001       
5.396248e+002       6.614277e-001       
5.453050e+002       6.636698e-001       
5.509852e+002       6.649717e-001       
5.566655e+002       6.647547e-001       
5.623457e+002       6.667799e-001       
5.680259e+002       6.703238e-001       
5.737062e+002       6.753144e-001       
5.793864e+002       6.820408e-001       
5.850667e+002       6.897798e-001       
5.907469e+002       6.971571e-001       
5.964271e+002       7.063426e-001       
6.021074e+002       7.140092e-001       
6.077876e+002       7.221098e-001       
6.134678e+002       7.332481e-001       
6.191481e+002       7.440971e-001       
6.248283e+002       7.529933e-001       
6.305085e+002       7.626127e-001       
6.361888e+002       7.712919e-001       
6.418690e+002       7.791032e-001       
6.475493e+002       7.876378e-001       
6.532295e+002       7.976912e-001       
6.589097e+002       8.047792e-001       
6.645900e+002       8.107823e-001       
6.702702e+002       8.188106e-001       
6.759504e+002       8.209804e-001       
6.816307e+002       8.262602e-001       
6.873109e+002       8.291533e-001       
6.929911e+002       8.294426e-001       
6.986714e+002       8.300212e-001       
7.043516e+002       8.284300e-001       
7.100319e+002       8.261155e-001       
7.157121e+002       8.235118e-001       
7.213923e+002       8.188106e-001       
7.270726e+002       8.150496e-001       
7.327528e+002       8.095527e-001       
7.384330e+002       8.020308e-001       
7.441133e+002       7.936409e-001       
7.497935e+002       7.831535e-001       
7.554738e+002       7.749082e-001       
7.611540e+002       7.639146e-001       
7.668342e+002       7.548015e-001       
7.725145e+002       7.435185e-001       
7.781947e+002       7.348393e-001       
7.838749e+002       7.238456e-001       
7.895552e+002       7.142985e-001       
7.952354e+002       7.038111e-001       
8.009156e+002       6.963615e-001       
8.065959e+002       6.870313e-001       
8.122761e+002       6.797987e-001       
8.179564e+002       6.728553e-001       
8.236366e+002       6.685157e-001       
8.293168e+002       6.635252e-001       
8.349971e+002       6.594748e-001       
8.406773e+002       6.575944e-001       
8.463575e+002       6.560032e-001       
8.520378e+002       6.536887e-001       
8.577180e+002       6.531824e-001       
8.633983e+002       6.556416e-001       
8.690785e+002       6.599088e-001       
8.747587e+002       6.639591e-001       
8.804390e+002       6.693836e-001       
8.861192e+002       6.771949e-001       
8.917994e+002       6.856571e-001       
8.974797e+002       6.947703e-001       
9.031599e+002       7.025092e-001       
9.088401e+002       7.140092e-001       
9.145204e+002       7.242072e-001       
9.202006e+002       7.362858e-001       
9.258809e+002       7.478581e-001       
9.315611e+002       7.597920e-001       
9.372413e+002       7.729554e-001       
9.429216e+002       7.840937e-001       
9.486018e+002       7.961723e-001       
9.542820e+002       8.071660e-001       
9.599623e+002       8.170747e-001       
9.656425e+002       8.254646e-001       
9.713228e+002       8.344331e-001       
9.770030e+002       8.413042e-001       
9.826832e+002       8.475966e-001       
9.883635e+002       8.502004e-001       
9.940437e+002       8.517916e-001       
9.997239e+002       8.530211e-001       
1.005404e+003       8.518639e-001       
1.011084e+003       8.512853e-001       
1.016765e+003       8.455715e-001       
1.022445e+003       8.425337e-001       
1.028125e+003       8.387727e-001       
1.033805e+003       8.287193e-001       
1.039486e+003       8.206910e-001       
1.045166e+003       8.087572e-001       
1.050846e+003       7.982698e-001       
1.056527e+003       7.860466e-001       
1.062207e+003       7.728831e-001       
1.067887e+003       7.604429e-001       
1.073568e+003       7.477857e-001       
1.079248e+003       7.337544e-001       
1.084928e+003       7.206632e-001       
1.090608e+003       7.078614e-001       
1.096289e+003       6.965061e-001       
1.101969e+003       6.845722e-001       
1.107649e+003       6.723490e-001       
1.113330e+003       6.620063e-001       
1.119010e+003       6.556416e-001       
1.124690e+003       6.475409e-001       
1.130370e+003       6.439246e-001       
1.136051e+003       6.393681e-001       
1.141731e+003       6.349561e-001       
1.147411e+003       6.322800e-001       
1.153092e+003       6.295316e-001       
1.158772e+003       6.317737e-001       
1.164452e+003       6.361856e-001       
1.170133e+003       6.398743e-001       
1.175813e+003       6.448649e-001       
1.181493e+003       6.505063e-001       
1.187173e+003       6.587516e-001       
1.192854e+003       6.673585e-001       
1.198534e+003       6.785691e-001       
1.204214e+003       6.892735e-001       
1.209895e+003       7.028708e-001       
1.215575e+003       7.141538e-001       
1.221255e+003       7.274619e-001       
1.226936e+003       7.401915e-001       
1.232616e+003       7.541505e-001       
1.238296e+003       7.698454e-001       
1.243976e+003       7.835875e-001       
1.249657e+003       7.963893e-001       
1.255337e+003       8.068767e-001       
1.261017e+003       8.175087e-001       
1.266698e+003       8.272728e-001       
1.272378e+003       8.381941e-001       
1.278058e+003       8.445589e-001       
1.283739e+003       8.517916e-001       
1.289419e+003       8.546846e-001       
1.295099e+003       8.579393e-001       
1.300779e+003       8.624236e-001       
1.306460e+003       8.598198e-001       
1.312140e+003       8.609771e-001       
1.317820e+003       8.546846e-001       
1.323501e+003       8.481752e-001       
1.329181e+003       8.454268e-001       
1.334861e+003       8.361690e-001       
1.340542e+003       8.284300e-001       
1.346222e+003       8.170024e-001       
1.351902e+003       8.037666e-001       
1.357582e+003       7.903862e-001       
1.363263e+003       7.768611e-001       
1.368943e+003       7.631190e-001       
1.374623e+003       7.472795e-001       
1.380304e+003       7.308613e-001       
1.385984e+003       7.161790e-001       
1.391664e+003       7.017136e-001       
1.397344e+003       6.889118e-001       
1.403025e+003       6.725660e-001       
1.408705e+003       6.612830e-001       
1.414385e+003       6.490598e-001       
1.420066e+003       6.408869e-001       
1.425746e+003       6.333649e-001       
1.431426e+003       6.258429e-001       
1.437107e+003       6.227329e-001       
1.442787e+003       6.209247e-001       
1.448467e+003       6.186826e-001       
1.454147e+003       6.188996e-001       
1.459828e+003       6.249027e-001       
1.465508e+003       6.314121e-001       
1.471188e+003       6.413208e-001       
1.476869e+003       6.497831e-001       
1.482549e+003       6.609214e-001       
1.488229e+003       6.746635e-001       
1.493910e+003       6.895627e-001       
1.499590e+003       7.052577e-001       
1.505270e+003       7.201570e-001       
1.510950e+003       7.356349e-001       
1.516631e+003       7.528486e-001       
1.522311e+003       7.680373e-001       
1.527991e+003       7.859019e-001       
1.533672e+003       7.981974e-001       
1.539352e+003       8.112886e-001       
1.545032e+003       8.217036e-001       
1.550713e+003       8.337099e-001       
1.556393e+003       8.428230e-001       
1.562073e+003       8.496218e-001       
1.567753e+003       8.525148e-001       
1.573434e+003       8.574330e-001       
1.579114e+003       8.598198e-001       
1.584794e+003       8.569267e-001       
1.590475e+003       8.542507e-001       
1.596155e+003       8.509237e-001       
1.601835e+003       8.428954e-001       
1.607516e+003       8.355904e-001       
1.613196e+003       8.279237e-001       
1.618876e+003       8.191722e-001       
1.624556e+003       8.081785e-001       
1.630237e+003       7.955214e-001       
1.635917e+003       7.856849e-001       
1.641597e+003       7.725215e-001       
1.647278e+003       7.542952e-001       
1.652958e+003       7.411317e-001       
1.658638e+003       7.274619e-001       
1.664318e+003       7.132859e-001       
1.669999e+003       7.004117e-001       
1.675679e+003       6.873206e-001       
1.681359e+003       6.766886e-001       
1.687040e+003       6.622956e-001       
1.692720e+003       6.518806e-001       
1.698400e+003       6.443586e-001       
1.704081e+003       6.353900e-001       
1.709761e+003       6.287360e-001       
1.715441e+003       6.244687e-001       
1.721121e+003       6.205631e-001       
1.726802e+003       6.194059e-001       
1.732482e+003       6.196228e-001       
1.738162e+003       6.252643e-001       
1.743843e+003       6.307611e-001       
1.749523e+003       6.413932e-001       
1.755203e+003       6.537610e-001       
1.760884e+003       6.648993e-001       
1.766564e+003       6.811005e-001       
1.772244e+003       6.975187e-001       
1.777924e+003       7.141538e-001       
1.783605e+003       7.331758e-001       
1.789285e+003       7.158897e-001       
1.794965e+003       8.469456e-001       
1.800646e+003       1.131551e+000       
1.806326e+003       1.418688e+000       
1.812006e+003       1.715083e+000       
1.817687e+003       2.010899e+000       
1.823367e+003       2.281329e+000       
1.829047e+003       2.369784e+000       
1.834727e+003       2.369784e+000       
1.840408e+003       2.369784e+000       
1.846088e+003       2.369784e+000       
1.851768e+003       2.369784e+000       
1.857449e+003       2.369784e+000       
1.863129e+003       2.369784e+000       
1.868809e+003       2.369784e+000       
1.874490e+003       2.369784e+000       
1.880170e+003       2.369784e+000       
1.885850e+003       2.369784e+000       
1.891530e+003       2.369784e+000       
1.897211e+003       2.369784e+000       
1.902891e+003       2.369784e+000       
1.908571e+003       2.369784e+000       
1.914252e+003       2.369784e+000       
1.919932e+003       2.369784e+000       
1.925612e+003       2.369784e+000       
1.931292e+003       2.369784e+000       
1.936973e+003       2.369784e+000       
1.942653e+003       2.369784e+000       
1.948333e+003       2.369784e+000       
1.954014e+003       2.369784e+000       
1.959694e+003       2.369784e+000       
1.965374e+003       2.369784e+000       
1.971055e+003       2.369784e+000       
1.976735e+003       2.369784e+000       
1.982415e+003       2.369784e+000       
1.988095e+003       2.369784e+000       
1.993776e+003       2.369784e+000       
1.999456e+003       2.369784e+000       
2.005136e+003       2.369784e+000       
2.010817e+003       2.369784e+000       
2.016497e+003       2.369784e+000       
2.022177e+003       2.369784e+000       
2.027858e+003       2.369784e+000       
2.033538e+003       2.369784e+000       
2.039218e+003       2.369784e+000       
2.044898e+003       2.369784e+000       
2.050579e+003       2.369784e+000       
2.056259e+003       2.369784e+000       
2.061939e+003       2.369784e+000       
2.067619e+003       2.369784e+000       
2.073299e+003       2.369784e+000       
2.078979e+003       2.369784e+000       
2.084660e+003       2.369784e+000       
2.090340e+003       2.369784e+000       
2.096020e+003       2.369784e+000       
2.101700e+003       2.369784e+000       
2.107380e+003       2.369784e+000       
2.113061e+003       2.369784e+000       
2.118741e+003       2.369784e+000       
2.124421e+003       2.369784e+000       
2.130101e+003       2.369784e+000       
2.135781e+003       2.369784e+000       
2.141461e+003       2.369784e+000       
2.147142e+003       2.369784e+000       
2.152822e+003       2.369784e+000       
2.158502e+003       2.369784e+000       
2.164182e+003       2.369784e+000       
2.169862e+003       2.369784e+000       
2.175542e+003       2.369784e+000       
2.181223e+003       2.369784e+000       
2.186903e+003       2.369784e+000       
2.192583e+003       2.369784e+000       
2.198263e+003       2.369784e+000       
2.203943e+003       2.369784e+000       
2.209624e+003       2.369784e+000       
2.215304e+003       2.369784e+000       
2.220984e+003       2.369784e+000       
2.226664e+003       2.369784e+000       
2.232344e+003       2.369784e+000       
2.238024e+003       2.369784e+000       
2.243705e+003       2.369784e+000       
2.249385e+003       2.369784e+000       
2.255065e+003       2.369784e+000       
2.260745e+003       2.369784e+000       
2.266425e+003       2.369784e+000       
2.272105e+003       2.369784e+000       
2.277786e+003       2.369784e+000       
2.283466e+003       2.369784e+000       
2.289146e+003       2.369784e+000       
2.294826e+003       2.369784e+000       
2.300506e+003       2.369784e+000       
2.306187e+003       2.369784e+000       
2.311867e+003       2.369784e+000       
2.317547e+003       2.369784e+000       
2.323227e+003       2.369784e+000       
2.328907e+003       2.369784e+000       
2.334587e+003       2.369784e+000       
2.340268e+003       2.369784e+000       
2.345948e+003       2.369784e+000       
2.351628e+003       2.369784e+000       
2.357308e+003       2.369784e+000       
2.362988e+003       2.369784e+000       
2.368668e+003       2.369784e+000       
2.374349e+003       2.369784e+000       
2.380029e+003       2.369784e+000       
2.385709e+003       2.369784e+000       
2.391389e+003       2.369784e+000       
2.397069e+003       2.369784e+000       
2.402750e+003       2.369784e+000       
2.408430e+003       2.369784e+000       
2.414110e+003       2.369784e+000       
2.419790e+003       2.369784e+000       
2.425470e+003       2.369784e+000       
2.431150e+003       2.369784e+000       
2.436831e+003       2.369784e+000       
2.442511e+003       2.369784e+000       
2.448191e+003       2.369784e+000       
2.453871e+003       2.369784e+000       
2.459551e+003       2.369784e+000       
2.465231e+003       2.369784e+000       
2.470912e+003       2.369784e+000       
2.476592e+003       2.369784e+000       
2.482272e+003       2.369784e+000       
2.487952e+003       2.369784e+000       
2.493632e+003       2.369784e+000       
2.499313e+003       2.369784e+000       
2.504993e+003       2.369784e+000       
2.510673e+003       2.369784e+000       
2.516353e+003       2.369784e+000       
2.522033e+003       2.369784e+000       
2.527713e+003       2.369784e+000       
2.533394e+003       2.369784e+000       
2.539074e+003       2.369784e+000       
2.544754e+003       2.369784e+000       
2.550434e+003       2.369784e+000       
2.556114e+003       2.369784e+000       
2.561794e+003       2.369784e+000       
2.567475e+003       2.369784e+000       
2.573155e+003       2.369784e+000       
2.578835e+003       2.369784e+000       
2.584515e+003       2.369784e+000       
2.590195e+003       2.369784e+000       
2.595875e+003       2.369784e+000       
2.601556e+003       2.369784e+000       
2.607236e+003       2.369784e+000       
2.612916e+003       2.369784e+000       
2.618596e+003       2.369784e+000       
2.624276e+003       2.369784e+000       
2.629957e+003       2.369784e+000       
2.635637e+003       2.369784e+000       
2.641317e+003       2.369784e+000       
2.646997e+003       2.369784e+000       
2.652677e+003       2.369784e+000       
2.658357e+003       2.369784e+000       
2.664038e+003       2.369784e+000       
2.669718e+003       2.369784e+000       
2.675398e+003       2.369784e+000       
2.681078e+003       2.369784e+000       
2.686758e+003       2.369784e+000       
2.692438e+003       2.369784e+000       
2.698119e+003       2.369784e+000       
2.703799e+003       2.369784e+000       
2.709479e+003       2.369784e+000       
2.715159e+003       2.369784e+000       
2.720839e+003       2.369784e+000       
2.726520e+003       2.369784e+000       
2.732200e+003       2.369784e+000       
2.737880e+003       2.369784e+000       
2.743560e+003       2.369784e+000       
2.749240e+003       2.369784e+000       
2.754920e+003       2.369784e+000       
2.760601e+003       2.369784e+000       
2.766281e+003       2.369784e+000       
2.771961e+003       2.369784e+000       
2.777641e+003       2.369784e+000       
2.783321e+003       2.369784e+000       
2.789001e+003       2.369784e+000       
2.794682e+003       2.369784e+000       
2.800362e+003       2.369784e+000       
2.806042e+003       2.369784e+000       
2.811722e+003       2.369784e+000       
2.817402e+003       2.369784e+000       
2.823083e+003       2.369784e+000       
2.828763e+003       2.369784e+000       
2.834443e+003       2.369784e+000       
2.840123e+003       2.369784e+000       
2.845803e+003       2.369784e+000       
2.851483e+003       2.369784e+000       
2.857164e+003       2.369784e+000       
2.862844e+003       2.369784e+000       
2.868524e+003       2.369784e+000       
2.874204e+003       2.369784e+000       
2.879884e+003       2.369784e+000       
2.885564e+003       2.369784e+000       
2.891245e+003       2.369784e+000       
2.896925e+003       2.369784e+000       
2.902605e+003       2.369784e+000       

Retract Data
0.000000e+000       2.369784e+000       
5.680259e+000       2.369784e+000       
1.136052e+001       2.369784e+000       
1.704078e+001       2.369784e+000       
2.272104e+001       2.369784e+000       
2.840129e+001       2.369784e+000       
3.408155e+001       2.369784e+000       
3.976181e+001       2.369784e+000       
4.544207e+001       2.369784e+000       
5.112233e+001       2.369784e+000       
5.680259e+001       2.369784e+000       
6.248285e+001       2.369784e+000       
6.816311e+001       2.369784e+000       
7.384337e+001       2.369784e+000       
7.952363e+001       2.369784e+000       
8.520389e+001       2.369784e+000       
9.088415e+001       2.369784e+000       
9.656441e+001       2.369784e+000       
1.022447e+002       2.369784e+000       
1.079249e+002       2.369784e+000       
1.136052e+002       2.369784e+000       
1.192854e+002       2.369784e+000       
1.249657e+002       2.369784e+000       
1.306460e+002       2.369784e+000       
1.363262e+002       2.369784e+000       
1.420065e+002       2.369784e+000       
1.476867e+002       2.369784e+000       
1.533670e+002       2.369784e+000       
1.590472e+002       2.369784e+000       
1.647275e+002       2.369784e+000       
1.704077e+002       2.369784e+000       
1.760880e+002       2.369784e+000       
1.817682e+002       2.369784e+000       
1.874485e+002       2.369784e+000       
1.931287e+002       2.369784e+000       
1.988090e+002       2.369784e+000       
2.044892e+002       2.369784e+000       
2.101695e+002       2.369784e+000       
2.158497e+002       2.369784e+000       
2.215300e+002       2.369784e+000       
2.272103e+002       2.369784e+000       
2.328905e+002       2.369784e+000       
2.385708e+002       2.369784e+000       
2.442510e+002       2.369784e+000       
2.499313e+002       2.369784e+000       
2.556115e+002       2.369784e+000       
2.612918e+002       2.369784e+000       
2.669720e+002       2.369784e+000       
2.726523e+002       2.369784e+000       
2.783326e+002       2.369784e+000       
2.840128e+002       2.369784e+000       
2.896931e+002       2.369784e+000       
2.953734e+002       2.369784e+000       
3.010536e+002       2.369784e+000       
3.067339e+002       2.369784e+000       
3.124142e+002       2.369784e+000       
3.180945e+002       2.369784e+000       
3.237747e+002       2.369784e+000       
3.294550e+002       2.369784e+000       
3.351353e+002       2.369784e+000       
3.408155e+002       2.369784e+000       
3.464958e+002       2.369784e+000       
3.521761e+002       2.369784e+000       
3.578563e+002       2.369784e+000       
3.635366e+002       2.369784e+000       
3.692169e+002       2.369784e+000       
3.748971e+002       2.369784e+000       
3.805774e+002       2.369784e+000       
3.862577e+002       2.369784e+000       
3.919379e+002       2.369784e+000       
3.976182e+002       2.369784e+000       
4.032985e+002       2.369784e+000       
4.089787e+002       2.369784e+000       
4.146590e+002       2.369784e+000       
4.203393e+002       2.369784e+000       
4.260195e+002       2.369784e+000       
4.316998e+002       2.369784e+000       
4.373801e+002       2.369784e+000       
4.430603e+002       2.369784e+000       
4.487406e+002       2.369784e+000       
4.544209e+002       2.369784e+000       
4.601011e+002       2.369784e+000       
4.657814e+002       2.369784e+000       
4.714617e+002       2.369784e+000       
4.771419e+002       2.369784e+000       
4.828222e+002       2.369784e+000       
4.885025e+002       2.369784e+000       
4.941827e+002       2.369784e+000       
4.998630e+002       2.369784e+000       
5.055433e+002       2.369784e+000       
5.112235e+002       2.369784e+000       
5.169038e+002       2.369784e+000       
5.225840e+002       2.369784e+000       
5.282643e+002       2.369784e+000       
5.339445e+002       2.369784e+000       
5.396248e+002       2.369784e+000       
5.453050e+002       2.369784e+000       
5.509852e+002       2.369784e+000       
5.566655e+002       2.369784e+000       
5.623457e+002       2.369784e+000       
5.680259e+002       2.369784e+000       
5.737062e+002       2.369784e+000       
5.793864e+002       2.369784e+000       
5.850667e+002       2.369784e+000       
5.907469e+002       2.369784e+000       
5.964271e+002       2.369784e+000       
6.021074e+002       2.369784e+000       
6.077876e+002       2.369784e+000       
6.134678e+002       2.369784e+000       
6.191481e+002       2.369784e+000       
6.248283e+002       2.369784e+000       
6.305085e+002       2.369784e+000       
6.361888e+002       2.369784e+000       
6.418690e+002       2.369784e+000       
6.475493e+002       2.369784e+000       
6.532295e+002       2.369784e+000       
6.589097e+002       2.369784e+000       
6.645900e+002       2.369784e+000       
6.702702e+002       2.369784e+000       
6.759504e+002       2.369784e+000       
6.816307e+002       2.369784e+000       
6.873109e+002       2.369784e+000       
6.929911e+002       2.369784e+000       
6.986714e+002       2.369784e+000       
7.043516e+002       2.369784e+000       
7.100319e+002       2.369784e+000       
7.157121e+002       2.369784e+000       
7.213923e+002       2.369784e+000       
7.270726e+002       2.369784e+000       
7.327528e+002       2.369784e+000       
7.384330e+002       2.369784e+000       
7.441133e+002       2.369784e+000       
7.497935e+002       2.369784e+000       
7.554738e+002       2.369784e+000       
7.611540e+002       2.369784e+000       
7.668342e+002       2.369784e+000       
7.725145e+002       2.369784e+000       
7.781947e+002       2.369784e+000       
7.838749e+002       2.369784e+000       
7.895552e+002       2.369784e+000       
7.952354e+002       2.369784e+000       
8.009156e+002       2.369784e+000       
8.065959e+002       2.369784e+000       
8.122761e+002       2.369784e+000       
8.179564e+002       2.369784e+000       
8.236366e+002       2.369784e+000       
8.293168e+002       2.369784e+000       
8.349971e+002       2.369784e+000       
8.406773e+002       2.369784e+000       
8.463575e+002       2.369784e+000       
8.520378e+002       2.369784e+000       
8.577180e+002       2.369784e+000       
8.633983e+002       2.369784e+000       
8.690785e+002       2.369784e+000       
8.747587e+002       2.369784e+000       
8.804390e+002       2.369784e+000       
8.861192e+002       2.369784e+000       
8.917994e+002       2.369784e+000       
8.974797e+002       2.369784e+000       
9.031599e+002       2.369784e+000       
9.088401e+002       2.369784e+000       
9.145204e+002       2.369784e+000       
9.202006e+002       2.369784e+000       
9.258809e+002       2.369784e+000       
9.315611e+002       2.369784e+000       
9.372413e+002       2.369784e+000       
9.429216e+002       2.369784e+000       
9.486018e+002       2.369784e+000       
9.542820e+002       2.369784e+000       
9.599623e+002       2.369784e+000       
9.656425e+002       2.369784e+000       
9.713228e+002       2.369784e+000       
9.770030e+002       2.369784e+000       
9.826832e+002       2.369784e+000       
9.883635e+002       2.369784e+000       
9.940437e+002       2.369784e+000       
9.997239e+002       2.369784e+000       
1.005404e+003       2.369784e+000       
1.011084e+003       2.369784e+000       
1.016765e+003       2.369784e+000       
1.022445e+003       2.369784e+000       
1.028125e+003       2.369784e+000       
1.033805e+003       2.369784e+000       
1.039486e+003       2.369784e+000       
1.045166e+003       2.369784e+000       
1.050846e+003       2.369784e+000       
1.056527e+003       2.369784e+000       
1.062207e+003       2.369784e+000       
1.067887e+003       2.369784e+000       
1.073568e+003       2.369784e+000       
1.079248e+003       2.369784e+000       
1.084928e+003       2.369784e+000       
1.090608e+003       2.369784e+000       
1.096289e+003       2.369784e+000       
1.101969e+003       2.369784e+000       
1.107649e+003       2.369784e+000       
1.113330e+003       2.369784e+000       
1.119010e+003       2.369784e+000       
1.124690e+003       2.369784e+000       
1.130370e+003       2.369784e+000       
1.136051e+003       2.369784e+000       
1.141731e+003       2.369784e+000       
1.147411e+003       2.369784e+000       
1.153092e+003       2.369784e+000       
1.158772e+003       2.369784e+000       
1.164452e+003       2.369784e+000       
1.170133e+003       2.369784e+000       
1.175813e+003       2.357995e+000       
1.181493e+003       2.166329e+000       
1.187173e+003       1.859809e+000       
1.192854e+003       1.548659e+000       
1.198534e+003       1.233532e+000       
1.204214e+003       9.131969e-001       
1.209895e+003       5.935129e-001       
1.215575e+003       2.825081e-001       
1.221255e+003       -2.263826e-002      
1.226936e+003       -3.283632e-001      
1.232616e+003       -6.425504e-001      
1.238296e+003       -2.678258e-001      
1.243976e+003       6.727830e-001       
1.249657e+003       6.520252e-001       
1.255337e+003       6.421164e-001       
1.261017e+003       6.330033e-001       
1.266698e+003       6.273618e-001       
1.272378e+003       6.224436e-001       
1.278058e+003       6.196952e-001       
1.283739e+003       6.192612e-001       
1.289419e+003       6.236008e-001       
1.295099e+003       6.289530e-001       
1.300779e+003       6.352454e-001       
1.306460e+003       6.465284e-001       
1.312140e+003       6.577390e-001       
1.317820e+003       6.698899e-001       
1.323501e+003       6.825471e-001       
1.329181e+003       6.929621e-001       
1.334861e+003       7.088740e-001       
1.340542e+003       7.214589e-001       
1.346222e+003       7.378770e-001       
1.351902e+003       7.524146e-001       
1.357582e+003       7.657228e-001       
1.363263e+003       7.800435e-001       
1.368943e+003       7.918327e-001       
1.374623e+003       8.070213e-001       
1.380304e+003       8.172194e-001       
1.385984e+003       8.270558e-001       
1.391664e+003       8.384111e-001       
1.397344e+003       8.450652e-001       
1.403025e+003       8.516469e-001       
1.408705e+003       8.567098e-001       
1.414385e+003       8.604708e-001       
1.420066e+003       8.604708e-001       
1.425746e+003       8.601091e-001       
1.431426e+003       8.562758e-001       
1.437107e+003       8.499834e-001       
1.442787e+003       8.439080e-001       
1.448467e+003       8.339269e-001       
1.454147e+003       8.219929e-001       
1.459828e+003       8.101314e-001       
1.465508e+003       7.950874e-001       
1.471188e+003       7.807667e-001       
1.476869e+003       7.624681e-001       
1.482549e+003       7.440248e-001       
1.488229e+003       7.267387e-001       
1.493910e+003       7.117671e-001       
1.499590e+003       6.956382e-001       
1.505270e+003       6.808112e-001       
1.510950e+003       6.659843e-001       
1.516631e+003       6.536164e-001       
1.522311e+003       6.421164e-001       
1.527991e+003       6.345221e-001       
1.533672e+003       6.262769e-001       
1.539352e+003       6.232392e-001       
1.545032e+003       6.220096e-001       
1.550713e+003       6.225159e-001       
1.556393e+003       6.266385e-001       
1.562073e+003       6.305442e-001       
1.567753e+003       6.376322e-001       
1.573434e+003       6.473963e-001       
1.579114e+003       6.589686e-001       
1.584794e+003       6.725660e-001       
1.590475e+003       6.860188e-001       
1.596155e+003       7.004117e-001       
1.601835e+003       7.157450e-001       
1.607516e+003       7.306443e-001       
1.613196e+003       7.474964e-001       
1.618876e+003       7.631913e-001       
1.624556e+003       7.793202e-001       
1.630237e+003       7.945811e-001       
1.635917e+003       8.056471e-001       
1.641597e+003       8.188106e-001       
1.647278e+003       8.316847e-001       
1.652958e+003       8.397130e-001       
1.658638e+003       8.469456e-001       
1.664318e+003       8.507066e-001       
1.669999e+003       8.541060e-001       
1.675679e+003       8.603261e-001       
1.681359e+003       8.592412e-001       
1.687040e+003       8.596752e-001       
1.692720e+003       8.567098e-001       
1.698400e+003       8.540336e-001       
1.704081e+003       8.475966e-001       
1.709761e+003       8.408702e-001       
1.715441e+003       8.298765e-001       
1.721121e+003       8.178703e-001       
1.726802e+003       8.086125e-001       
1.732482e+003       7.948704e-001       
1.738162e+003       7.833705e-001       
1.743843e+003       7.703517e-001       
1.749523e+003       7.560310e-001       
1.755203e+003       7.407700e-001       
1.760884e+003       7.265217e-001       
1.766564e+003       7.133582e-001       
1.772244e+003       7.013520e-001       
1.777924e+003       6.902137e-001       
1.783605e+003       6.750974e-001       
1.789285e+003       6.660566e-001       
1.794965e+003       6.577390e-001       
1.800646e+003       6.506510e-001       
1.806326e+003       6.458051e-001       
1.812006e+003       6.418995e-001       
1.817687e+003       6.400913e-001       
1.823367e+003       6.374152e-001       
1.829047e+003       6.374875e-001       
1.834727e+003       6.408869e-001       
1.840408e+003       6.460944e-001       
1.846088e+003       6.496384e-001       
1.851768e+003       6.586792e-001       
1.857449e+003       6.658396e-001       
1.863129e+003       6.745188e-001       
1.868809e+003       6.858741e-001       
1.874490e+003       6.968678e-001       
1.880170e+003       7.053300e-001       
1.885850e+003       7.207355e-001       
1.891530e+003       7.341883e-001       
1.897211e+003       7.476411e-001       
1.902891e+003       7.610216e-001       
1.908571e+003       7.750529e-001       
1.914252e+003       7.896629e-001       
1.919932e+003       7.992100e-001       
1.925612e+003       8.113609e-001       
1.931292e+003       8.235118e-001       
1.936973e+003       8.341438e-001       
1.942653e+003       8.420998e-001       
1.948333e+003       8.478859e-001       
1.954014e+003       8.518639e-001       
1.959694e+003       8.548293e-001       
1.965374e+003       8.549739e-001       
1.971055e+003       8.550463e-001       
1.976735e+003       8.528041e-001       
1.982415e+003       8.491155e-001       
1.988095e+003       8.436186e-001       
1.993776e+003       8.373985e-001       
1.999456e+003       8.282854e-001       
2.005136e+003       8.187382e-001       
2.010817e+003       8.094081e-001       
2.016497e+003       7.955937e-001       
2.022177e+003       7.829365e-001       
2.027858e+003       7.713643e-001       
2.033538e+003       7.594303e-001       
2.039218e+003       7.463392e-001       
2.044898e+003       7.342607e-001       
2.050579e+003       7.222545e-001       
2.056259e+003       7.089463e-001       
2.061939e+003       6.995438e-001       
2.067619e+003       6.897798e-001       
2.073299e+003       6.818962e-001       
2.078979e+003       6.736509e-001       
2.084660e+003       6.675031e-001       
2.090340e+003       6.652610e-001       
2.096020e+003       6.599811e-001       
2.101700e+003       6.585346e-001       
2.107380e+003       6.605598e-001       
2.113061e+003       6.633081e-001       
2.118741e+003       6.622956e-001       
2.124421e+003       6.652610e-001       
2.130101e+003       6.677924e-001       
2.135781e+003       6.728553e-001       
2.141461e+003       6.812452e-001       
2.147142e+003       6.859464e-001       
2.152822e+003       6.944087e-001       
2.158502e+003       7.029432e-001       
2.164182e+003       7.114778e-001       
2.169862e+003       7.203016e-001       
2.175542e+003       7.302104e-001       
2.181223e+003       7.428675e-001       
2.186903e+003       7.536442e-001       
2.192583e+003       7.658674e-001       
2.198263e+003       7.751253e-001       
2.203943e+003       7.862636e-001       
2.209624e+003       7.937855e-001       
2.215304e+003       8.067320e-001       
2.220984e+003       8.110716e-001       
2.226664e+003       8.182319e-001       
2.232344e+003       8.222823e-001       
2.238024e+003       8.245967e-001       
2.243705e+003       8.293703e-001       
2.249385e+003       8.311784e-001       
2.255065e+003       8.306721e-001       
2.260745e+003       8.313954e-001       
2.266425e+003       8.287917e-001       
2.272105e+003       8.244520e-001       
2.277786e+003       8.190275e-001       
2.283466e+003       8.155559e-001       
2.289146e+003       8.096251e-001       
2.294826e+003       8.007289e-001       
2.300506e+003       7.935686e-001       
2.306187e+003       7.826473e-001       
2.311867e+003       7.735341e-001       
2.317547e+003       7.629744e-001       
2.323227e+003       7.536442e-001       
2.328907e+003       7.417103e-001       
2.334587e+003       7.309336e-001       
2.340268e+003       7.197953e-001       
2.345948e+003       7.109715e-001       
2.351628e+003       7.038835e-001       
2.357308e+003       6.973017e-001       
2.362988e+003       6.897798e-001       
2.368668e+003       6.807389e-001       
2.374349e+003       6.787861e-001       
2.380029e+003       6.738679e-001       
2.385709e+003       6.693836e-001       
2.391389e+003       6.677924e-001       
2.397069e+003       6.672862e-001       
2.402750e+003       6.685157e-001       
2.408430e+003       6.691666e-001       
2.414110e+003       6.720597e-001       
2.419790e+003       6.753867e-001       
2.425470e+003       6.810282e-001       
2.431150e+003       6.870313e-001       
2.436831e+003       6.945533e-001       
2.442511e+003       7.019306e-001       
2.448191e+003       7.082230e-001       
2.453871e+003       7.170469e-001       
2.459551e+003       7.276790e-001       
2.465231e+003       7.370814e-001       
2.470912e+003       7.491599e-001       
2.476592e+003       7.613832e-001       
2.482272e+003       7.688328e-001       
2.487952e+003       7.785246e-001       
2.493632e+003       7.894459e-001       
2.499313e+003       7.970402e-001       
2.504993e+003       8.047069e-001       
2.510673e+003       8.117949e-001       
2.516353e+003       8.201848e-001       
2.522033e+003       8.258263e-001       
2.527713e+003       8.296596e-001       
2.533394e+003       8.328419e-001       
2.539074e+003       8.342162e-001       
2.544754e+003       8.359520e-001       
2.550434e+003       8.352287e-001       
2.556114e+003       8.333482e-001       
2.561794e+003       8.309615e-001       
2.567475e+003       8.230055e-001       
2.573155e+003       8.171471e-001       
2.578835e+003       8.106377e-001       
2.584515e+003       8.018861e-001       
2.590195e+003       7.917604e-001       
2.595875e+003       7.788863e-001       
2.601556e+003       7.692668e-001       
2.607236e+003       7.590687e-001       
2.612916e+003       7.469901e-001       
2.618596e+003       7.333204e-001       
2.624276e+003       7.216035e-001       
2.629957e+003       7.113331e-001       
2.635637e+003       7.032325e-001       
2.641317e+003       6.950596e-001       
2.646997e+003       6.890565e-001       
2.652677e+003       6.829087e-001       
2.658357e+003       6.789308e-001       
2.664038e+003       6.734339e-001       
2.669718e+003       6.704685e-001       
2.675398e+003       6.678647e-001       
2.681078e+003       6.664182e-001       
2.686758e+003       6.684434e-001       
2.692438e+003       6.693113e-001       
2.698119e+003       6.725660e-001       
2.703799e+003       6.740125e-001       
2.709479e+003       6.777012e-001       
2.715159e+003       6.824024e-001       
2.720839e+003       6.880439e-001       
2.726520e+003       6.953489e-001       
2.732200e+003       7.014967e-001       
2.737880e+003       7.085124e-001       
2.743560e+003       7.179872e-001       
2.749240e+003       7.252921e-001       
2.754920e+003       7.370814e-001       
2.760601e+003       7.452543e-001       
2.766281e+003       7.566819e-001       
2.771961e+003       7.663737e-001       
2.777641e+003       7.758485e-001       
2.783321e+003       7.856126e-001       
2.789001e+003       7.943642e-001       
2.794682e+003       8.022478e-001       
2.800362e+003       8.105654e-001       
2.806042e+003       8.164961e-001       
2.811722e+003       8.239458e-001       
2.817402e+003       8.298765e-001       
2.823083e+003       8.317571e-001       
2.828763e+003       8.347948e-001       
2.834443e+003       8.356627e-001       
2.840123e+003       8.381218e-001       
2.845803e+003       8.354457e-001       
2.851483e+003       8.316847e-001       
2.857164e+003       8.293703e-001       
2.862844e+003       8.253923e-001       
2.868524e+003       8.170024e-001       
2.874204e+003       8.121565e-001       
2.879884e+003       8.024647e-001       
2.885564e+003       7.938579e-001       
2.891245e+003       7.824302e-001       
2.896925e+003       7.736064e-001       
2.902605e+003       7.631913e-001       
