Calculated Z (nm)   Deflection (V)      
Extend Data
0.000000e+000       7.589241e-001       
5.680259e+000       7.672417e-001       
1.136052e+001       7.770057e-001       
1.704078e+001       7.856126e-001       
2.272104e+001       7.937855e-001       
2.840129e+001       8.019584e-001       
3.408155e+001       8.120842e-001       
3.976181e+001       8.151942e-001       
4.544207e+001       8.227162e-001       
5.112233e+001       8.298765e-001       
5.680259e+001       8.321910e-001       
6.248285e+001       8.344331e-001       
6.816311e+001       8.363137e-001       
7.384337e+001       8.369645e-001       
7.952363e+001       8.353010e-001       
8.520389e+001       8.345054e-001       
9.088415e+001       8.307445e-001       
9.656441e+001       8.287917e-001       
1.022447e+002       8.225716e-001       
1.079249e+002       8.159899e-001       
1.136052e+002       8.096974e-001       
1.192854e+002       8.020308e-001       
1.249657e+002       7.951598e-001       
1.306460e+002       7.868422e-001       
1.363262e+002       7.788863e-001       
1.420065e+002       7.710027e-001       
1.476867e+002       7.618895e-001       
1.533670e+002       7.544398e-001       
1.590472e+002       7.440971e-001       
1.647275e+002       7.362858e-001       
1.704077e+002       7.257261e-001       
1.760880e+002       7.189997e-001       
1.817682e+002       7.110438e-001       
1.874485e+002       7.041004e-001       
1.931287e+002       6.971571e-001       
1.988090e+002       6.893458e-001       
2.044892e+002       6.836320e-001       
2.101695e+002       6.812452e-001       
2.158497e+002       6.761100e-001       
2.215300e+002       6.701792e-001       
2.272103e+002       6.702515e-001       
2.328905e+002       6.681541e-001       
2.385708e+002       6.656227e-001       
2.442510e+002       6.638868e-001       
2.499313e+002       6.653333e-001       
2.556115e+002       6.677924e-001       
2.612918e+002       6.722767e-001       
2.669720e+002       6.756760e-001       
2.726523e+002       6.804496e-001       
2.783326e+002       6.852232e-001       
2.840128e+002       6.925281e-001       
2.896931e+002       7.007011e-001       
2.953734e+002       7.095972e-001       
3.010536e+002       7.227607e-001       
3.067339e+002       7.302104e-001       
3.124142e+002       7.426506e-001       
3.180945e+002       7.516190e-001       
3.237747e+002       7.636976e-001       
3.294550e+002       7.741127e-001       
3.351353e+002       7.829365e-001       
3.408155e+002       7.945088e-001       
3.464958e+002       8.033327e-001       
3.521761e+002       8.123012e-001       
3.578563e+002       8.183043e-001       
3.635366e+002       8.251030e-001       
3.692169e+002       8.305275e-001       
3.748971e+002       8.337822e-001       
3.805774e+002       8.360966e-001       
3.862577e+002       8.375432e-001       
3.919379e+002       8.375432e-001       
3.976182e+002       8.359520e-001       
4.032985e+002       8.324803e-001       
4.089787e+002       8.294426e-001       
4.146590e+002       8.222823e-001       
4.203393e+002       8.189552e-001       
4.260195e+002       8.138924e-001       
4.316998e+002       8.069490e-001       
4.373801e+002       7.974018e-001       
4.430603e+002       7.877101e-001       
4.487406e+002       7.778013e-001       
4.544209e+002       7.694114e-001       
4.601011e+002       7.599366e-001       
4.657814e+002       7.485090e-001       
4.714617e+002       7.395405e-001       
4.771419e+002       7.296318e-001       
4.828222e+002       7.201570e-001       
4.885025e+002       7.098866e-001       
4.941827e+002       7.023646e-001       
4.998630e+002       6.971571e-001       
5.055433e+002       6.885502e-001       
5.112235e+002       6.838490e-001       
5.169038e+002       6.795093e-001       
5.225840e+002       6.761100e-001       
5.282643e+002       6.742295e-001       
5.339445e+002       6.703238e-001       
5.396248e+002       6.686603e-001       
5.453050e+002       6.698899e-001       
5.509852e+002       6.727107e-001       
5.566655e+002       6.748081e-001       
5.623457e+002       6.777012e-001       
5.680259e+002       6.813899e-001       
5.737062e+002       6.859464e-001       
5.793864e+002       6.915879e-001       
5.850667e+002       6.974463e-001       
5.907469e+002       7.056193e-001       
5.964271e+002       7.154557e-001       
6.021074e+002       7.235563e-001       
6.077876e+002       7.337544e-001       
6.134678e+002       7.416380e-001       
6.191481e+002       7.531379e-001       
6.248283e+002       7.630467e-001       
6.305085e+002       7.698454e-001       
6.361888e+002       7.785246e-001       
6.418690e+002       7.895182e-001       
6.475493e+002       7.968956e-001       
6.532295e+002       8.052132e-001       
6.589097e+002       8.112163e-001       
6.645900e+002       8.154112e-001       
6.702702e+002       8.213420e-001       
6.759504e+002       8.234395e-001       
6.816307e+002       8.266218e-001       
6.873109e+002       8.312508e-001       
6.929911e+002       8.290086e-001       
6.986714e+002       8.282130e-001       
7.043516e+002       8.293703e-001       
7.100319e+002       8.251030e-001       
7.157121e+002       8.226439e-001       
7.213923e+002       8.180150e-001       
7.270726e+002       8.118672e-001       
7.327528e+002       8.056471e-001       
7.384330e+002       7.983421e-001       
7.441133e+002       7.890843e-001       
7.497935e+002       7.785246e-001       
7.554738e+002       7.708580e-001       
7.611540e+002       7.613832e-001       
7.668342e+002       7.519084e-001       
7.725145e+002       7.409871e-001       
7.781947e+002       7.316569e-001       
7.838749e+002       7.213865e-001       
7.895552e+002       7.116224e-001       
7.952354e+002       7.046067e-001       
8.009156e+002       6.964338e-001       
8.065959e+002       6.887672e-001       
8.122761e+002       6.827641e-001       
8.179564e+002       6.787861e-001       
8.236366e+002       6.702515e-001       
8.293168e+002       6.674308e-001       
8.349971e+002       6.650440e-001       
8.406773e+002       6.635975e-001       
8.463575e+002       6.633805e-001       
8.520378e+002       6.619340e-001       
8.577180e+002       6.635252e-001       
8.633983e+002       6.650440e-001       
8.690785e+002       6.669968e-001       
8.747587e+002       6.715534e-001       
8.804390e+002       6.790031e-001       
8.861192e+002       6.854401e-001       
8.917994e+002       6.941193e-001       
8.974797e+002       7.035941e-001       
9.031599e+002       7.124180e-001       
9.088401e+002       7.231947e-001       
9.145204e+002       7.359965e-001       
9.202006e+002       7.469901e-001       
9.258809e+002       7.563203e-001       
9.315611e+002       7.704240e-001       
9.372413e+002       7.820686e-001       
9.429216e+002       7.939302e-001       
9.486018e+002       8.034050e-001       
9.542820e+002       8.159899e-001       
9.599623e+002       8.258263e-001       
9.656425e+002       8.344331e-001       
9.713228e+002       8.430400e-001       
9.770030e+002       8.477412e-001       
9.826832e+002       8.527318e-001       
9.883635e+002       8.544676e-001       
9.940437e+002       8.561311e-001       
9.997239e+002       8.582286e-001       
1.005404e+003       8.564205e-001       
1.011084e+003       8.545400e-001       
1.016765e+003       8.504897e-001       
1.022445e+003       8.447759e-001       
1.028125e+003       8.384111e-001       
1.033805e+003       8.263326e-001       
1.039486e+003       8.187382e-001       
1.045166e+003       8.086125e-001       
1.050846e+003       7.970402e-001       
1.056527e+003       7.839491e-001       
1.062207e+003       7.729554e-001       
1.067887e+003       7.592857e-001       
1.073568e+003       7.452543e-001       
1.079248e+003       7.333204e-001       
1.084928e+003       7.207355e-001       
1.090608e+003       7.067765e-001       
1.096289e+003       6.971571e-001       
1.101969e+003       6.869590e-001       
1.107649e+003       6.750974e-001       
1.113330e+003       6.657673e-001       
1.119010e+003       6.583899e-001       
1.124690e+003       6.524591e-001       
1.130370e+003       6.450818e-001       
1.136051e+003       6.397297e-001       
1.141731e+003       6.373429e-001       
1.147411e+003       6.364026e-001       
1.153092e+003       6.352454e-001       
1.158772e+003       6.376322e-001       
1.164452e+003       6.416825e-001       
1.170133e+003       6.460221e-001       
1.175813e+003       6.514466e-001       
1.181493e+003       6.565818e-001       
1.187173e+003       6.646824e-001       
1.192854e+003       6.735063e-001       
1.198534e+003       6.865973e-001       
1.204214e+003       6.980973e-001       
1.209895e+003       7.108991e-001       
1.215575e+003       7.237009e-001       
1.221255e+003       7.380217e-001       
1.226936e+003       7.513298e-001       
1.232616e+003       7.655058e-001       
1.238296e+003       7.779460e-001       
1.243976e+003       7.916157e-001       
1.249657e+003       8.020308e-001       
1.255337e+003       8.143986e-001       
1.261017e+003       8.245967e-001       
1.266698e+003       8.352287e-001       
1.272378e+003       8.423891e-001       
1.278058e+003       8.499110e-001       
1.283739e+003       8.560588e-001       
1.289419e+003       8.614833e-001       
1.295099e+003       8.653166e-001       
1.300779e+003       8.650273e-001       
1.306460e+003       8.638701e-001       
1.312140e+003       8.616280e-001       
1.317820e+003       8.572161e-001       
1.323501e+003       8.506343e-001       
1.329181e+003       8.467287e-001       
1.334861e+003       8.394960e-001       
1.340542e+003       8.281407e-001       
1.346222e+003       8.163515e-001       
1.351902e+003       8.027540e-001       
1.357582e+003       7.890120e-001       
1.363263e+003       7.751253e-001       
1.368943e+003       7.616725e-001       
1.374623e+003       7.463392e-001       
1.380304e+003       7.325972e-001       
1.385984e+003       7.171916e-001       
1.391664e+003       7.010627e-001       
1.397344e+003       6.858017e-001       
1.403025e+003       6.709025e-001       
1.408705e+003       6.610661e-001       
1.414385e+003       6.505787e-001       
1.420066e+003       6.418995e-001       
1.425746e+003       6.348838e-001       
1.431426e+003       6.265662e-001       
1.437107e+003       6.217926e-001       
1.442787e+003       6.207078e-001       
1.448467e+003       6.219373e-001       
1.454147e+003       6.246134e-001       
1.459828e+003       6.307611e-001       
1.465508e+003       6.354624e-001       
1.471188e+003       6.444309e-001       
1.476869e+003       6.545566e-001       
1.482549e+003       6.667799e-001       
1.488229e+003       6.797987e-001       
1.493910e+003       6.965784e-001       
1.499590e+003       7.118394e-001       
1.505270e+003       7.264494e-001       
1.510950e+003       7.446757e-001       
1.516631e+003       7.594303e-001       
1.522311e+003       7.757038e-001       
1.527991e+003       7.917604e-001       
1.533672e+003       8.062257e-001       
1.539352e+003       8.191722e-001       
1.545032e+003       8.301659e-001       
1.550713e+003       8.401470e-001       
1.556393e+003       8.477412e-001       
1.562073e+003       8.543230e-001       
1.567753e+003       8.586626e-001       
1.573434e+003       8.593135e-001       
1.579114e+003       8.590965e-001       
1.584794e+003       8.575054e-001       
1.590475e+003       8.551909e-001       
1.596155e+003       8.486815e-001       
1.601835e+003       8.433293e-001       
1.607516e+003       8.361690e-001       
1.613196e+003       8.282854e-001       
1.618876e+003       8.156282e-001       
1.624556e+003       8.035496e-001       
1.630237e+003       7.905309e-001       
1.635917e+003       7.791032e-001       
1.641597e+003       7.678202e-001       
1.647278e+003       7.532826e-001       
1.652958e+003       7.393959e-001       
1.658638e+003       7.242796e-001       
1.664318e+003       7.122734e-001       
1.669999e+003       6.991822e-001       
1.675679e+003       6.870313e-001       
1.681359e+003       6.720597e-001       
1.687040e+003       6.625849e-001       
1.692720e+003       6.509403e-001       
1.698400e+003       6.411762e-001       
1.704081e+003       6.335819e-001       
1.709761e+003       6.263492e-001       
1.715441e+003       6.215757e-001       
1.721121e+003       6.194059e-001       
1.726802e+003       6.204184e-001       
1.732482e+003       6.243241e-001       
1.738162e+003       6.285190e-001       
1.743843e+003       6.362580e-001       
1.749523e+003       6.464561e-001       
1.755203e+003       6.573051e-001       
1.760884e+003       6.729999e-001       
1.766564e+003       6.854401e-001       
1.772244e+003       7.029432e-001       
1.777924e+003       7.211695e-001       
1.783605e+003       7.640592e-001       
1.789285e+003       1.047435e+000       
1.794965e+003       1.317214e+000       
1.800646e+003       1.570430e+000       
1.806326e+003       1.718627e+000       
1.812006e+003       1.985657e+000       
1.817687e+003       2.262307e+000       
1.823367e+003       2.369784e+000       
1.829047e+003       2.369784e+000       
1.834727e+003       2.369784e+000       
1.840408e+003       2.369784e+000       
1.846088e+003       2.369784e+000       
1.851768e+003       2.369784e+000       
1.857449e+003       2.369784e+000       
1.863129e+003       2.369784e+000       
1.868809e+003       2.369784e+000       
1.874490e+003       2.369784e+000       
1.880170e+003       2.369784e+000       
1.885850e+003       2.369784e+000       
1.891530e+003       2.369784e+000       
1.897211e+003       2.369784e+000       
1.902891e+003       2.369784e+000       
1.908571e+003       2.369784e+000       
1.914252e+003       2.369784e+000       
1.919932e+003       2.369784e+000       
1.925612e+003       2.369784e+000       
1.931292e+003       2.369784e+000       
1.936973e+003       2.369784e+000       
1.942653e+003       2.369784e+000       
1.948333e+003       2.369784e+000       
1.954014e+003       2.369784e+000       
1.959694e+003       2.369784e+000       
1.965374e+003       2.369784e+000       
1.971055e+003       2.369784e+000       
1.976735e+003       2.369784e+000       
1.982415e+003       2.369784e+000       
1.988095e+003       2.369784e+000       
1.993776e+003       2.369784e+000       
1.999456e+003       2.369784e+000       
2.005136e+003       2.369784e+000       
2.010817e+003       2.369784e+000       
2.016497e+003       2.369784e+000       
2.022177e+003       2.369784e+000       
2.027858e+003       2.369784e+000       
2.033538e+003       2.369784e+000       
2.039218e+003       2.369784e+000       
2.044898e+003       2.369784e+000       
2.050579e+003       2.369784e+000       
2.056259e+003       2.369784e+000       
2.061939e+003       2.369784e+000       
2.067619e+003       2.369784e+000       
2.073299e+003       2.369784e+000       
2.078979e+003       2.369784e+000       
2.084660e+003       2.369784e+000       
2.090340e+003       2.369784e+000       
2.096020e+003       2.369784e+000       
2.101700e+003       2.369784e+000       
2.107380e+003       2.369784e+000       
2.113061e+003       2.369784e+000       
2.118741e+003       2.369784e+000       
2.124421e+003       2.369784e+000       
2.130101e+003       2.369784e+000       
2.135781e+003       2.369784e+000       
2.141461e+003       2.369784e+000       
2.147142e+003       2.369784e+000       
2.152822e+003       2.369784e+000       
2.158502e+003       2.369784e+000       
2.164182e+003       2.369784e+000       
2.169862e+003       2.369784e+000       
2.175542e+003       2.369784e+000       
2.181223e+003       2.369784e+000       
2.186903e+003       2.369784e+000       
2.192583e+003       2.369784e+000       
2.198263e+003       2.369784e+000       
2.203943e+003       2.369784e+000       
2.209624e+003       2.369784e+000       
2.215304e+003       2.369784e+000       
2.220984e+003       2.369784e+000       
2.226664e+003       2.369784e+000       
2.232344e+003       2.369784e+000       
2.238024e+003       2.369784e+000       
2.243705e+003       2.369784e+000       
2.249385e+003       2.369784e+000       
2.255065e+003       2.369784e+000       
2.260745e+003       2.369784e+000       
2.266425e+003       2.369784e+000       
2.272105e+003       2.369784e+000       
2.277786e+003       2.369784e+000       
2.283466e+003       2.369784e+000       
2.289146e+003       2.369784e+000       
2.294826e+003       2.369784e+000       
2.300506e+003       2.369784e+000       
2.306187e+003       2.369784e+000       
2.311867e+003       2.369784e+000       
2.317547e+003       2.369784e+000       
2.323227e+003       2.369784e+000       
2.328907e+003       2.369784e+000       
2.334587e+003       2.369784e+000       
2.340268e+003       2.369784e+000       
2.345948e+003       2.369784e+000       
2.351628e+003       2.369784e+000       
2.357308e+003       2.369784e+000       
2.362988e+003       2.369784e+000       
2.368668e+003       2.369784e+000       
2.374349e+003       2.369784e+000       
2.380029e+003       2.369784e+000       
2.385709e+003       2.369784e+000       
2.391389e+003       2.369784e+000       
2.397069e+003       2.369784e+000       
2.402750e+003       2.369784e+000       
2.408430e+003       2.369784e+000       
2.414110e+003       2.369784e+000       
2.419790e+003       2.369784e+000       
2.425470e+003       2.369784e+000       
2.431150e+003       2.369784e+000       
2.436831e+003       2.369784e+000       
2.442511e+003       2.369784e+000       
2.448191e+003       2.369784e+000       
2.453871e+003       2.369784e+000       
2.459551e+003       2.369784e+000       
2.465231e+003       2.369784e+000       
2.470912e+003       2.369784e+000       
2.476592e+003       2.369784e+000       
2.482272e+003       2.369784e+000       
2.487952e+003       2.369784e+000       
2.493632e+003       2.369784e+000       
2.499313e+003       2.369784e+000       
2.504993e+003       2.369784e+000       
2.510673e+003       2.369784e+000       
2.516353e+003       2.369784e+000       
2.522033e+003       2.369784e+000       
2.527713e+003       2.369784e+000       
2.533394e+003       2.369784e+000       
2.539074e+003       2.369784e+000       
2.544754e+003       2.369784e+000       
2.550434e+003       2.369784e+000       
2.556114e+003       2.369784e+000       
2.561794e+003       2.369784e+000       
2.567475e+003       2.369784e+000       
2.573155e+003       2.369784e+000       
2.578835e+003       2.369784e+000       
2.584515e+003       2.369784e+000       
2.590195e+003       2.369784e+000       
2.595875e+003       2.369784e+000       
2.601556e+003       2.369784e+000       
2.607236e+003       2.369784e+000       
2.612916e+003       2.369784e+000       
2.618596e+003       2.369784e+000       
2.624276e+003       2.369784e+000       
2.629957e+003       2.369784e+000       
2.635637e+003       2.369784e+000       
2.641317e+003       2.369784e+000       
2.646997e+003       2.369784e+000       
2.652677e+003       2.369784e+000       
2.658357e+003       2.369784e+000       
2.664038e+003       2.369784e+000       
2.669718e+003       2.369784e+000       
2.675398e+003       2.369784e+000       
2.681078e+003       2.369784e+000       
2.686758e+003       2.369784e+000       
2.692438e+003       2.369784e+000       
2.698119e+003       2.369784e+000       
2.703799e+003       2.369784e+000       
2.709479e+003       2.369784e+000       
2.715159e+003       2.369784e+000       
2.720839e+003       2.369784e+000       
2.726520e+003       2.369784e+000       
2.732200e+003       2.369784e+000       
2.737880e+003       2.369784e+000       
2.743560e+003       2.369784e+000       
2.749240e+003       2.369784e+000       
2.754920e+003       2.369784e+000       
2.760601e+003       2.369784e+000       
2.766281e+003       2.369784e+000       
2.771961e+003       2.369784e+000       
2.777641e+003       2.369784e+000       
2.783321e+003       2.369784e+000       
2.789001e+003       2.369784e+000       
2.794682e+003       2.369784e+000       
2.800362e+003       2.369784e+000       
2.806042e+003       2.369784e+000       
2.811722e+003       2.369784e+000       
2.817402e+003       2.369784e+000       
2.823083e+003       2.369784e+000       
2.828763e+003       2.369784e+000       
2.834443e+003       2.369784e+000       
2.840123e+003       2.369784e+000       
2.845803e+003       2.369784e+000       
2.851483e+003       2.369784e+000       
2.857164e+003       2.369784e+000       
2.862844e+003       2.369784e+000       
2.868524e+003       2.369784e+000       
2.874204e+003       2.369784e+000       
2.879884e+003       2.369784e+000       
2.885564e+003       2.369784e+000       
2.891245e+003       2.369784e+000       
2.896925e+003       2.369784e+000       
2.902605e+003       2.369784e+000       

Retract Data
0.000000e+000       2.369784e+000       
5.680259e+000       2.369784e+000       
1.136052e+001       2.369784e+000       
1.704078e+001       2.369784e+000       
2.272104e+001       2.369784e+000       
2.840129e+001       2.369784e+000       
3.408155e+001       2.369784e+000       
3.976181e+001       2.369784e+000       
4.544207e+001       2.369784e+000       
5.112233e+001       2.369784e+000       
5.680259e+001       2.369784e+000       
6.248285e+001       2.369784e+000       
6.816311e+001       2.369784e+000       
7.384337e+001       2.369784e+000       
7.952363e+001       2.369784e+000       
8.520389e+001       2.369784e+000       
9.088415e+001       2.369784e+000       
9.656441e+001       2.369784e+000       
1.022447e+002       2.369784e+000       
1.079249e+002       2.369784e+000       
1.136052e+002       2.369784e+000       
1.192854e+002       2.369784e+000       
1.249657e+002       2.369784e+000       
1.306460e+002       2.369784e+000       
1.363262e+002       2.369784e+000       
1.420065e+002       2.369784e+000       
1.476867e+002       2.369784e+000       
1.533670e+002       2.369784e+000       
1.590472e+002       2.369784e+000       
1.647275e+002       2.369784e+000       
1.704077e+002       2.369784e+000       
1.760880e+002       2.369784e+000       
1.817682e+002       2.369784e+000       
1.874485e+002       2.369784e+000       
1.931287e+002       2.369784e+000       
1.988090e+002       2.369784e+000       
2.044892e+002       2.369784e+000       
2.101695e+002       2.369784e+000       
2.158497e+002       2.369784e+000       
2.215300e+002       2.369784e+000       
2.272103e+002       2.369784e+000       
2.328905e+002       2.369784e+000       
2.385708e+002       2.369784e+000       
2.442510e+002       2.369784e+000       
2.499313e+002       2.369784e+000       
2.556115e+002       2.369784e+000       
2.612918e+002       2.369784e+000       
2.669720e+002       2.369784e+000       
2.726523e+002       2.369784e+000       
2.783326e+002       2.369784e+000       
2.840128e+002       2.369784e+000       
2.896931e+002       2.369784e+000       
2.953734e+002       2.369784e+000       
3.010536e+002       2.369784e+000       
3.067339e+002       2.369784e+000       
3.124142e+002       2.369784e+000       
3.180945e+002       2.369784e+000       
3.237747e+002       2.369784e+000       
3.294550e+002       2.369784e+000       
3.351353e+002       2.369784e+000       
3.408155e+002       2.369784e+000       
3.464958e+002       2.369784e+000       
3.521761e+002       2.369784e+000       
3.578563e+002       2.369784e+000       
3.635366e+002       2.369784e+000       
3.692169e+002       2.369784e+000       
3.748971e+002       2.369784e+000       
3.805774e+002       2.369784e+000       
3.862577e+002       2.369784e+000       
3.919379e+002       2.369784e+000       
3.976182e+002       2.369784e+000       
4.032985e+002       2.369784e+000       
4.089787e+002       2.369784e+000       
4.146590e+002       2.369784e+000       
4.203393e+002       2.369784e+000       
4.260195e+002       2.369784e+000       
4.316998e+002       2.369784e+000       
4.373801e+002       2.369784e+000       
4.430603e+002       2.369784e+000       
4.487406e+002       2.369784e+000       
4.544209e+002       2.369784e+000       
4.601011e+002       2.369784e+000       
4.657814e+002       2.369784e+000       
4.714617e+002       2.369784e+000       
4.771419e+002       2.369784e+000       
4.828222e+002       2.369784e+000       
4.885025e+002       2.369784e+000       
4.941827e+002       2.369784e+000       
4.998630e+002       2.369784e+000       
5.055433e+002       2.369784e+000       
5.112235e+002       2.369784e+000       
5.169038e+002       2.369784e+000       
5.225840e+002       2.369784e+000       
5.282643e+002       2.369784e+000       
5.339445e+002       2.369784e+000       
5.396248e+002       2.369784e+000       
5.453050e+002       2.369784e+000       
5.509852e+002       2.369784e+000       
5.566655e+002       2.369784e+000       
5.623457e+002       2.369784e+000       
5.680259e+002       2.369784e+000       
5.737062e+002       2.369784e+000       
5.793864e+002       2.369784e+000       
5.850667e+002       2.369784e+000       
5.907469e+002       2.369784e+000       
5.964271e+002       2.369784e+000       
6.021074e+002       2.369784e+000       
6.077876e+002       2.369784e+000       
6.134678e+002       2.369784e+000       
6.191481e+002       2.369784e+000       
6.248283e+002       2.369784e+000       
6.305085e+002       2.369784e+000       
6.361888e+002       2.369784e+000       
6.418690e+002       2.369784e+000       
6.475493e+002       2.369784e+000       
6.532295e+002       2.369784e+000       
6.589097e+002       2.369784e+000       
6.645900e+002       2.369784e+000       
6.702702e+002       2.369784e+000       
6.759504e+002       2.369784e+000       
6.816307e+002       2.369784e+000       
6.873109e+002       2.369784e+000       
6.929911e+002       2.369784e+000       
6.986714e+002       2.369784e+000       
7.043516e+002       2.369784e+000       
7.100319e+002       2.369784e+000       
7.157121e+002       2.369784e+000       
7.213923e+002       2.369784e+000       
7.270726e+002       2.369784e+000       
7.327528e+002       2.369784e+000       
7.384330e+002       2.369784e+000       
7.441133e+002       2.369784e+000       
7.497935e+002       2.369784e+000       
7.554738e+002       2.369784e+000       
7.611540e+002       2.369784e+000       
7.668342e+002       2.369784e+000       
7.725145e+002       2.369784e+000       
7.781947e+002       2.369784e+000       
7.838749e+002       2.369784e+000       
7.895552e+002       2.369784e+000       
7.952354e+002       2.369784e+000       
8.009156e+002       2.369784e+000       
8.065959e+002       2.369784e+000       
8.122761e+002       2.369784e+000       
8.179564e+002       2.369784e+000       
8.236366e+002       2.369784e+000       
8.293168e+002       2.369784e+000       
8.349971e+002       2.369784e+000       
8.406773e+002       2.369784e+000       
8.463575e+002       2.369784e+000       
8.520378e+002       2.369784e+000       
8.577180e+002       2.369784e+000       
8.633983e+002       2.369784e+000       
8.690785e+002       2.369784e+000       
8.747587e+002       2.369784e+000       
8.804390e+002       2.369784e+000       
8.861192e+002       2.369784e+000       
8.917994e+002       2.369784e+000       
8.974797e+002       2.369784e+000       
9.031599e+002       2.369784e+000       
9.088401e+002       2.369784e+000       
9.145204e+002       2.369784e+000       
9.202006e+002       2.369784e+000       
9.258809e+002       2.369784e+000       
9.315611e+002       2.369784e+000       
9.372413e+002       2.369784e+000       
9.429216e+002       2.369784e+000       
9.486018e+002       2.369784e+000       
9.542820e+002       2.369784e+000       
9.599623e+002       2.369784e+000       
9.656425e+002       2.369784e+000       
9.713228e+002       2.369784e+000       
9.770030e+002       2.369784e+000       
9.826832e+002       2.369784e+000       
9.883635e+002       2.369784e+000       
9.940437e+002       2.369784e+000       
9.997239e+002       2.369784e+000       
1.005404e+003       2.369784e+000       
1.011084e+003       2.369784e+000       
1.016765e+003       2.369784e+000       
1.022445e+003       2.369784e+000       
1.028125e+003       2.369784e+000       
1.033805e+003       2.369784e+000       
1.039486e+003       2.369784e+000       
1.045166e+003       2.369784e+000       
1.050846e+003       2.369784e+000       
1.056527e+003       2.369784e+000       
1.062207e+003       2.369784e+000       
1.067887e+003       2.369784e+000       
1.073568e+003       2.369784e+000       
1.079248e+003       2.369784e+000       
1.084928e+003       2.369784e+000       
1.090608e+003       2.369784e+000       
1.096289e+003       2.369784e+000       
1.101969e+003       2.369784e+000       
1.107649e+003       2.369784e+000       
1.113330e+003       2.369784e+000       
1.119010e+003       2.369784e+000       
1.124690e+003       2.369784e+000       
1.130370e+003       2.369784e+000       
1.136051e+003       2.369784e+000       
1.141731e+003       2.369784e+000       
1.147411e+003       2.369784e+000       
1.153092e+003       2.369784e+000       
1.158772e+003       2.369784e+000       
1.164452e+003       2.369784e+000       
1.170133e+003       2.369784e+000       
1.175813e+003       2.369784e+000       
1.181493e+003       2.317275e+000       
1.187173e+003       2.071075e+000       
1.192854e+003       1.778441e+000       
1.198534e+003       1.478792e+000       
1.204214e+003       1.185073e+000       
1.209895e+003       8.864360e-001       
1.215575e+003       5.898243e-001       
1.221255e+003       2.878603e-001       
1.226936e+003       -4.050295e-003      
1.232616e+003       -2.833760e-001      
1.238296e+003       -2.697786e-002      
1.243976e+003       6.818962e-001       
1.249657e+003       6.629465e-001       
1.255337e+003       6.519529e-001       
1.261017e+003       6.394404e-001       
1.266698e+003       6.335096e-001       
1.272378e+003       6.262769e-001       
1.278058e+003       6.229499e-001       
1.283739e+003       6.231669e-001       
1.289419e+003       6.253366e-001       
1.295099e+003       6.316290e-001       
1.300779e+003       6.392234e-001       
1.306460e+003       6.492768e-001       
1.312140e+003       6.578836e-001       
1.317820e+003       6.686603e-001       
1.323501e+003       6.781352e-001       
1.329181e+003       6.926728e-001       
1.334861e+003       7.052577e-001       
1.340542e+003       7.202293e-001       
1.346222e+003       7.353455e-001       
1.351902e+003       7.517637e-001       
1.357582e+003       7.652888e-001       
1.363263e+003       7.783076e-001       
1.368943e+003       7.902415e-001       
1.374623e+003       8.037666e-001       
1.380304e+003       8.133861e-001       
1.385984e+003       8.268389e-001       
1.391664e+003       8.329143e-001       
1.397344e+003       8.432570e-001       
1.403025e+003       8.497664e-001       
1.408705e+003       8.559865e-001       
1.414385e+003       8.613387e-001       
1.420066e+003       8.609047e-001       
1.425746e+003       8.585179e-001       
1.431426e+003       8.570714e-001       
1.437107e+003       8.534551e-001       
1.442787e+003       8.460054e-001       
1.448467e+003       8.368922e-001       
1.454147e+003       8.277068e-001       
1.459828e+003       8.143986e-001       
1.465508e+003       8.006566e-001       
1.471188e+003       7.866252e-001       
1.476869e+003       7.720152e-001       
1.482549e+003       7.540781e-001       
1.488229e+003       7.358518e-001       
1.493910e+003       7.172639e-001       
1.499590e+003       7.012073e-001       
1.505270e+003       6.863081e-001       
1.510950e+003       6.703238e-001       
1.516631e+003       6.595472e-001       
1.522311e+003       6.471793e-001       
1.527991e+003       6.383554e-001       
1.533672e+003       6.317737e-001       
1.539352e+003       6.275064e-001       
1.545032e+003       6.236731e-001       
1.550713e+003       6.228052e-001       
1.556393e+003       6.268555e-001       
1.562073e+003       6.311951e-001       
1.567753e+003       6.379215e-001       
1.573434e+003       6.481919e-001       
1.579114e+003       6.562201e-001       
1.584794e+003       6.696006e-001       
1.590475e+003       6.821131e-001       
1.596155e+003       6.958552e-001       
1.601835e+003       7.132859e-001       
1.607516e+003       7.267387e-001       
1.613196e+003       7.415656e-001       
1.618876e+003       7.602260e-001       
1.624556e+003       7.749082e-001       
1.630237e+003       7.888673e-001       
1.635917e+003       8.018861e-001       
1.641597e+003       8.143986e-001       
1.647278e+003       8.272728e-001       
1.652958e+003       8.373985e-001       
1.658638e+003       8.454991e-001       
1.664318e+003       8.519362e-001       
1.669999e+003       8.580117e-001       
1.675679e+003       8.611940e-001       
1.681359e+003       8.637255e-001       
1.687040e+003       8.622789e-001       
1.692720e+003       8.603261e-001       
1.698400e+003       8.563482e-001       
1.704081e+003       8.513576e-001       
1.709761e+003       8.436186e-001       
1.715441e+003       8.347225e-001       
1.721121e+003       8.251753e-001       
1.726802e+003       8.147603e-001       
1.732482e+003       8.010182e-001       
1.738162e+003       7.879994e-001       
1.743843e+003       7.763548e-001       
1.749523e+003       7.610216e-001       
1.755203e+003       7.472072e-001       
1.760884e+003       7.320909e-001       
1.766564e+003       7.208802e-001       
1.772244e+003       7.080061e-001       
1.777924e+003       6.954212e-001       
1.783605e+003       6.821854e-001       
1.789285e+003       6.718427e-001       
1.794965e+003       6.652610e-001       
1.800646e+003       6.569434e-001       
1.806326e+003       6.486982e-001       
1.812006e+003       6.468177e-001       
1.817687e+003       6.422611e-001       
1.823367e+003       6.420441e-001       
1.829047e+003       6.409592e-001       
1.834727e+003       6.405253e-001       
1.840408e+003       6.437799e-001       
1.846088e+003       6.478302e-001       
1.851768e+003       6.549906e-001       
1.857449e+003       6.631635e-001       
1.863129e+003       6.705408e-001       
1.868809e+003       6.825471e-001       
1.874490e+003       6.924558e-001       
1.880170e+003       7.031602e-001       
1.885850e+003       7.150941e-001       
1.891530e+003       7.302827e-001       
1.897211e+003       7.440248e-001       
1.902891e+003       7.578391e-001       
1.908571e+003       7.723768e-001       
1.914252e+003       7.833705e-001       
1.919932e+003       7.979805e-001       
1.925612e+003       8.088295e-001       
1.931292e+003       8.206910e-001       
1.936973e+003       8.319740e-001       
1.942653e+003       8.411595e-001       
1.948333e+003       8.485368e-001       
1.954014e+003       8.521532e-001       
1.959694e+003       8.542507e-001       
1.965374e+003       8.577946e-001       
1.971055e+003       8.557695e-001       
1.976735e+003       8.575054e-001       
1.982415e+003       8.537444e-001       
1.988095e+003       8.478136e-001       
1.993776e+003       8.417382e-001       
1.999456e+003       8.335652e-001       
2.005136e+003       8.240181e-001       
2.010817e+003       8.135307e-001       
2.016497e+003       8.030434e-001       
2.022177e+003       7.916157e-001       
2.027858e+003       7.807667e-001       
2.033538e+003       7.676756e-001       
2.039218e+003       7.579838e-001       
2.044898e+003       7.433738e-001       
2.050579e+003       7.318016e-001       
2.056259e+003       7.181318e-001       
2.061939e+003       7.082230e-001       
2.067619e+003       6.951319e-001       
2.073299e+003       6.886225e-001       
2.078979e+003       6.831257e-001       
2.084660e+003       6.743742e-001       
2.090340e+003       6.698899e-001       
2.096020e+003       6.655503e-001       
2.101700e+003       6.638868e-001       
2.107380e+003       6.622956e-001       
2.113061e+003       6.617893e-001       
2.118741e+003       6.618617e-001       
2.124421e+003       6.662012e-001       
2.130101e+003       6.710472e-001       
2.135781e+003       6.745188e-001       
2.141461e+003       6.786414e-001       
2.147142e+003       6.874653e-001       
2.152822e+003       6.931791e-001       
2.158502e+003       7.038111e-001       
2.164182e+003       7.117671e-001       
2.169862e+003       7.184935e-001       
2.175542e+003       7.319462e-001       
2.181223e+003       7.411317e-001       
2.186903e+003       7.527763e-001       
2.192583e+003       7.635530e-001       
2.198263e+003       7.735341e-001       
2.203943e+003       7.823579e-001       
2.209624e+003       7.925560e-001       
2.215304e+003       8.028263e-001       
2.220984e+003       8.081062e-001       
2.226664e+003       8.136754e-001       
2.232344e+003       8.211250e-001       
2.238024e+003       8.230779e-001       
2.243705e+003       8.280684e-001       
2.249385e+003       8.279237e-001       
2.255065e+003       8.299489e-001       
2.260745e+003       8.318294e-001       
2.266425e+003       8.297319e-001       
2.272105e+003       8.268389e-001       
2.277786e+003       8.209081e-001       
2.283466e+003       8.179427e-001       
2.289146e+003       8.103483e-001       
2.294826e+003       8.033327e-001       
2.300506e+003       7.974742e-001       
2.306187e+003       7.883610e-001       
2.311867e+003       7.783800e-001       
2.317547e+003       7.692668e-001       
2.323227e+003       7.581285e-001       
2.328907e+003       7.480751e-001       
2.334587e+003       7.406254e-001       
2.340268e+003       7.299934e-001       
2.345948e+003       7.189274e-001       
2.351628e+003       7.087293e-001       
2.357308e+003       7.007734e-001       
2.362988e+003       6.923835e-001       
2.368668e+003       6.849338e-001       
2.374349e+003       6.811005e-001       
2.380029e+003       6.772672e-001       
2.385709e+003       6.727107e-001       
2.391389e+003       6.698899e-001       
2.397069e+003       6.679371e-001       
2.402750e+003       6.688773e-001       
2.408430e+003       6.690943e-001       
2.414110e+003       6.733616e-001       
2.419790e+003       6.734339e-001       
2.425470e+003       6.787137e-001       
2.431150e+003       6.866697e-001       
2.436831e+003       6.915879e-001       
2.442511e+003       6.967954e-001       
2.448191e+003       7.065595e-001       
2.453871e+003       7.163960e-001       
2.459551e+003       7.232670e-001       
2.465231e+003       7.341160e-001       
2.470912e+003       7.430845e-001       
2.476592e+003       7.548015e-001       
2.482272e+003       7.655782e-001       
2.487952e+003       7.752699e-001       
2.493632e+003       7.864082e-001       
2.499313e+003       7.945088e-001       
2.504993e+003       8.010905e-001       
2.510673e+003       8.108546e-001       
2.516353e+003       8.185936e-001       
2.522033e+003       8.232225e-001       
2.527713e+003       8.278514e-001       
2.533394e+003       8.304552e-001       
2.539074e+003       8.337099e-001       
2.544754e+003       8.359520e-001       
2.550434e+003       8.339269e-001       
2.556114e+003       8.312508e-001       
2.561794e+003       8.292256e-001       
2.567475e+003       8.248137e-001       
2.573155e+003       8.197508e-001       
2.578835e+003       8.119395e-001       
2.584515e+003       8.039113e-001       
2.590195e+003       7.947981e-001       
2.595875e+003       7.832981e-001       
2.601556e+003       7.738234e-001       
2.607236e+003       7.634083e-001       
2.612916e+003       7.524870e-001       
2.618596e+003       7.406977e-001       
2.624276e+003       7.291978e-001       
2.629957e+003       7.174808e-001       
2.635637e+003       7.080784e-001       
2.641317e+003       6.998332e-001       
2.646997e+003       6.916602e-001       
2.652677e+003       6.838490e-001       
2.658357e+003       6.791477e-001       
2.664038e+003       6.753144e-001       
2.669718e+003       6.716981e-001       
2.675398e+003       6.690220e-001       
2.681078e+003       6.654056e-001       
2.686758e+003       6.655503e-001       
2.692438e+003       6.678647e-001       
2.698119e+003       6.681541e-001       
2.703799e+003       6.711918e-001       
2.709479e+003       6.759654e-001       
2.715159e+003       6.772672e-001       
2.720839e+003       6.850062e-001       
2.726520e+003       6.907200e-001       
2.732200e+003       6.961445e-001       
2.737880e+003       7.038835e-001       
2.743560e+003       7.120563e-001       
2.749240e+003       7.215312e-001       
2.754920e+003       7.277513e-001       
2.760601e+003       7.414210e-001       
2.766281e+003       7.505342e-001       
2.771961e+003       7.593580e-001       
2.777641e+003       7.678202e-001       
2.783321e+003       7.801881e-001       
2.789001e+003       7.890120e-001       
2.794682e+003       7.970402e-001       
2.800362e+003       8.052855e-001       
2.806042e+003       8.122289e-001       
2.811722e+003       8.203294e-001       
2.817402e+003       8.253200e-001       
2.823083e+003       8.308891e-001       
2.828763e+003       8.327696e-001       
2.834443e+003       8.363137e-001       
2.840123e+003       8.384835e-001       
2.845803e+003       8.363860e-001       
2.851483e+003       8.331313e-001       
2.857164e+003       8.299489e-001       
2.862844e+003       8.252476e-001       
2.868524e+003       8.211250e-001       
2.874204e+003       8.141817e-001       
2.879884e+003       8.046345e-001       
2.885564e+003       7.971126e-001       
2.891245e+003       7.863359e-001       
2.896925e+003       7.775844e-001       
2.902605e+003       7.667354e-001       
